,time,spline,prediction,target
0,0.002200155,-9146.342,-9146.342,-9146.342
1,0.002201775,-4183.5044,-4183.5044,-11475.397
2,0.002203375,-2919.845,-2919.845,-7491.9043
3,0.002204949,-3836.811,-3836.811,-3836.811
4,0.002206508,-5536.8735,-5536.8735,-2844.3499
5,0.002208068,-6722.966,-6722.966,-4000.0686
6,0.002209623,-6099.74,-6099.74,-6099.74
7,0.002211204,-2917.3376,-2917.3376,-2486.936
8,0.00221282,1120.7178,1120.7178,2382.5798
9,0.002214458,3394.8452,3394.8452,3394.8452
10,0.002216076,2106.3499,2106.3499,-2488.842
11,0.002217673,-848.3731,-848.3731,-4251.3574
12,0.002219273,-2873.4204,-2873.4204,-2873.4204
13,0.002220819,-2153.8489,-2153.8489,-330.2406
14,0.002222301,153.46663,153.46663,2080.7515
15,0.002223799,2632.2983,2632.2983,2632.2983
16,0.002225364,4222.9106,4222.9106,2579.5486
17,0.002226984,5281.154,5281.154,4645.58
18,0.002228608,6686.939,4816.675,6686.939
19,0.002230227,9009.39,9009.39,8388.86
20,0.002231839,11315.397,11315.397,12167.438
21,0.002233395,12326.729,12326.729,12326.729
22,0.002234932,11360.315,11360.315,8276.438
23,0.002236484,9054.274,9054.274,4856.689
24,0.002238046,6414.9785,6414.9785,6414.9785
25,0.002239638,4195.066,4195.066,6908.517
26,0.002241233,2153.192,2153.192,2973.728
27,0.002242733,-109.85777,697.7704,-109.85777
28,0.002244212,-2936.9924,-2936.9924,-4252.186
29,0.002245712,-5842.2065,-5842.2065,-6842.4746
30,0.002247214,-8006.0376,-8006.0376,-8006.0376
31,0.002248717,-8868.707,-8868.707,-6485.053
32,0.00225024,-8798.757,-8798.757,-8797.982
33,0.002251766,-8407.256,-8407.256,-8407.256
34,0.002253252,-8146.299,-8146.299,-9014.115
35,0.002254744,-7711.645,-7711.645,-10340.037
36,0.002256243,-6623.0376,-6091.4116,-6623.0376
37,0.002257732,-4633.107,-4633.107,-3027.6235
38,0.002259221,-2329.335,-2329.335,-2181.2483
39,0.002260697,-527.85,-527.85,-527.85
40,0.002262179,217.94269,217.94269,1313.3141
41,0.00226369,159.9264,159.9264,1925.8141
42,0.002265247,-231.80307,-231.80307,-231.80307
43,0.002266825,-545.72205,-545.72205,-4400.178
44,0.002268403,-881.23083,-881.23083,-1434.4984
45,0.002269936,-1455.3344,-1391.7954,-1455.3344
46,0.002271426,-2340.971,-2340.971,-3526.1467
47,0.002272961,-3182.5266,-3182.5266,-3854.5999
48,0.002274543,-3398.3655,-3398.3655,-3398.3655
49,0.00227614,-2606.055,-2606.055,-3861.7954
50,0.002277727,-1523.3942,-1523.3942,-2779.389
51,0.002279338,-1119.85,-1119.85,-1119.85
52,0.002280925,-2035.756,-2035.756,-82.4359
53,0.002282449,-3415.548,-3415.548,-1052.1156
54,0.002283964,-4259.795,-2234.9407,-4259.795
55,0.00228548,-3847.3486,-3847.3486,-3476.092
56,0.002287047,-2452.4907,-2452.4907,346.07193
57,0.002288673,-659.07654,-659.07654,-659.07654
58,0.002290254,836.82306,836.82306,-208.22496
59,0.002291807,1904.7783,1904.7783,2300.0093
60,0.002293354,2515.0718,2515.0718,2515.0718
61,0.002294901,2692.1672,2692.1672,1890.3455
62,0.002296469,2765.3015,2765.3015,4989.5645
63,0.002298026,3145.4312,4177.931,3145.4312
64,0.002299601,4064.6504,4064.6504,2173.9626
65,0.002301194,4960.7407,4960.7407,2046.8297
66,0.002302784,5034.361,5034.361,5034.361
67,0.002304373,3794.9202,3794.9202,5624.541
68,0.002305955,1934.6898,1934.6898,1101.5406
69,0.002307571,394.19693,394.19693,394.19693
70,0.00230921,-23.959896,-23.959896,4139.439
71,0.002310828,395.5168,395.5168,6197.9546
72,0.002312482,1097.0406,-753.485,1097.0406
73,0.002314156,1612.361,1612.361,339.73596
74,0.002315807,1952.7354,1952.7354,3017.2124
75,0.002317435,2267.4001,2267.4001,2267.4001
76,0.002319028,2606.886,2606.886,1326.4547
77,0.002320617,2694.728,2694.728,905.525
78,0.002322185,2180.9546,2180.9546,2180.9546
79,0.002323741,891.23553,891.23553,1130.8141
80,0.002325342,-785.27856,-785.27856,-1988.6547
81,0.002326981,-2201.5452,-1742.9292,-2201.5452
82,0.002328596,-2767.9497,-2767.9497,-1446.3109
83,0.002330167,-2543.9568,-2543.9568,-1346.889
84,0.002331731,-1704.8655,-1704.8655,-1704.8655
85,0.002333297,-426.89505,-426.89505,-1375.9437
86,0.002334883,981.9008,981.9008,918.28284
87,0.002336466,2130.9626,2130.9626,2130.9626
88,0.002338054,2772.3455,2772.3455,2635.7751
89,0.002339649,3136.3306,3136.3306,4391.8374
90,0.002341253,3581.9233,3845.647,3581.9233
91,0.002342848,4296.0957,4296.0957,3695.103
92,0.002344395,4788.3413,4788.3413,4810.611
93,0.002345948,4474.752,4474.752,4474.752
94,0.00234752,3019.1196,3019.1196,4314.6343
95,0.002349055,1347.8281,1347.8281,2200.283
96,0.002350508,557.1266,557.1266,557.1266
97,0.002351963,1158.4504,1158.4504,1127.5094
98,0.002353468,2416.5903,2416.5903,2698.4392
99,0.00235502,3092.064,5657.122,3092.064
100,0.002356561,2224.5635,2224.5635,2147.2827
101,0.002358076,602.6295,602.6295,2105.775
102,0.002359644,-688.8968,-688.8968,-688.8968
103,0.002361286,-729.8923,-729.8923,-1187.8812
104,0.002362912,-213.2201,-213.2201,-382.9437
105,0.002364528,-311.63123,-311.63123,-311.63123
106,0.002366128,-1790.613,-1790.613,-4137.4126
107,0.002367731,-4014.6309,-4014.6309,-6160.287
108,0.002369329,-5985.8105,-5684.688,-5985.8105
109,0.002370899,-6961.801,-6961.801,-3670.936
110,0.002372496,-7203.8667,-7203.8667,-4000.381
111,0.002374084,-7161.9595,-7161.9595,-7161.9595
112,0.002375657,-7218.3833,-7218.3833,-7875.6157
113,0.002377234,-7404.8516,-7404.8516,-8606.687
114,0.002378833,-7671.1777,-7671.1777,-7671.1777
115,0.002380382,-7812.504,-7812.504,-7099.9673
116,0.002381906,-7118.9365,-7118.9365,-3082.928
117,0.002383421,-4779.1465,-4138.0474,-4779.1465
118,0.002384958,-421.47125,-421.47125,-425.52185
119,0.002386491,4068.3096,4068.3096,2855.9236
120,0.002388028,6319.9316,6319.9316,6319.9316
121,0.002389588,4664.6797,4664.6797,2154.986
122,0.002391221,465.03818,465.03818,-4243.475
123,0.002392848,-3480.1624,-3480.1624,-3480.1624
124,0.002394409,-5027.174,-5027.174,-3295.983
125,0.002395959,-4739.0547,-4739.0547,-1827.5764
126,0.002397517,-3547.358,-467.7395,-3547.358
127,0.002399106,-2161.4778,-2161.4778,-3649.4985
128,0.002400721,-535.65607,-535.65607,944.0797
129,0.002402301,1506.6501,1506.6501,1506.6501
130,0.00240386,3954.858,3954.858,-815.389
131,0.002405394,5858.7124,5858.7124,-378.55307
132,0.002406893,6143.049,6143.049,6143.049
133,0.002408389,4259.05,4259.05,9143.689
134,0.002409948,1275.1608,1275.1608,5073.65
135,0.002411534,-949.975,3053.0273,-949.975
136,0.002413139,-936.72314,-936.72314,-702.3578
137,0.002414732,639.5676,639.5676,1371.3219
138,0.002416348,2583.8845,2583.8845,2583.8845
139,0.002417946,3770.72,3770.72,-2081.889
140,0.002419585,3753.83,3753.83,-2074.2874
141,0.002421225,2169.1892,2169.1892,2169.1892
142,0.002422837,-881.48804,-881.48804,474.83755
143,0.002424421,-3945.7495,-3945.7495,-3142.6782
144,0.002425958,-5387.03,-2313.9883,-5387.03
145,0.002427521,-4328.071,-4328.071,-2021.1545
146,0.002429128,-2149.766,-2149.766,-455.17807
147,0.002430729,-1121.639,-1121.639,-1121.639
148,0.00243232,-2784.1956,-2784.1956,-6451.905
149,0.002433845,-5828.9414,-5828.9414,-7916.826
150,0.002435364,-8649.718,-8649.718,-8649.718
151,0.002436897,-10000.072,-10000.072,-4974.725
152,0.002438398,-9930.387,-9930.387,-5668.592
153,0.002439936,-8832.842,-6141.223,-8832.842
154,0.002441509,-6997.2144,-6997.2144,-7329.4126
155,0.002443059,-4598.795,-4598.795,-4149.53
156,0.002444637,-1612.8969,-1612.8969,-1612.8969
157,0.002446219,1671.706,1671.706,-1071.0922
158,0.002447741,4113.6724,4113.6724,791.66565
159,0.002449234,4718.0483,4718.0483,4718.0483
160,0.002450733,2965.9844,2965.9844,5321.6504
161,0.002452284,228.53424,228.53424,1728.236
162,0.002453806,-1286.7719,968.0386,-1286.7719
163,0.002455269,-333.54523,-333.54523,-2845.381
164,0.002456722,1736.8967,1736.8967,-94.115585
165,0.002458198,3108.369,3108.369,3108.369
166,0.00245973,2321.844,2321.844,6022.1733
167,0.002461254,194.90385,194.90385,1590.611
168,0.00246281,-1836.2561,-1836.2561,-1836.2561
169,0.002464401,-2657.5994,-2657.5994,-3129.1545
170,0.002466012,-3077.0686,-3077.0686,-2729.5217
171,0.002467626,-4488.522,-3217.2468,-4488.522
172,0.002469234,-7691.711,-7691.711,-6818.7563
173,0.002470789,-11020.087,-11020.087,-8828.35
174,0.002472355,-12590.21,-12590.21,-12590.21
175,0.002473875,-11222.006,-11222.006,-8881.686
176,0.002475342,-8803.064,-8803.064,-9816.655
177,0.002476804,-7524.2563,-7524.2563,-7524.2563
178,0.002478302,-8827.753,-8827.753,-6966.467
179,0.002479827,-10979.88,-10979.88,-9881.991
180,0.002481341,-11199.037,-9242.966,-11199.037
181,0.002482891,-7607.272,-7607.272,-10267.295
182,0.002484462,-2287.201,-2287.201,-4900.8887
183,0.002486066,1427.361,1427.361,1427.361
184,0.002487688,895.74817,895.74817,-1124.1703
185,0.002489339,-2245.9675,-2245.9675,-3732.3032
186,0.002490978,-5019.178,-5019.178,-5019.178
187,0.002492611,-5236.989,-5236.989,-310.65466
188,0.002494244,-3599.9375,-3599.9375,-566.12335
189,0.00249587,-1521.6625,-1830.9172,-1521.6625
190,0.002497477,-111.27008,-111.27008,1220.8141
191,0.002499065,694.055,694.055,1765.486
192,0.002500657,1228.5251,1228.5251,1228.5251
193,0.00250227,1746.1698,1746.1698,996.9938
194,0.002503877,2231.168,2231.168,493.90784
195,0.002505486,2614.142,2614.142,2614.142
196,0.002507078,2859.5688,2859.5688,1691.0485
197,0.002508641,3087.791,3087.791,2448.322
198,0.002510153,3438.8845,3978.7593,3438.8845
199,0.002511669,4014.2258,4014.2258,7061.4473
200,0.002513225,4752.097,4752.097,10159.001
201,0.002514799,5514.228,5514.228,5514.228
202,0.002516331,6106.6006,6106.6006,3629.4312
203,0.002517862,6258.443,6258.443,4800.9937
204,0.002519395,5645.1187,5645.1187,5645.1187
205,0.002520871,4168.944,4168.944,2289.15
206,0.002522358,2223.6897,2223.6897,916.85315
207,0.002523908,319.56412,1554.4803,319.56412
208,0.002525475,-952.04083,-952.04083,321.3219
209,0.002527069,-1524.4185,-1524.4185,943.1422
210,0.002528659,-1449.4983,-1449.4983,-1449.4983
211,0.00253023,-839.84906,-839.84906,-3518.9124
212,0.002531791,115.60411,115.60411,-2391.9358
213,0.002533344,1217.2751,1217.2751,1217.2751
214,0.00253492,2303.8765,2303.8765,5367.845
215,0.002536515,3234.1804,3234.1804,5886.7046
216,0.002538131,3874.1187,4437.8516,3874.1187
217,0.002539772,4095.182,4095.182,3500.0486
218,0.002541417,3833.05,3833.05,5881.525
219,0.002543066,3050.7986,3050.7986,3050.7986
220,0.002544692,1874.3652,1874.3652,441.1188
221,0.002546324,946.5214,946.5214,2120.4702
222,0.002547979,1081.7438,1081.7438,1081.7438
223,0.00254962,2772.768,2772.768,3498.9155
224,0.002551201,5097.522,5097.522,8624.729
225,0.002552741,7018.541,9461.339,7018.541
226,0.002554293,7818.316,7818.316,4526.978
227,0.00255592,7384.089,7384.089,4073.869
228,0.002557564,5781.103,5781.103,5781.103
229,0.002559188,3331.6755,3331.6755,5459.8765
230,0.002560774,853.1697,853.1697,2146.8765
231,0.002562318,-836.56085,-836.56085,-836.56085
232,0.002563855,-1315.3082,-1315.3082,-2613.975
233,0.002565427,-1226.9979,-1226.9979,-1342.4749
234,0.002566999,-1526.1312,-2283.9011,-1526.1312
235,0.002568513,-2799.591,-2799.591,-4423.1235
236,0.002570015,-4432.2573,-4432.2573,-5033.897
237,0.00257152,-5556.444,-5556.444,-5556.444
238,0.002573055,-5563.1772,-5563.1772,-3732.3186
239,0.002574632,-4972.733,-4972.733,-3908.5845
240,0.002576279,-4718.8657,-4718.8657,-4718.8657
241,0.002577913,-5477.866,-5477.866,-5473.5063
242,0.002579448,-6284.557,-6284.557,-4272.678
243,0.002580961,-6073.4907,-3444.269,-6073.4907
244,0.002582473,-4170.3613,-4170.3613,-6273.569
245,0.002583935,-1437.5337,-1437.5337,240.11879
246,0.002585389,1128.7985,1128.7985,1128.7985
247,0.002586894,2735.447,2735.447,2409.533
248,0.002588448,3065.8835,3065.8835,2262.6892
249,0.00258997,2053.6423,2053.6423,2053.6423
250,0.002591482,-82.664276,-82.664276,-501.1312
251,0.002592995,-2347.0652,-2347.0652,-596.4281
252,0.002594506,-3530.967,-1419.3014,-3530.967
253,0.002596024,-2881.1748,-2881.1748,-1969.7328
254,0.002597551,-1453.2576,-1453.2576,-919.57654
255,0.002599027,-796.1781,-796.1781,-796.1781
256,0.002600492,-1758.6082,-1758.6082,-2499.4592
257,0.002601996,-3278.7097,-3278.7097,-1888.342
258,0.002603495,-3649.0374,-3649.0374,-3649.0374
259,0.002604932,-1915.6625,-1915.6625,-1682.8734
260,0.002606343,566.7432,566.7432,2268.1655
261,0.002607748,2093.2673,4389.175,2093.2673
262,0.002609175,1487.4684,1487.4684,1202.9703
263,0.002610673,-374.70532,-374.70532,-1469.7328
264,0.002612252,-1741.5531,-1741.5531,-1741.5531
265,0.00261388,-982.52966,-982.52966,688.3141
266,0.002615544,983.5191,983.5191,441.84534
267,0.002617217,2361.9155,2361.9155,2361.9155
268,0.002618863,1836.4994,1836.4994,273.7047
269,0.002620475,144.962,144.962,-2100.6624
270,0.002622059,-1599.7952,-1795.8523,-1599.7952
271,0.002623669,-2612.6245,-2612.6245,-546.40466
272,0.002625271,-2868.9172,-2868.9172,-891.87335
273,0.00262688,-2592.6704,-2592.6704,-2592.6704
274,0.00262847,-1991.0117,-1991.0117,-5452.5845
275,0.002630063,-1176.3097,-1176.3097,-2517.4827
276,0.002631657,-244.139,-244.139,-244.139
277,0.002633219,739.02277,739.02277,3065.1187
278,0.00263477,1932.4867,1932.4867,3472.8376
279,0.002636326,3544.0718,3184.9253,3544.0718
280,0.002637906,5669.2236,5669.2236,2419.6733
281,0.002639498,7816.1367,7816.1367,5284.6187
282,0.002641058,9312.205,9312.205,9312.205
283,0.002642607,9792.823,9792.823,10341.915
284,0.002644159,9617.438,9617.438,10724.408
285,0.002645742,9317.338,9317.338,9317.338
286,0.002647344,9210.038,9210.038,7680.978
287,0.002648946,8603.311,8603.311,8033.931
288,0.002650524,6589.892,6564.797,6589.892
289,0.002652118,2653.1633,2653.1633,4556.4077
290,0.002653715,-1859.1631,-1859.1631,-611.2796
291,0.002655281,-5090.2637,-5090.2637,-5090.2637
292,0.002656785,-5979.7207,-5979.7207,-6146.0293
293,0.00265826,-5663.721,-5663.721,-5535.397
294,0.002659716,-5552.67,-5552.67,-5552.67
295,0.00266119,-6605.1187,-6605.1187,-8141.647
296,0.002662683,-8219.675,-8219.675,-9669.061
297,0.002664207,-9333.702,-9582.778,-9333.702
298,0.002665781,-9060.402,-9060.402,-7683.35
299,0.002667376,-7771.5513,-7771.5513,-7296.78
300,0.002668975,-6271.3423,-6271.3423,-6271.3423
301,0.002670574,-5223.6143,-5223.6143,-3720.7563
302,0.002672176,-4654.2305,-4654.2305,-4166.8813
303,0.00267373,-4435.608,-4435.608,-4435.608
304,0.002675233,-4341.5674,-4341.5674,-5948.3027
305,0.002676711,-3865.885,-3865.885,-5423.436
306,0.002678209,-2418.7485,-1638.2891,-2418.7485
307,0.002679729,270.78052,270.78052,1582.4391
308,0.002681258,2971.2607,2971.2607,6343.564
309,0.00268276,4046.2283,4046.2283,4046.2283
310,0.002684291,2535.268,2535.268,-208.42027
311,0.002685877,-277.24222,-277.24222,-3657.147
312,0.002687477,-2132.6235,-2132.6235,-2132.6235
313,0.002689099,-1419.534,-1419.534,3871.6658
314,0.002690706,385.60052,385.60052,4173.9077
315,0.002692284,1069.0328,896.8201,1069.0328
316,0.002693875,-745.55365,-745.55365,-2453.2249
317,0.002695502,-3606.707,-3606.707,-6057.194
318,0.00269714,-5088.694,-5088.694,-5088.694
319,0.002698764,-3528.9487,-3528.9487,-3648.717
320,0.002700381,-438.84418,-438.84418,-1172.4125
321,0.00270199,1953.2672,1953.2672,1953.2672
322,0.00270362,2083.0168,2083.0168,2353.619
323,0.002705185,920.5051,920.5051,1377.6814
324,0.002706694,-48.467144,804.00226,-48.467144
325,0.002708143,87.350296,87.350296,79.74379
326,0.002709598,1059.0872,1059.0872,1880.0875
327,0.002711148,2453.9312,2453.9312,2453.9312
328,0.002712748,3689.3066,3689.3066,2442.7048
329,0.002714289,4227.2695,4227.2695,882.44696
330,0.002715809,3725.6892,3725.6892,3725.6892
331,0.002717362,2009.6826,2009.6826,2396.322
332,0.002718952,-49.67105,-49.67105,85.454735
333,0.002720579,-1160.5062,2518.6445,-1160.5062
334,0.002722175,-372.1304,-372.1304,-672.2562
335,0.002723749,1517.283,1517.283,1881.4547
336,0.002725337,3427.9937,3427.9937,3427.9937
337,0.002726944,4390.696,4390.696,860.85315
338,0.002728548,4054.4897,4054.4897,1333.6813
339,0.002730184,2210.4702,2210.4702,2210.4702
340,0.002731827,-1058.955,-1058.955,3794.7202
341,0.002733456,-4503.6455,-4503.6455,-778.45935
342,0.002735025,-6645.5845,-2855.6611,-6645.5845
343,0.002736578,-6773.074,-6773.074,-10063.693
344,0.002738124,-5855.9863,-5855.9863,-9224.318
345,0.002739698,-5256.772,-5256.772,-5256.772
346,0.002741277,-5910.4165,-5910.4165,-2045.2015
347,0.002742863,-6686.0195,-6686.0195,-4178.53
348,0.002744455,-5901.795,-5901.795,-5901.795
349,0.002746019,-2622.1995,-2622.1995,-8449.287
350,0.002747564,1447.0321,1447.0321,-5699.3887
351,0.002749097,4097.822,2033.3525,4097.822
352,0.002750614,3931.972,3931.972,10204.118
353,0.002752129,2424.141,2424.141,7677.291
354,0.002753649,1710.8141,1710.8141,1710.8141
355,0.002755155,3255.7742,3255.7742,-57.724957
356,0.002756622,5803.8853,5803.8853,1822.2047
357,0.002758095,7679.041,7679.041,7679.041
358,0.002759641,7540.477,7540.477,6167.2363
359,0.002761218,5735.929,5735.929,2747.5796
360,0.00276274,3406.236,4135.5327,3406.236
361,0.002764237,1441.6853,1441.6853,3775.3845
362,0.002765751,413.74802,413.74802,5332.9395
363,0.002767298,948.92346,948.92346,948.92346
364,0.002768857,3355.3696,3355.3696,-1036.1937
365,0.002770426,6449.7524,6449.7524,2126.6968
366,0.002772027,8645.447,8645.447,8645.447
367,0.00277361,8714.791,8714.791,8303.212
368,0.0027752,7580.5137,7580.5137,8375.446
369,0.002776812,6654.4937,4193.5415,6654.4937
370,0.002778453,7048.0547,7048.0547,7852.877
371,0.002780077,8238.1045,8238.1045,7925.9233
372,0.002781714,9304.174,9304.174,9304.174
373,0.002783333,9488.649,9488.649,7325.7827
374,0.002784947,8822.46,8822.46,5755.5015
375,0.002786556,7509.861,7509.861,7509.861
376,0.002788159,5767.852,5767.852,7618.431
377,0.002789756,3869.0874,3869.0874,5803.1733
378,0.002791346,2096.2593,2928.822,2096.2593
379,0.002792957,640.91113,640.91113,326.38443
380,0.002794601,-522.6594,-522.6594,108.40785
381,0.002796203,-1438.0687,-1438.0687,-1438.0687
382,0.00279778,-2139.5613,-2139.5613,61.595356
383,0.002799363,-2334.2566,-2334.2566,-940.1859
384,0.00280096,-1616.1781,-1616.1781,-1616.1781
385,0.0028026,169.71753,169.71753,-3003.967
386,0.002804235,1809.309,1809.309,3412.7046
387,0.002805899,1761.7751,896.51514,1761.7751
388,0.002807558,-965.32855,-965.32855,-4309.928
389,0.002809228,-4839.724,-4839.724,-5399.631
390,0.002810897,-7625.5845,-7625.5845,-7625.5845
391,0.002812535,-7769.5312,-7769.5312,-4598.4907
392,0.002814129,-6350.3604,-6350.3604,-6126.7715
393,0.002815643,-4913.045,-4913.045,-4913.045
394,0.002817149,-4321.0293,-4321.0293,-5307.905
395,0.002818703,-4132.3223,-4132.3223,-3401.5452
396,0.002820181,-3600.311,3.2691128,-3600.311
397,0.002821624,-2245.0693,-2245.0693,-1631.1077
398,0.002823084,-330.97018,-330.97018,339.25162
399,0.0028246,1697.736,1697.736,1697.736
400,0.002826143,3327.8552,3327.8552,4482.642
401,0.002827719,4427.679,4427.679,3719.9705
402,0.00282929,4939.7827,4939.7827,4939.7827
403,0.002830752,4878.2827,4878.2827,3340.8533
404,0.002832172,4308.872,4308.872,2506.1814
405,0.002833586,3230.2986,2768.218,3230.2986
406,0.00283501,1694.518,1694.518,2300.486
407,0.002836491,29.668152,29.668152,1339.9703
408,0.002838047,-1233.5687,-1233.5687,-1233.5687
409,0.002839724,-1636.139,-1636.139,413.17346
410,0.002841404,-1688.7523,-1688.7523,-849.1078
411,0.002843107,-2326.0295,-2326.0295,-2326.0295
412,0.002844802,-4098.4043,-4098.4043,-3962.3345
413,0.002846457,-5960.7656,-5960.7656,-3898.9202
414,0.002848093,-6642.2563,-3160.2117,-6642.2563
415,0.00284977,-5336.933,-5336.933,-4296.983
416,0.002851443,-3236.9482,-3236.9482,-2252.7014
417,0.00285308,-2073.5217,-2073.5217,-2073.5217
418,0.002854686,-2888.1113,-2888.1113,-3837.397
419,0.002856287,-4787.2188,-4787.2188,-7453.8267
420,0.002857917,-6474.576,-6474.576,-6474.576
421,0.002859529,-6879.0757,-6879.0757,-3036.2642
422,0.002861113,-6356.131,-6356.131,-2154.7952
423,0.002862741,-5522.006,-3714.9004,-5522.006
424,0.00286439,-4934.817,-4934.817,-5587.6626
425,0.002866072,-4717.5723,-4717.5723,-5031.5684
426,0.002867685,-4867.9517,-4867.9517,-4867.9517
427,0.002869233,-5233.297,-5233.297,-4358.772
428,0.002870789,-5277.3823,-5277.3823,-5641.8965
429,0.002872374,-4317.928,-4317.928,-4317.928
430,0.002873986,-1938.7024,-1938.7024,1174.5719
431,0.002875591,863.0269,863.0269,3916.1655
432,0.002877173,2775.5486,823.28394,2775.5486
433,0.002878719,2997.4004,2997.4004,322.5485
434,0.00288033,2236.5974,2236.5974,1.3453554
435,0.002881947,1641.822,1641.822,1641.822
436,0.002883539,2056.5269,2056.5269,2387.744
437,0.002885139,2934.931,2934.931,3137.736
438,0.002886716,3390.7986,3390.7986,3390.7986
439,0.002888296,2799.875,2799.875,2615.4
440,0.002889876,1392.267,1392.267,1627.7438
441,0.002891475,-404.91248,-17.997654,-404.91248
442,0.002893081,-2173.254,-2173.254,180.66568
443,0.002894662,-3678.375,-3678.375,-2038.014
444,0.00289623,-4795.8345,-4795.8345,-4795.8345
445,0.002897815,-5387.0312,-5387.0312,-7168.155
446,0.002899426,-5214.8955,-5214.8955,-4884.8735
447,0.002901079,-3981.2014,-3981.2014,-3981.2014
448,0.00290275,-1696.526,-1696.526,-4109.936
449,0.002904365,301.20447,301.20447,-2013.2562
450,0.002905924,669.6813,-218.24608,669.6813
451,0.002907441,-1201.7072,-1201.7072,154.29066
452,0.002908936,-3996.8064,-3996.8064,-2316.4827
453,0.002910427,-6071.928,-6071.928,-6071.928
454,0.002911904,-6290.93,-6290.93,-6965.061
455,0.002913405,-5459.2373,-5459.2373,-6527.092
456,0.002914938,-4893.8657,-4893.8657,-4893.8657
457,0.002916503,-5557.8022,-5557.8022,-3803.928
458,0.002918071,-6371.862,-6371.862,-5826.4204
459,0.002919636,-5708.115,-6276.7524,-5708.115
460,0.0029212,-2624.3713,-2624.3713,-4123.975
461,0.002922769,1136.9517,1136.9517,1093.6891
462,0.002924295,3110.15,3110.15,3110.15
463,0.002925857,1894.2064,1894.2064,1470.4313
464,0.002927427,-715.1236,-715.1236,-2369.928
465,0.002928982,-1937.3109,-1937.3109,-1937.3109
466,0.002930545,20.656252,20.656252,-3366.342
467,0.002932134,3364.0974,3364.0974,1324.4158
468,0.002933743,5168.627,8534.806,5168.627
469,0.002935374,3210.991,3210.991,1600.158
470,0.002937052,-1183.4332,-1183.4332,-2611.0608
471,0.002938745,-5396.905,-5396.905,-5396.905
472,0.002940357,-7277.148,-7277.148,-6060.3027
473,0.002941929,-7482.341,-7482.341,-4796.561
474,0.002943532,-6982.358,-6982.358,-6982.358
475,0.002945169,-6507.085,-6507.085,-6767.303
476,0.002946827,-5991.3716,-5991.3716,-4096.842
477,0.002948439,-5181.0996,-6101.148,-5181.0996
478,0.002950037,-3932.3438,-3932.3438,-7314.8657
479,0.002951591,-2619.2556,-2619.2556,-8189.7485
480,0.00295313,-1648.2719,-1648.2719,-1648.2719
481,0.002954665,-1317.996,-1317.996,3413.697
482,0.00295618,-1511.7986,-1511.7986,1144.2985
483,0.00295771,-2022.3734,-2022.3734,-2022.3734
484,0.002959295,-2669.1833,-2669.1833,311.76724
485,0.002960943,-3264.8718,-3264.8718,781.47034
486,0.002962635,-3580.389,-6473.602,-3580.389
487,0.002964325,-3439.078,-3439.078,-3637.3733
488,0.002966004,-2945.4849,-2945.4849,-2617.5999
489,0.002967622,-2287.889,-2287.889,-2287.889
490,0.002969129,-1626.2175,-1626.2175,-1982.5687
491,0.002970619,-958.07166,-958.07166,-1061.3031
492,0.0029721,-293.59995,-293.59995,-293.59995
493,0.002973569,351.5634,351.5634,1238.7828
494,0.002975075,978.6198,978.6198,1494.7985
495,0.002976614,1560.9705,1583.3917,1560.9705
496,0.002978167,2082.3525,2082.3525,362.00943
497,0.002979757,2611.727,2611.727,1715.4703
498,0.002981368,3229.4702,3229.4702,3229.4702
499,0.00298299,3942.8123,3942.8123,5564.8296
500,0.002984646,4442.6963,4442.6963,4689.1265
501,0.002986259,4314.4233,4314.4233,4314.4233
502,0.002987877,3432.3652,3432.3652,7815.8613
503,0.002989456,2648.5557,2648.5557,5989.064
504,0.002991055,2976.8843,2951.4297,2976.8843
505,0.002992686,5071.001,5071.001,3489.736
506,0.002994301,7584.5845,7584.5845,6617.986
507,0.002995885,8760.869,8760.869,8760.869
508,0.00299746,7506.728,7506.728,5391.7046
509,0.002999069,4654.118,4654.118,2911.0251
510,0.003000674,1693.7985,1693.7985,1693.7985
511,0.003002272,-209.02701,-209.02701,295.81412
512,0.003003844,-1127.2294,-1127.2294,697.03284
513,0.003005427,-1457.6547,-2001.0497,-1457.6547
514,0.003007006,-1533.509,-1533.509,-1857.0765
515,0.003008525,-1611.0591,-1611.0591,-284.83435
516,0.003010055,-1914.2484,-1914.2484,-1914.2484
517,0.003011648,-2556.7158,-2556.7158,-1390.0062
518,0.00301333,-3043.1018,-3043.1018,-6542.858
519,0.003015017,-2580.467,-2580.467,-2580.467
520,0.003016671,-866.89166,-866.89166,4417.525
521,0.003018277,764.2149,764.2149,3414.7205
522,0.003019896,777.22815,868.74677,777.22815
523,0.003021505,-1837.1758,-1837.1758,-5364.373
524,0.003023117,-5793.264,-5793.264,-6505.4824
525,0.003024735,-9230.179,-9230.179,-9230.179
526,0.003026363,-10759.059,-10759.059,-12430.687
527,0.003027903,-11021.747,-11021.747,-12208.444
528,0.003029365,-11137.937,-11137.937,-11137.937
529,0.003030819,-11664.624,-11664.624,-8688.819
530,0.003032294,-11810.089,-11810.089,-11137.015
531,0.003033794,-10364.616,-6668.065,-10364.616
532,0.003035279,-6673.4463,-6673.4463,-7419.623
533,0.003036721,-2247.279,-2247.279,-1431.1234
534,0.003038172,1263.3531,1263.3531,1263.3531
535,0.003039705,2538.724,2538.724,597.3844
536,0.003041297,1980.7532,1980.7532,89.96255
537,0.003042929,853.44696,853.44696,853.44696
538,0.003044601,249.86757,249.86757,3416.2205
539,0.00304628,-282.55032,-282.55032,2080.5405
540,0.003047943,-1624.0531,455.16104,-1624.0531
541,0.003049596,-4259.016,-4259.016,-4091.5842
542,0.00305125,-7191.927,-7191.927,-6859.2017
543,0.003052911,-9047.912,-9047.912,-9047.912
544,0.00305454,-8882.044,-8882.044,-7752.569
545,0.003056116,-7571.5938,-7571.5938,-6266.639
546,0.003057669,-6238.5845,-6238.5845,-6238.5845
547,0.003059224,-5620.856,-5620.856,-9259.889
548,0.003060817,-5331.199,-5331.199,-8607.608
549,0.00306244,-4659.4673,-6896.1465,-4659.4673
550,0.003064064,-3071.235,-3071.235,-279.84995
551,0.003065667,-921.3914,-921.3914,-787.8187
552,0.003067254,1263.2438,1263.2438,1263.2438
553,0.003068823,3002.452,3002.452,2806.0483
554,0.003070361,3929.214,3929.214,2390.4
555,0.003071874,3755.0017,3755.0017,3755.0017
556,0.00307334,2416.918,2416.918,3216.7986
557,0.003074821,446.79785,446.79785,449.15787
558,0.00307631,-1426.5687,1084.4634,-1426.5687
559,0.003077858,-2688.791,-2688.791,-1835.9749
560,0.003079462,-3572.8298,-3572.8298,-3652.3342
561,0.003081068,-4585.6313,-4585.6313,-4585.6313
562,0.003082647,-6033.414,-6033.414,-7459.1626
563,0.003084297,-7402.5186,-7402.5186,-8394.35
564,0.003086009,-7711.475,-7711.475,-7711.475
565,0.003087671,-6313.402,-6313.402,-2576.1624
566,0.003089261,-4079.7727,-4079.7727,-1640.9281
567,0.003090835,-1936.9202,-3025.5679,-1936.9202
568,0.003092438,-598.6226,-598.6226,-3141.3733
569,0.003094016,-230.93256,-230.93256,-268.22498
570,0.003095541,-733.1156,-733.1156,-733.1156
571,0.00309707,-1895.7084,-1895.7084,-2478.3967
572,0.003098619,-2938.6726,-2938.6726,-6977.733
573,0.003100177,-2868.5842,-2868.5842,-2868.5842
574,0.003101772,-1043.0364,-1043.0364,4088.978
575,0.003103396,1440.5771,1440.5771,5688.205
576,0.003105012,2876.9468,3802.43,2876.9468
577,0.003106609,2237.6365,2237.6365,-647.7328
578,0.003108177,885.0437,885.0437,-1428.2797
579,0.003109716,607.62665,607.62665,607.62665
580,0.003111252,2454.507,2454.507,6141.1733
581,0.003112829,5081.6694,5081.6694,8013.486
582,0.003114393,6284.15,6284.15,6284.15
583,0.003115905,4813.333,4813.333,3722.4548
584,0.003117343,2453.2336,2453.2336,2054.0015
585,0.003118763,1174.9,2740.281,1174.9
586,0.003120193,2240.5398,2240.5398,2088.4077
587,0.003121699,4489.281,4489.281,3692.5562
588,0.003123265,5671.353,5671.353,5671.353
589,0.003124798,4038.035,4038.035,5294.252
590,0.003126322,1061.7402,1061.7402,992.7282
591,0.003127871,-1147.5922,-1147.5922,-1147.5922
592,0.003129476,-859.4896,-859.4896,2280.7751
593,0.003131106,1239.3662,1239.3662,5222.275
594,0.003132698,3551.8767,1931.922,3551.8767
595,0.003134258,4883.018,4883.018,-1043.9125
596,0.00313576,5083.436,5083.436,-1698.514
597,0.003137206,4292.025,4292.025,4292.025
598,0.003138644,2723.106,2723.106,8743.377
599,0.0031401,1171.1437,1171.1437,6168.564
600,0.003141618,675.2516,675.2516,675.2516
601,0.003143148,1988.5896,1988.5896,-1989.2094
602,0.003144673,3844.33,3844.33,1338.8297
603,0.003146237,4487.1187,2862.5771,4487.1187
604,0.003147861,2507.7112,2507.7112,3738.6892
605,0.003149512,-803.3181,-803.3181,-329.3656
606,0.003151127,-3194.0454,-3194.0454,-3194.0454
607,0.003152707,-3392.435,-3392.435,-2297.6545
608,0.003154304,-2910.8018,-2910.8018,-2598.6624
609,0.003155944,-3995.5999,-3995.5999,-3995.5999
610,0.003157598,-8217.669,-8217.669,-7353.319
611,0.003159223,-13511.793,-13511.793,-11473.279
612,0.003160845,-17209.28,-10799.98,-17209.28
613,0.003162479,-17308.04,-17308.04,-17586.154
614,0.003164128,-14545.556,-14545.556,-14266.545
615,0.003165749,-10537.646,-10537.646,-10537.646
616,0.003167361,-6573.159,-6573.159,-7560.5767
617,0.003168951,-3202.0889,-3202.0889,-5398.319
618,0.003170494,-755.3734,-755.3734,-755.3734
619,0.003172004,632.946,632.946,250.64223
620,0.003173493,1102.835,1102.835,1168.5485
621,0.00317501,814.0016,2650.14,814.0016
622,0.003176578,-58.01003,-58.01003,2688.1658
623,0.003178168,-961.93555,-961.93555,-428.79526
624,0.003179744,-1221.0999,-1221.0999,-1221.0999
625,0.003181313,-422.1021,-422.1021,-776.0452
626,0.003182882,965.97736,965.97736,-2233.2092
627,0.003184429,2240.853,2240.853,2240.853
628,0.003185988,2909.0361,2909.0361,4467.1343
629,0.003187559,3032.1958,3032.1958,4390.728
630,0.003189131,2830.5408,5338.159,2830.5408
631,0.003190696,2533.9204,2533.9204,2013.2594
632,0.003192205,2369.768,2369.768,1050.5719
633,0.003193704,2528.5955,2528.5955,2528.5955
634,0.003195239,3138.7727,3138.7727,7284.72
635,0.003196814,3967.4717,3967.4717,9243.221
636,0.003198358,4619.642,4619.642,4619.642
637,0.003199888,4835.8975,4835.8975,2527.8455
638,0.003201456,4656.2183,4656.2183,3342.4705
639,0.003203047,4188.22,4423.5615,4188.22
640,0.003204629,3529.5525,3529.5525,3539.2595
641,0.003206223,2606.678,2606.678,2531.8533
642,0.0032078,1335.3611,1335.3611,1335.3611
643,0.003209369,-356.84485,-356.84485,-97.10777
644,0.003210919,-2412.945,-2412.945,-3410.5376
645,0.003212438,-4740.647,-4740.647,-4740.647
646,0.003213942,-7124.9336,-7124.9336,-5612.0923
647,0.003215501,-8711.697,-8711.697,-8189.3267
648,0.003217121,-8138.694,-7516.83,-8138.694
649,0.003218738,-4678.299,-4678.299,-4288.2876
650,0.003220357,-440.37222,-440.37222,410.78287
651,0.003221928,1750.4156,1750.4156,1750.4156
652,0.00322347,423.70486,423.70486,162.20473
653,0.003225039,-2468.2166,-2468.2166,-3710.514
654,0.003226643,-3971.8813,-3971.8813,-3971.8813
655,0.003228243,-1903.8239,-1903.8239,2001.8298
656,0.003229798,1684.2338,1684.2338,5314.5566
657,0.003231306,4054.0952,4165.5244,4054.0952
658,0.003232794,3530.108,3530.108,642.60315
659,0.00323431,986.69073,986.69073,2017.4313
660,0.003235882,-2062.772,-2062.772,-2062.772
661,0.003237486,-4106.825,-4106.825,-4213.647
662,0.003239096,-4962.5664,-4962.5664,-6060.608
663,0.003240746,-4851.061,-4851.061,-4851.061
664,0.003242382,-3971.3564,-3971.3564,-2305.8499
665,0.003243994,-2422.9229,-2422.9229,-791.6702
666,0.003245594,-246.45932,-435.27826,-246.45932
667,0.003247216,2362.911,2362.911,-2098.5532
668,0.003248856,4274.0273,4274.0273,431.2985
669,0.003250498,4076.7908,4076.7908,4076.7908
670,0.00325214,988.54,988.54,-844.70935
671,0.003253746,-3255.5947,-3255.5947,-9035.366
672,0.003255291,-6505.662,-6505.662,-6505.662
673,0.003256808,-7475.871,-7475.871,81.46254
674,0.003258336,-6497.2812,-6497.2812,628.4313
675,0.003259917,-4157.014,-5594.754,-4157.014
676,0.003261523,-1266.2346,-1266.2346,-7877.8345
677,0.003263148,929.5174,929.5174,-3264.6235
678,0.003264765,1037.6188,1037.6188,1037.6188
679,0.003266412,-1735.6042,-1735.6042,-2086.3264
680,0.00326807,-5656.9756,-5656.9756,-8498.944
681,0.003269745,-8254.865,-8254.865,-8254.865
682,0.003271438,-7598.071,-7598.071,0.5328554
683,0.003273143,-4497.8237,-4497.8237,4025.1655
684,0.003274838,-582.59216,-2435.381,-582.59216
685,0.003276522,2680.3032,2680.3032,514.61884
686,0.0032782,4359.6587,4359.6587,7880.275
687,0.003279856,3673.025,3673.025,3673.025
688,0.003281501,409.66916,409.66916,-683.99835
689,0.003283177,-3721.3064,-3721.3064,-4066.4749
690,0.003284806,-6236.4126,-6236.4126,-6236.4126
691,0.003286391,-5794.9785,-5794.9785,-6156.7637
692,0.003287965,-3774.4824,-3774.4824,-3800.5532
693,0.003289548,-2063.0295,-3581.9111,-2063.0295
694,0.003291146,-2051.5503,-2051.5503,760.15
695,0.003292714,-2924.4854,-2924.4854,-188.70932
696,0.003294266,-3364.7327,-3364.7327,-3364.7327
697,0.00329582,-2503.831,-2503.831,-3010.0374
698,0.003297399,-1004.4219,-1004.4219,-3642.4749
699,0.003299004,6.3062925,6.3062925,6.3062925
700,0.003300664,-308.63843,-308.63843,4810.353
701,0.003302321,-1109.5258,-1109.5258,863.0876
702,0.003303969,-1078.1156,413.747,-1078.1156
703,0.003305595,475.0278,475.0278,-4469.405
704,0.003307233,2003.6057,2003.6057,-3281.6858
705,0.003308863,1363.2985,1363.2985,1363.2985
706,0.003310497,-2635.9712,-2635.9712,2606.564
707,0.003312114,-7396.7456,-7396.7456,-4424.2095
708,0.003313692,-9561.764,-9561.764,-9561.764
709,0.003315211,-7425.048,-7425.048,-10166.553
710,0.003316706,-3656.4668,-3656.4668,-4587.561
711,0.003318132,-1622.0219,-3506.5195,-1622.0219
712,0.003319529,-3114.4607,-3114.4607,-3509.5298
713,0.003320942,-6620.68,-6620.68,-4962.5137
714,0.003322378,-9762.545,-9762.545,-9762.545
715,0.00332385,-10571.124,-10571.124,-9184.248
716,0.003325402,-9480.38,-9480.38,-8081.2095
717,0.003327018,-7812.0767,-7812.0767,-7812.0767
718,0.003328627,-6885.015,-6885.015,-6521.9204
719,0.003330254,-6445.4443,-6445.4443,-6838.201
720,0.003331916,-5844.35,-5916.6045,-5844.35
721,0.003333553,-4557.777,-4557.777,-1673.5922
722,0.0033352,-2509.3057,-2509.3057,1118.7516
723,0.003336909,345.3688,345.3688,345.3688
724,0.003338652,3744.065,3744.065,623.59534
725,0.003340384,6535.333,6535.333,2551.767
726,0.003342059,7485.0015,7485.0015,7485.0015
727,0.003343729,6064.522,6064.522,7877.728
728,0.003345276,3806.3975,3806.3975,3957.8533
729,0.003346787,2173.283,2079.4133,2173.283
730,0.003348273,2119.5176,2119.5176,370.01724
731,0.003349772,3225.819,3225.819,2373.275
732,0.003351342,4813.3687,4813.3687,4813.3687
733,0.003352986,6187.803,6187.803,7361.58
734,0.00335466,7161.2915,7161.2915,5380.4395
735,0.003356278,7734.9863,7734.9863,7734.9863
736,0.003357894,7950.0444,7950.0444,9066.954
737,0.003359535,7648.035,7648.035,8747.971
738,0.003361166,6634.8066,6566.3286,6634.8066
739,0.003362775,4874.401,4874.401,3769.8374
740,0.00336439,2787.4463,2787.4463,2677.3765
741,0.003366032,921.275,921.275,921.275
742,0.003367653,-217.14775,-217.14775,31.423481
743,0.003369229,-715.18787,-715.18787,644.10315
744,0.003370789,-795.7171,-795.7171,-795.7171
745,0.003372316,-688.8435,-688.8435,875.00946
746,0.003373894,-790.1703,-790.1703,-1305.2015
747,0.003375474,-1568.9672,-1355.4604,-1568.9672
748,0.003377005,-3156.2832,-3156.2832,-1744.4828
749,0.003378509,-4693.1343,-4693.1343,-3216.0842
750,0.003379985,-5161.795,-5161.795,-5161.795
751,0.003381438,-3957.219,-3957.219,-4048.0764
752,0.003382925,-1633.6178,-1633.6178,-2200.1233
753,0.003384475,926.47034,926.47034,926.47034
754,0.003386087,2777.3293,2777.3293,1546.8766
755,0.003387659,3577.722,3577.722,1705.0563
756,0.003389199,3376.0405,3929.244,3376.0405
757,0.003390716,2337.7886,2337.7886,2000.8531
758,0.00339226,1111.9644,1111.9644,539.28284
759,0.003393846,556.1813,556.1813,556.1813
760,0.003395439,1374.8942,1374.8942,2282.9158
761,0.003397046,3248.0168,3248.0168,5159.4233
762,0.003398618,5510.1504,5510.1504,5510.1504
763,0.003400134,7551.9756,7551.9756,10576.572
764,0.003401623,8916.457,8916.457,13463.502
765,0.003403135,9143.61,10495.408,9143.61
766,0.003404677,7935.126,7935.126,6047.447
767,0.003406249,6160.0522,6160.0522,5416.8223
768,0.003407809,5113.5645,5113.5645,5113.5645
769,0.00340935,5608.161,5608.161,6752.767
770,0.003410926,6858.7046,6858.7046,8177.783
771,0.003412518,7596.431,7596.431,7596.431
772,0.003414044,6956.6577,6956.6577,6887.931
773,0.003415542,5665.811,5665.811,4357.681
774,0.003417058,4677.7046,5297.914,4677.7046
775,0.003418616,4718.325,4718.325,5142.6265
776,0.003420165,5304.623,5304.623,5225.7676
777,0.003421725,5612.049,5612.049,5612.049
778,0.003423297,5004.6787,5004.6787,4798.3765
779,0.0034249,3683.2178,3683.2178,3503.1733
780,0.003426511,2122.533,2122.533,2122.533
781,0.003428121,780.4051,780.4051,663.86096
782,0.003429761,-44.175888,-44.175888,-2700.217
783,0.003431413,-30.810896,-567.65356,-30.810896
784,0.003433072,976.6515,976.6515,2204.7126
785,0.003434744,2517.7412,2517.7412,4083.9468
786,0.003436402,3934.244,3934.244,3934.244
787,0.003438054,4779.2754,4779.2754,3091.3296
788,0.003439657,5273.852,5273.852,4316.65
789,0.003441214,5797.056,5797.056,5797.056
790,0.003442768,6501.014,6501.014,4903.9937
791,0.003444345,6730.377,6730.377,3658.7358
792,0.00344593,5577.697,4177.5728,5577.697
793,0.003447525,2500.5647,2500.5647,4452.947
794,0.003449135,-1492.8911,-1492.8911,-123.6312
795,0.00345077,-4947.0454,-4947.0454,-4947.0454
796,0.003452444,-6674.637,-6674.637,-5255.795
797,0.003454112,-7045.886,-7045.886,-6558.3657
798,0.003455768,-6952.2246,-6952.2246,-6952.2246
799,0.003457411,-7017.684,-7017.684,-6401.061
800,0.003459039,-6894.5776,-6894.5776,-6103.936
801,0.003460682,-5994.936,-6254.8706,-5994.936
802,0.003462321,-4077.8481,-4077.8481,-5261.7563
803,0.003463907,-2309.429,-2309.429,-3508.8345
804,0.003465468,-1958.2406,-1958.2406,-1958.2406
805,0.003467039,-3648.6719,-3648.6719,-1370.9045
806,0.003468635,-5511.313,-5511.313,-4426.8423
807,0.003470239,-4865.858,-4865.858,-4865.858
808,0.003471804,-289.42224,-289.42224,-421.59998
809,0.003473352,5353.8525,5353.8525,5296.1343
810,0.003474915,8379.76,2513.1372,8379.76
811,0.003476472,6159.8975,6159.8975,2937.9468
812,0.003478015,1097.5854,1097.5854,-2849.4436
813,0.00347953,-3284.5999,-3284.5999,-3284.5999
814,0.003480998,-4613.0317,-4613.0317,-562.6234
815,0.003482433,-3863.173,-3863.173,2047.5172
816,0.003483905,-2506.2173,-2506.2173,-2506.2173
817,0.003485424,-1803.0189,-1803.0189,-4391.0215
818,0.003487,-1981.045,-1981.045,-4233.6157
819,0.003488581,-2930.233,-3442.4858,-2930.233
820,0.003490141,-4322.6973,-4322.6973,-1972.4125
821,0.003491698,-5291.103,-5291.103,-3569.4126
822,0.003493251,-4829.194,-4829.194,-4829.194
823,0.003494828,-2313.463,-2313.463,-4366.5923
824,0.00349647,1215.1224,1215.1224,-950.01404
825,0.003498128,3871.4314,3871.4314,3871.4314
826,0.003499766,4232.2446,4232.2446,2204.6033
827,0.003501404,2899.1843,2899.1843,-798.30304
828,0.003503049,901.47815,4031.535,901.47815
829,0.003504719,-793.25525,-793.25525,762.7125
830,0.003506319,-1413.1943,-1413.1943,-348.42026
831,0.003507877,-496.17026,-496.17026,-496.17026
832,0.003509437,2101.156,2101.156,230.22816
833,0.003511047,5104.2866,5104.2866,2930.1108
834,0.003512715,6545.744,6545.744,6545.744
835,0.00351436,4954.2793,4954.2793,4488.939
836,0.003516007,1804.8297,1804.8297,362.5719
837,0.003517671,-772.3265,840.4342,-772.3265
838,0.003519371,-1124.4282,-1124.4282,164.8766
839,0.003521072,-26.261662,-26.261662,1332.9391
840,0.003522735,1020.8375,1020.8375,1020.8375
841,0.003524408,1042.1974,1042.1974,2081.2437
842,0.003526053,679.4079,679.4079,1394.5406
843,0.00352766,927.17346,927.17346,927.17346
844,0.003529269,2353.1782,2353.1782,2869.7517
845,0.003530866,4058.7512,4058.7512,4157.556
846,0.003532489,4822.0015,4761.8945,4822.0015
847,0.003534132,3713.962,3713.962,1387.5797
848,0.003535772,1509.3364,1509.3364,-3404.897
849,0.003537402,-575.51404,-575.51404,-575.51404
850,0.003539046,-1615.8884,-1615.8884,5878.611
851,0.003540688,-1631.1428,-1631.1428,4224.603
852,0.003542334,-909.639,-909.639,-909.639
853,0.003543986,208.42998,208.42998,-7988.7954
854,0.003545639,1151.9232,1151.9232,-3927.975
855,0.003547305,1290.1031,3123.6216,1290.1031
856,0.003548984,358.3497,358.3497,2042.025
857,0.00355063,-289.5734,-289.5734,321.68912
858,0.003552236,930.775,930.775,930.775
859,0.003553841,4801.1665,4801.1665,5583.189
860,0.003555471,9261.933,9261.933,10593.619
861,0.00355712,11285.486,11285.486,11285.486
862,0.00355877,8784.01,8784.01,6865.002
863,0.003560438,3911.1338,3911.1338,1145.8141
864,0.00356211,42.22817,1619.2683,42.22817
865,0.003563724,-396.10522,-396.10522,1086.986
866,0.00356531,1172.664,1172.664,4132.181
867,0.003566872,2728.8218,2728.8218,2728.8218
868,0.003568411,2884.1274,2884.1274,-961.1468
869,0.003569946,2125.6086,2125.6086,-2313.131
870,0.003571511,1347.861,1347.861,1347.861
871,0.003573089,1339.0477,1339.0477,7040.603
872,0.003574703,2195.1965,2195.1965,7041.0483
873,0.003576333,3814.6423,857.7926,3814.6423
874,0.003577953,5832.4014,5832.4014,3068.392
875,0.00357961,7083.5337,7083.5337,4249.8687
876,0.003581298,5984.6733,5984.6733,5984.6733
877,0.003583028,1589.3324,1589.3324,1699.4313
878,0.003584665,-3305.5679,-3305.5679,-4899.9746
879,0.003586221,-5928.444,-5928.444,-5928.444
880,0.003587756,-4870.513,-4870.513,-1985.1234
881,0.003589316,-1553.057,-1553.057,2610.0642
882,0.003590929,1823.4313,-670.9877,1823.4313
883,0.003592535,3169.8325,3169.8325,-2943.8655
884,0.003594143,2648.7815,2648.7815,-4123.1157
885,0.003595751,938.23596,938.23596,938.23596
886,0.003597368,-1330.9167,-1330.9167,-1177.9359
887,0.003599019,-3693.1902,-3693.1902,-2190.225
888,0.003600687,-5623.4985,-5623.4985,-5623.4985
889,0.003602368,-6628.097,-6628.097,-7887.475
890,0.003604077,-6354.751,-6354.751,-6513.944
891,0.003605806,-4454.155,-5915.2515,-4454.155
892,0.003607536,-1027.1337,-1027.1337,-294.6781
893,0.003609246,2149.5286,2149.5286,5612.7515
894,0.003610972,3014.5874,3014.5874,3014.5874
895,0.003612662,302.9386,302.9386,114.85317
896,0.003614253,-3810.2917,-3810.2917,-3580.0063
897,0.00361584,-7175.803,-7175.803,-7175.803
898,0.003617421,-8147.9214,-8147.9214,-4915.4126
899,0.003619009,-7223.177,-7223.177,-5012.3423
900,0.003620615,-5402.6777,-4632.0366,-5402.6777
901,0.00362221,-3587.3516,-3587.3516,-4029.1702
902,0.003623837,-1896.3958,-1896.3958,1219.1422
903,0.003625486,-331.74838,-331.74838,-331.74838
904,0.003627095,1002.7241,1002.7241,-1673.0219
905,0.003628656,1830.1343,1830.1343,709.0173
906,0.003630196,1866.4705,1866.4705,1866.4705
907,0.00363172,939.52374,939.52374,3022.189
908,0.003633237,-669.8705,-669.8705,-208.96715
909,0.003634781,-2620.5295,2972.7214,-2620.5295
910,0.003636371,-4566.4053,-4566.4053,-4238.7485
911,0.003637983,-6163.0063,-6163.0063,-4532.889
912,0.00363961,-7093.2017,-7093.2017,-7093.2017
913,0.003641268,-7156.587,-7156.587,-9664.811
914,0.003642968,-6648.0317,-6648.0317,-7501.319
915,0.003644695,-6050.5293,-6050.5293,-6050.5293
916,0.003646425,-5704.4644,-5704.4644,-4400.1074
917,0.003648167,-5174.015,-5174.015,-1945.0844
918,0.003649917,-3816.764,73.07867,-3816.764
919,0.003651644,-1305.0178,-1305.0178,-1943.0531
920,0.003653386,1683.914,1683.914,4759.3613
921,0.003655077,4072.978,4072.978,4072.978
922,0.003656731,5295.3203,5295.3203,3450.5486
923,0.003658337,5867.631,5867.631,5888.236
924,0.003659907,6495.3687,6495.3687,6495.3687
925,0.003661514,7593.7954,7593.7954,10181.432
926,0.003663144,8449.4795,8449.4795,5114.0327
927,0.003664749,8043.986,7061.4023,8043.986
928,0.003666299,5933.7725,5933.7725,6296.103
929,0.003667851,3153.4185,3153.4185,2001.7203
930,0.003669423,1102.361,1102.361,1102.361
931,0.003671005,842.8728,842.8728,-1268.0061
932,0.003672596,1633.9194,1633.9194,2081.0015
933,0.003674187,2246.275,2246.275,2246.275
934,0.00367577,1730.4686,1730.4686,6496.6577
935,0.003677367,242.2169,242.2169,3536.8767
936,0.003678993,-1801.967,-909.15796,-1801.967
937,0.003680596,-3815.1501,-3815.1501,-5578.303
938,0.003682202,-5071.4126,-5071.4126,-5704.2715
939,0.003683853,-4710.7407,-4710.7407,-4710.7407
940,0.003685506,-2234.5635,-2234.5635,514.8219
941,0.003687146,1004.9824,1004.9824,2046.3688
942,0.003688785,3287.9236,3287.9236,3287.9236
943,0.003690415,3389.9456,3389.9456,1228.7906
944,0.003692047,2071.1501,2071.1501,63.814102
945,0.00369367,575.4547,2078.2666,575.4547
946,0.00369521,-123.29738,-123.29738,1903.9156
947,0.003696687,-170.58644,-170.58644,4188.1973
948,0.003698164,146.40785,146.40785,146.40785
949,0.003699664,523.69025,523.69025,-2433.8345
950,0.00370121,342.57605,342.57605,-2255.1233
951,0.003702829,-1250.9202,-1250.9202,-1250.9202
952,0.0037045,-4746.2856,-4746.2856,-5608.4434
953,0.003706177,-8413.775,-8413.775,-7742.7563
954,0.003707885,-9969.873,-5883.589,-9969.873
955,0.003709599,-7772.8057,-7772.8057,-7129.7017
956,0.003711269,-3746.9465,-3746.9465,-1911.8812
957,0.003712942,-353.78748,-353.78748,-353.78748
958,0.003714635,550.806,550.806,-582.74835
959,0.003716328,-335.25803,-335.25803,-1265.2328
960,0.003718006,-1590.6078,-1590.6078,-1590.6078
961,0.003719652,-2057.7542,-2057.7542,870.2048
962,0.003721311,-1468.1252,-1468.1252,-855.19366
963,0.003722931,214.89223,-1401.7478,214.89223
964,0.003724455,2633.0227,2633.0227,548.81415
965,0.003725932,4701.2026,4701.2026,4087.783
966,0.003727411,5264.689,5264.689,5264.689
967,0.003728938,3492.5818,3492.5818,2279.783
968,0.003730488,580.9469,580.9469,1131.8844
969,0.003732006,-1538.3109,-1538.3109,-1538.3109
970,0.003733526,-1639.2588,-1639.2588,-1762.9045
971,0.003735099,-406.7348,-406.7348,635.98596
972,0.003736683,828.3922,125.403,828.3922
973,0.003738218,1058.9213,1058.9213,2197.1267
974,0.003739754,874.7944,874.7944,2302.0408
975,0.003741338,1214.525,1214.525,1214.525
976,0.003742958,2758.6958,2758.6958,3774.1265
977,0.00374456,4607.4185,4607.4185,6299.486
978,0.003746133,5537.111,5537.111,5537.111
979,0.003747708,4831.714,4831.714,3316.5798
980,0.003749241,3452.5798,3452.5798,1260.0641
981,0.003750771,2644.6736,5498.0693,2644.6736
982,0.003752315,3325.4856,3325.4856,4828.15
983,0.003753895,5140.3286,5140.3286,6666.7515
984,0.003755525,7351.377,7351.377,7351.377
985,0.003757136,9143.895,9143.895,6093.783
986,0.003758729,10309.382,10309.382,7671.3765
987,0.003760307,10774.579,10774.579,10774.579
988,0.003761887,10508.07,10508.07,11418.635
989,0.003763464,9659.681,9659.681,9905.571
990,0.003765039,8427.423,6888.6562,8427.423
991,0.003766634,6999.6704,6999.6704,7542.2207
992,0.003768226,5656.0933,5656.0933,6322.9395
993,0.003769815,4669.8843,4669.8843,4669.8843
994,0.003771407,4204.652,4204.652,3453.8455
995,0.003772987,4005.2202,4005.2202,3088.369
996,0.003774519,3722.7202,3722.7202,3722.7202
997,0.003776042,3067.9255,3067.9255,681.0172
998,0.003777554,1923.3682,1923.3682,419.62662
999,0.003779054,215.90787,782.4916,215.90787
1000,0.003780569,-2050.5344,-2050.5344,-3176.2952
1001,0.003782131,-4401.364,-4401.364,-5966.7954
1002,0.003783711,-6076.78,-6076.78,-6076.78
1003,0.003785309,-6513.742,-6513.742,-4447.1626
1004,0.003786925,-5956.9287,-5956.9287,-3972.1624
1005,0.003788512,-4917.9204,-4917.9204,-4917.9204
1006,0.003790104,-3849.8035,-3849.8035,-3604.4983
1007,0.003791708,-3142.1719,-3142.1719,-4774.569
1008,0.003793313,-3183.8342,-514.8424,-3183.8342
1009,0.003794888,-4088.8562,-4088.8562,-1983.4203
1010,0.003796496,-5059.6714,-5059.6714,-1706.3969
1011,0.003798132,-4965.5767,-4965.5767,-4965.5767
1012,0.003799764,-3123.3254,-3123.3254,-4419.686
1013,0.003801335,-895.91943,-895.91943,-2722.889
1014,0.003802839,171.15004,171.15004,171.15004
1015,0.003804317,-681.06555,-681.06555,1258.2438
1016,0.003805812,-2352.4158,-2352.4158,26.095356
1017,0.003807353,-3218.4204,-1217.1493,-3218.4204
1018,0.003808945,-2029.9662,-2029.9662,-3777.4907
1019,0.003810504,-292.44717,-292.44717,-2972.467
1020,0.003812029,-68.23277,-68.23277,-68.23277
1021,0.003813574,-2631.1443,-2631.1443,-317.02963
1022,0.003815169,-6557.1567,-6557.1567,-6941.6465
1023,0.003816726,-9270.396,-9270.396,-9270.396
1024,0.003818263,-9204.952,-9204.952,-985.8421
1025,0.003819858,-7264.5356,-7264.5356,-1593.8969
1026,0.003821495,-5117.1235,-6056.974,-5117.1235
1027,0.003823095,-4244.8687,-4244.8687,-8132.5996
1028,0.003824672,-4206.566,-4206.566,-9432.076
1029,0.003826241,-4197.0376,-4197.0376,-4197.0376
1030,0.003827765,-3658.8083,-3658.8083,297.06412
1031,0.003829273,-2783.6428,-2783.6428,-2579.975
1032,0.003830806,-1901.5844,-1901.5844,-1901.5844
1033,0.003832339,-1313.2113,-1313.2113,-1875.2015
1034,0.003833839,-1012.45654,-1012.45654,-2093.9282
1035,0.003835358,-903.1625,-2394.7007,-903.1625
1036,0.003836865,-918.22406,-918.22406,-736.2484
1037,0.003838373,-1027.0281,-1027.0281,-2681.5842
1038,0.003839876,-1209.9358,-1209.9358,-1209.9358
1039,0.003841377,-1461.3068,-1461.3068,4974.197
1040,0.00384289,-1832.4845,-1832.4845,1688.9
1041,0.003844372,-2370.5376,-2370.5376,-2370.5376
1042,0.003845867,-3068.704,-3068.704,-897.7562
1043,0.003847412,-3595.1777,-3595.1777,-1489.9281
1044,0.003849,-3451.131,-2801.8157,-3451.131
1045,0.00385064,-2296.5664,-2296.5664,-3214.7876
1046,0.003852322,-780.02094,-780.02094,-272.3812
1047,0.003853961,61.86879,61.86879,61.86879
1048,0.003855598,-378.58035,-378.58035,3160.4783
1049,0.003857268,-1610.9884,-1610.9884,1298.1267
1050,0.003858913,-2771.717,-2771.717,-2771.717
1051,0.003860452,-3241.072,-3241.072,-4214.7017
1052,0.00386201,-3229.0303,-3229.0303,-3911.1702
1053,0.003863595,-3018.6233,-1522.7751,-3018.6233
1054,0.0038652,-2858.5674,-2858.5674,-2058.4749
1055,0.003866795,-2770.2542,-2770.2542,-2770.514
1056,0.003868392,-2710.9827,-2710.9827,-2710.9827
1057,0.003869966,-2672.7708,-2672.7708,-1253.6859
1058,0.003871552,-2776.841,-2776.841,-796.82654
1059,0.003873164,-3189.6233,-3189.6233,-3189.6233
1060,0.003874795,-3974.39,-3974.39,-4553.272
1061,0.003876432,-4728.359,-4728.359,-5636.3496
1062,0.003878058,-4928.6626,-3500.571,-4928.6626
1063,0.003879679,-4265.3267,-4265.3267,-4308.108
1064,0.0038813,-3189.2659,-3189.2659,-4816.819
1065,0.003882922,-2340.6077,-2340.6077,-2340.6077
1066,0.003884505,-2143.3887,-2143.3887,-1310.889
1067,0.003886063,-2157.0964,-2157.0964,-1785.8108
1068,0.003887631,-1778.9905,-1778.9905,-1778.9905
1069,0.003889243,-558.5211,-558.5211,919.236
1070,0.003890872,1125.7753,1125.7753,2249.0952
1071,0.00389249,2634.2673,2753.6091,2634.2673
1072,0.003894113,3523.7458,3523.7458,825.88446
1073,0.00389573,3953.091,3953.091,1976.3297
1074,0.003897329,4241.1577,4241.1577,4241.1577
1075,0.003898962,4595.923,4595.923,5230.705
1076,0.003900565,4739.4287,4739.4287,3807.9783
1077,0.003902141,4319.924,4319.924,4319.924
1078,0.003903706,3184.0967,3184.0967,3827.8142
1079,0.003905318,1860.6498,1860.6498,3083.697
1080,0.003906993,1185.0875,-175.21512,1185.0875
1081,0.003908688,1674.6576,1674.6576,1266.7517
1082,0.003910382,1920.8478,1920.8478,3131.0095
1083,0.003912092,-3.7483947,-3.7483947,-3.7483947
1084,0.00391379,-5124.1445,-5124.1445,-8501.928
1085,0.003915465,-10942.505,-10942.505,-13110.201
1086,0.003917132,-14336.459,-14336.459,-14336.459
1087,0.003918795,-13168.826,-13168.826,-9713.576
1088,0.003920485,-8983.389,-8983.389,-4562.655
1089,0.003922167,-4454.928,-7826.504,-4454.928
1090,0.003923797,-1749.8301,-1749.8301,-6662.99
1091,0.003925416,-790.1219,-790.1219,-5451.0923
1092,0.003927059,-1174.6156,-1174.6156,-1174.6156
1093,0.003928727,-2484.6216,-2484.6216,-1800.9203
1094,0.003930316,-3917.4617,-3917.4617,-3237.2874
1095,0.00393188,-4815.272,-4815.272,-4815.272
1096,0.003933479,-4741.872,-4741.872,-5602.061
1097,0.003935101,-4100.916,-4100.916,-6171.8735
1098,0.003936773,-3581.7327,-2523.982,-3581.7327
1099,0.003938377,-3648.7207,-3648.7207,209.26723
1100,0.003939918,-3591.7356,-3591.7356,-581.8499
1101,0.003941437,-2566.1545,-2566.1545,-2566.1545
1102,0.00394296,-185.11409,-185.11409,-6796.7637
1103,0.003944492,2149.391,2149.391,-3631.5217
1104,0.00394606,2504.111,2504.111,2504.111
1105,0.003947555,-156.97963,-156.97963,2952.775
1106,0.003949018,-3631.486,-3631.486,-2960.5688
1107,0.003950508,-5299.201,-1746.9462,-5299.201
1108,0.003952055,-3134.88,-3134.88,-4537.951
1109,0.003953686,904.89,904.89,-390.33432
1110,0.003955263,2903.3687,2903.3687,2903.3687
1111,0.003956805,629.36536,629.36536,-1844.0453
1112,0.003958359,-4058.9026,-4058.9026,-5767.0063
1113,0.003959944,-8307.857,-8307.857,-8307.857
1114,0.00396156,-9684.984,-9684.984,-4843.6934
1115,0.003963169,-8721.627,-8721.627,-7054.514
1116,0.003964782,-6809.584,-4585.556,-6809.584
1117,0.003966382,-5130.196,-5130.196,-5807.6157
1118,0.003967925,-3969.3967,-3969.3967,-1851.2875
1119,0.003969437,-3309.811,-3309.811,-3309.811
1120,0.003970933,-3061.865,-3061.865,-3568.553
1121,0.003972404,-2763.5027,-2763.5027,-3244.0063
1122,0.003973862,-1886.5922,-1886.5922,-1886.5922
1123,0.003975367,-84.754616,-84.754616,1935.2281
1124,0.003976943,1965.1893,1965.1893,4008.5562
1125,0.003978581,3053.5564,1031.7708,3053.5564
1126,0.00398024,2183.9067,2183.9067,2338.267
1127,0.003981897,85.10963,85.10963,-490.66245
1128,0.003983567,-2092.6938,-2092.6938,-2092.6938
1129,0.00398522,-3432.2883,-3432.2883,-935.92804
1130,0.003986846,-4233.268,-4233.268,-3477.2563
1131,0.003988446,-5056.9746,-5056.9746,-5056.9746
1132,0.003989976,-6144.8105,-6144.8105,-8295.178
1133,0.003991488,-6894.89,-6894.89,-8131.9434
1134,0.003993054,-6455.7324,-3870.3137,-6455.7324
1135,0.003994744,-4022.8547,-4022.8547,-384.84995
1136,0.003996415,-777.7297,-777.7297,3069.7905
1137,0.003998071,1697.7125,1697.7125,1697.7125
1138,0.003999743,2296.7788,2296.7788,-3496.4124
1139,0.004001437,1495.8224,1495.8224,-4757.858
1140,0.004003106,271.51724,271.51724,271.51724
1141,0.004004768,-588.21124,-588.21124,2438.7517
1142,0.004006441,-897.7306,-897.7306,2910.5876
1143,0.004008096,-611.8031,-1045.1737,-611.8031
1144,0.004009733,167.81934,167.81934,-3680.686
1145,0.004011288,837.23804,837.23804,-3353.9048
1146,0.004012796,837.1344,837.1344,837.1344
1147,0.004014313,-119.01899,-119.01899,5557.9004
1148,0.004015855,-1345.4496,-1345.4496,2457.2126
1149,0.004017441,-1820.1624,-1820.1624,-1820.1624
1150,0.004019046,-832.09283,-832.09283,-8089.303
1151,0.004020614,479.3239,479.3239,-4568.975
1152,0.0040222,635.6501,-2759.8179,635.6501
1153,0.004023836,-1426.5251,-1426.5251,1091.4469
1154,0.004025448,-4276.9575,-4276.9575,-3295.756
1155,0.004027012,-5959.92,-5959.92,-5959.92
1156,0.004028545,-5348.6196,-5348.6196,-3478.4438
1157,0.004030067,-3390.9958,-3390.9958,739.1969
1158,0.004031606,-1439.8734,-1439.8734,-1439.8734
1159,0.004033176,-589.85736,-589.85736,1854.9392
1160,0.004034791,-653.062,-653.062,11.64223
1161,0.004036397,-1029.9828,-400.23953,-1029.9828
1162,0.004037947,-1157.9823,-1157.9823,-2655.8733
1163,0.004039418,-813.58167,-813.58167,-604.40466
1164,0.004040842,124.673485,124.673485,124.673485
1165,0.004042254,1646.8817,1646.8817,665.9313
1166,0.004043668,3128.0703,3128.0703,1964.4469
1167,0.004045115,3771.6892,3771.6892,3771.6892
1168,0.00404663,2936.9895,2936.9895,199.85316
1169,0.004048219,1290.734,1290.734,1079.5016
1170,0.004049816,166.17348,-1640.6531,166.17348
1171,0.004051412,566.5823,566.5823,2106.4626
1172,0.004053025,2078.157,2078.157,3221.8843
1173,0.004054641,3894.7048,3894.7048,3894.7048
1174,0.004056251,5224.693,5224.693,4267.6733
1175,0.004057881,5416.8516,5416.8516,3381.6187
1176,0.004059519,3794.4001,3794.4001,3794.4001
1177,0.004061143,166.78836,166.78836,1190.4236
1178,0.004062757,-3991.1008,-3991.1008,-2742.3342
1179,0.004064422,-6904.8027,-4729.956,-6904.8027
1180,0.004066083,-7019.606,-7019.606,-6159.014
1181,0.004067722,-5322.487,-5322.487,-3747.85
1182,0.004069397,-3277.1858,-3277.1858,-3277.1858
1183,0.004071029,-2169.9133,-2169.9133,-4716.194
1184,0.004072574,-1870.4183,-1870.4183,-5703.5215
1185,0.004074086,-1962.6703,-1962.6703,-1962.6703
1186,0.004075625,-2090.4758,-2090.4758,297.5797
1187,0.004077247,-1692.4297,-1692.4297,3619.7673
1188,0.004078876,-95.396835,-1261.6411,-95.396835
1189,0.0040805,2913.3535,2913.3535,381.64224
1190,0.004082155,5860.857,5860.857,7602.9155
1191,0.004083815,6632.5405,6632.5405,6632.5405
1192,0.004085426,4001.1182,4001.1182,4537.3296
1193,0.004087017,-399.81042,-399.81042,146.24379
1194,0.004088643,-4538.2485,-4538.2485,-4538.2485
1195,0.004090291,-6546.054,-6546.054,-4987.8813
1196,0.004091929,-6420.1445,-6420.1445,50.603165
1197,0.004093501,-4798.709,-6761.194,-4798.709
1198,0.004095074,-2266.192,-2266.192,-6090.272
1199,0.004096678,306.02402,306.02402,-2024.5297
1200,0.004098267,1804.9156,1804.9156,1804.9156
1201,0.004099856,1696.6902,1696.6902,3809.3608
1202,0.004101462,1322.6166,1322.6166,4445.2515
1203,0.004103106,2613.517,2613.517,2613.517
1204,0.004104759,6718.4297,6718.4297,4539.299
1205,0.004106441,11163.122,11163.122,9359.119
1206,0.004108058,12330.143,9033.182,12330.143
1207,0.004109615,8591.962,8591.962,10851.041
1208,0.004111195,2438.341,2438.341,3833.0798
1209,0.004112853,-2564.3032,-2564.3032,-2564.3032
1210,0.004114494,-3098.421,-3098.421,-6390.6235
1211,0.004116096,-987.01373,-987.01373,-4365.2485
1212,0.004117626,989.4625,989.4625,989.4625
1213,0.004119114,1236.6511,1236.6511,832.0016
1214,0.004120609,693.19525,693.19525,-2114.022
1215,0.004122183,907.5563,661.6277,907.5563
1216,0.004123799,3151.2732,3151.2732,6192.7515
1217,0.004125427,6251.4478,6251.4478,8669.697
1218,0.004127029,8315.954,8315.954,8315.954
1219,0.004128657,8114.5596,8114.5596,6026.3145
1220,0.004130288,6457.7964,6457.7964,8960.173
1221,0.004131948,4735.7593,4735.7593,4735.7593
1222,0.004133633,4058.3403,4058.3403,-894.7874
1223,0.004135266,3939.5178,3939.5178,13.681293
1224,0.004136817,3532.7515,4670.904,3532.7515
1225,0.004138315,2317.7815,2317.7815,2394.5796
1226,0.004139807,375.9906,375.9906,-970.90466
1227,0.004141315,-2102.4595,-2102.4595,-2102.4595
1228,0.00414284,-4797.7905,-4797.7905,-4394.764
1229,0.004144388,-6942.0854,-6942.0854,-6462.662
1230,0.004145981,-7570.24,-7570.24,-7570.24
1231,0.004147595,-5981.323,-5981.323,-4775.7173
1232,0.004149206,-3203.873,-3203.873,-787.7562
1233,0.004150765,-750.77185,-1324.5917,-750.77185
1234,0.004152281,445.6507,445.6507,796.2047
1235,0.004153816,734.9937,734.9937,2884.6108
1236,0.004155362,684.28284,684.28284,684.28284
1237,0.004156916,752.47424,752.47424,1518.1188
1238,0.004158488,840.9121,840.9121,1624.6969
1239,0.004160075,697.15784,697.15784,697.15784
1240,0.0041617,144.81363,144.81363,-1.4280821
1241,0.004163371,-587.56934,-587.56934,-1913.8264
1242,0.004165045,-1107.0844,1687.0421,-1107.0844
1243,0.00416666,-1167.2555,-1167.2555,-828.3578
1244,0.004168258,-1062.3269,-1062.3269,-649.9203
1245,0.004169837,-1171.3344,-1171.3344,-1171.3344
1246,0.00417143,-1794.1567,-1794.1567,-3254.1936
1247,0.004173047,-2949.8853,-2949.8853,-4438.303
1248,0.004174693,-4584.3813,-4584.3813,-4584.3813
1249,0.004176319,-6387.896,-6387.896,-5929.9907
1250,0.004177889,-7379.6304,-7379.6304,-7142.9907
1251,0.004179435,-6599.2793,-5095.1084,-6599.2793
1252,0.004180999,-3550.287,-3550.287,-406.16245
1253,0.004182572,91.08513,91.08513,2419.2124
1254,0.004184123,2023.8297,2023.8297,2023.8297
1255,0.004185661,841.66254,841.66254,1875.3922
1256,0.004187227,-2154.7314,-2154.7314,-4221.2095
1257,0.004188806,-4849.9126,-4849.9126,-4849.9126
1258,0.004190391,-5524.6147,-5524.6147,-3715.1858
1259,0.00419201,-4409.909,-4409.909,-4080.4749
1260,0.004193655,-2259.2407,-1638.1819,-2259.2407
1261,0.004195263,29.896263,29.896263,1105.8063
1262,0.004196875,1818.3383,1818.3383,2287.0876
1263,0.004198523,2434.267,2434.267,2434.267
1264,0.004200181,1439.3501,1439.3501,2646.4314
1265,0.004201792,-189.40724,-189.40724,749.16565
1266,0.004203355,-1278.4514,-1278.4514,-1278.4514
1267,0.004204879,-1183.1134,-1183.1134,-3001.5452
1268,0.004206353,-650.1936,-650.1936,-2161.7249
1269,0.004207806,-619.9359,-1231.6097,-619.9359
1270,0.004209291,-1687.8364,-1687.8364,173.00941
1271,0.004210872,-3175.4163,-3175.4163,-1210.5765
1272,0.004212542,-3688.8188,-3688.8188,-3688.8188
1273,0.004214215,-2117.008,-2117.008,-653.6078
1274,0.004215892,346.10925,346.10925,3298.8923
1275,0.004217523,1911.3611,1911.3611,1911.3611
1276,0.004219123,1545.8081,1545.8081,-2798.3892
1277,0.004220731,161.99469,161.99469,-2748.0999
1278,0.004222364,-868.18585,2136.3308,-868.18585
1279,0.004224028,-432.7568,-432.7568,6767.6733
1280,0.004225709,1078.707,1078.707,7559.3066
1281,0.00422738,2806.9392,2806.9392,2806.9392
1282,0.004229048,4045.3533,4045.3533,-1448.2015
1283,0.004230722,4595.503,4595.503,1053.4078
1284,0.004232395,4375.478,4375.478,4375.478
1285,0.004234038,3430.1045,3430.1045,6787.181
1286,0.004235657,2177.569,2177.569,5628.2207
1287,0.004237242,1096.2672,-217.74072,1096.2672
1288,0.004238818,453.2628,453.2628,-2261.256
1289,0.004240354,-54.140804,-54.140804,-3070.2954
1290,0.004241833,-832.45935,-832.45935,-832.45935
1291,0.004243281,-2119.8494,-2119.8494,-115.39683
1292,0.004244765,-3721.6946,-3721.6946,-2083.3499
1293,0.004246349,-5305.545,-5305.545,-5305.545
1294,0.004248,-6359.527,-6359.527,-6208.24
1295,0.004249644,-6511.508,-6511.508,-5324.8423
1296,0.004251299,-5507.3657,-6630.3257,-5507.3657
1297,0.004252964,-3316.529,-3316.529,-5795.7017
1298,0.004254637,-908.9188,-908.9188,-5321.7407
1299,0.004256342,472.75162,472.75162,472.75162
1300,0.00425805,8.05894,8.05894,2657.7593
1301,0.004259765,-893.0148,-893.0148,465.9313
1302,0.004261444,-287.7015,-287.7015,-287.7015
1303,0.004263059,2722.594,2722.594,2325.4858
1304,0.004264653,6191.774,6191.774,5798.541
1305,0.004266253,7640.6343,4933.21,7640.6343
1306,0.004267842,5389.1763,5389.1763,4345.2515
1307,0.004269424,1107.5591,1107.5591,-1052.889
1308,0.004271017,-2805.9673,-2805.9673,-2805.9673
1309,0.004272628,-4447.205,-4447.205,-304.3187
1310,0.004274222,-4248.5205,-4248.5205,-96.02183
1311,0.004275762,-3322.1157,-3322.1157,-3322.1157
1312,0.004277284,-2486.5098,-2486.5098,-6222.5063
1313,0.004278839,-1903.974,-1903.974,-5089.0454
1314,0.004280435,-1628.5609,-3101.3027,-1628.5609
1315,0.004282041,-1682.1077,-1682.1077,121.196915
1316,0.004283608,-1910.3813,-1910.3813,-898.88116
1317,0.004285168,-2135.0295,-2135.0295,-2135.0295
1318,0.004286735,-2210.7168,-2210.7168,-1993.4437
1319,0.00428831,-2096.3691,-2096.3691,-2427.928
1320,0.004289868,-1783.9437,-1783.9437,-1783.9437
1321,0.004291434,-1298.2573,-1298.2573,-1898.9047
1322,0.004293029,-819.75854,-819.75854,-618.49054
1323,0.004294618,-595.1468,326.70697,-595.1468
1324,0.004296154,-762.8647,-762.8647,1990.9235
1325,0.004297668,-1134.354,-1134.354,-1358.6156
1326,0.004299188,-1474.1625,-1474.1625,-1474.1625
1327,0.004300688,-1598.6052,-1598.6052,1691.1031
1328,0.00430217,-1557.5322,-1557.5322,2095.4314
1329,0.004303636,-1449.7015,-1449.7015,-1449.7015
1330,0.004305116,-1325.2489,-1325.2489,-4876.303
1331,0.004306607,-1069.589,-1069.589,-4107.3735
1332,0.004308134,-507.99838,-1148.3607,-507.99838
1333,0.004309662,457.14127,457.14127,4140.6187
1334,0.004311194,1655.5426,1655.5426,6101.2905
1335,0.004312761,2866.494,2866.494,2866.494
1336,0.004314325,3784.4856,3784.4856,1383.2985
1337,0.004315888,4064.1006,4064.1006,2074.072
1338,0.004317471,3323.7593,3323.7593,3323.7593
1339,0.004319085,1357.1947,1357.1947,1840.1969
1340,0.00432074,-1091.4631,-1091.4631,-876.0062
1341,0.004322418,-2882.092,-931.8204,-2882.092
1342,0.004324041,-3155.3567,-3155.3567,-2713.8577
1343,0.004325569,-2475.293,-2475.293,-1403.1859
1344,0.004327109,-1498.2719,-1498.2719,-1498.2719
1345,0.004328658,-699.17993,-699.17993,-3706.8499
1346,0.004330228,30.775661,30.775661,-1124.8656
1347,0.004331827,960.6188,960.6188,960.6188
1348,0.004333415,2232.6992,2232.6992,3987.1814
1349,0.004335002,3579.2515,3579.2515,2924.2517
1350,0.004336546,4599.7905,4419.8325,4599.7905
1351,0.00433806,5019.114,5019.114,3761.7593
1352,0.004339559,4722.218,4722.218,4570.939
1353,0.004341067,3601.5876,3601.5876,3601.5876
1354,0.00434258,1710.5676,1710.5676,1118.8063
1355,0.004344115,-232.11115,-232.11115,-1514.9359
1356,0.004345648,-1253.3187,-1253.3187,-1253.3187
1357,0.004347221,-735.25366,-735.25366,-1137.0219
1358,0.004348781,471.3208,471.3208,-253.13121
1359,0.004350357,1129.4391,1030.5748,1129.4391
1360,0.004351964,287.30267,287.30267,-2516.4282
1361,0.004353515,-1447.9927,-1447.9927,-5140.514
1362,0.004355052,-3217.3345,-3217.3345,-3217.3345
1363,0.004356575,-4353.8604,-4353.8604,1053.2906
1364,0.004358014,-4805.3813,-4805.3813,-821.57654
1365,0.004359422,-4735.0845,-4735.0845,-4735.0845
1366,0.004360883,-4223.2285,-4223.2285,-8937.381
1367,0.004362447,-3387.4055,-3387.4055,-7328.967
1368,0.004364037,-2485.975,-2407.1892,-2485.975
1369,0.004365645,-1800.395,-1800.395,126.704735
1370,0.004367266,-1670.9899,-1670.9899,-3645.256
1371,0.004368821,-2397.6702,-2397.6702,-2397.6702
1372,0.004370322,-3936.7275,-3936.7275,-1409.3265
1373,0.004371853,-5372.3335,-5372.3335,-2529.0295
1374,0.004373442,-5377.5293,-5377.5293,-5377.5293
1375,0.004375078,-2921.881,-2921.881,-6661.1543
1376,0.004376689,568.0473,568.0473,-1015.0452
1377,0.004378283,3192.267,3276.0012,3192.267
1378,0.004379855,3637.9348,3637.9348,1181.8844
1379,0.004381402,2549.2922,2549.2922,262.3219
1380,0.004382923,969.8063,969.8063,969.8063
1381,0.004384453,-286.48068,-286.48068,5043.767
1382,0.004386053,-842.2616,-842.2616,2867.0173
1383,0.004387716,-289.8031,-289.8031,-289.8031
1384,0.004389393,1479.0132,1479.0132,893.9391
1385,0.004391124,3432.2812,3432.2812,3608.3296
1386,0.004392834,4037.2126,4446.458,4037.2126
1387,0.004394527,2434.8447,2434.8447,1942.8531
1388,0.004396184,-101.77477,-101.77477,-1970.342
1389,0.004397736,-1898.9359,-1898.9359,-1898.9359
1390,0.004399268,-2165.0073,-2165.0073,1644.4156
1391,0.004400807,-1492.742,-1492.742,2096.2673
1392,0.004402334,-828.89685,-828.89685,-828.89685
1393,0.004403846,-828.9711,-828.9711,-4432.631
1394,0.004405382,-1095.9244,-1095.9244,-6800.8105
1395,0.004406926,-950.8734,-759.7837,-950.8734
1396,0.004408431,25.699963,25.699963,81.6891
1397,0.004409949,1365.64,1365.64,1967.1813
1398,0.00441152,2366.9158,2366.9158,2366.9158
1399,0.004413093,2405.4927,2405.4927,-2258.4202
1400,0.004414692,1747.3478,1747.3478,-1684.8656
1401,0.004416286,907.61096,907.61096,907.61096
1402,0.004417819,358.33093,358.33093,4158.4155
1403,0.004419332,271.08997,271.08997,3984.4312
1404,0.004420867,798.5016,2076.0066,798.5016
1405,0.004422414,1977.1989,1977.1989,1846.908
1406,0.004423974,3284.733,3284.733,3895.9312
1407,0.004425518,4025.619,4025.619,4025.619
1408,0.004427035,3800.4958,3800.4958,977.486
1409,0.004428565,3137.063,3137.063,940.81415
1410,0.004430111,2795.4705,2795.4705,2795.4705
1411,0.00443163,3299.0515,3299.0515,6653.9863
1412,0.004433154,4181.178,4181.178,6840.5015
1413,0.004434707,4738.4316,2907.6345,4738.4316
1414,0.004436257,4408.867,4408.867,1912.7047
1415,0.004437826,3426.7407,3426.7407,1368.0797
1416,0.004439407,2242.7205,2242.7205,2242.7205
1417,0.004440966,1314.9657,1314.9657,2742.7673
1418,0.004442506,941.17865,941.17865,1662.2047
1419,0.00444405,1386.1423,1386.1423,1386.1423
1420,0.0044456,2739.101,2739.101,3671.392
1421,0.004447194,4323.894,4323.894,4905.236
1422,0.004448731,5117.2754,4902.62,5117.2754
1423,0.004450238,4600.026,4600.026,1500.9625
1424,0.004451794,3286.8577,3286.8577,742.97815
1425,0.004453409,2030.0875,2030.0875,2030.0875
1426,0.004454996,1665.2854,1665.2854,1833.6188
1427,0.004456583,2175.0432,2175.0432,-215.92809
1428,0.004458151,3362.3452,3362.3452,3362.3452
1429,0.004459726,4977.2476,4977.2476,5947.8374
1430,0.004461286,6395.897,6395.897,5428.2676
1431,0.004462874,6953.8843,8202.859,6953.8843
1432,0.004464457,6046.7725,6046.7725,3562.3376
1433,0.004466035,3640.0093,3640.0093,1116.3063
1434,0.004467636,-249.61559,-249.61559,-249.61559
1435,0.004469243,-5181.349,-5181.349,-3691.4983
1436,0.004470795,-9191.782,-9191.782,-7265.194
1437,0.004472346,-10457.998,-10457.998,-10457.998
1438,0.004473914,-7694.6885,-7694.6885,-3300.9592
1439,0.004475475,-2654.5938,-2654.5938,873.34534
1440,0.004477034,2171.9392,-503.5313,2171.9392
1441,0.004478593,4838.7593,4838.7593,1625.9469
1442,0.004480133,5505.824,5505.824,2253.1968
1443,0.004481595,4934.2983,4934.2983,4934.2983
1444,0.004483018,3769.6948,3769.6948,5999.236
1445,0.004484488,2336.5972,2336.5972,3508.3455
1446,0.004486026,993.7672,993.7672,993.7672
1447,0.004487584,120.32583,120.32583,152.38441
1448,0.004489115,-374.44897,-374.44897,-700.4359
1449,0.004490633,-725.76404,2470.7373,-725.76404
1450,0.004492166,-1054.4993,-1054.4993,1410.9158
1451,0.004493734,-1054.9277,-1054.9277,509.62662
1452,0.004495356,-247.92807,-247.92807,-247.92807
1453,0.004496977,1556.3441,1556.3441,-16.045269
1454,0.004498548,3342.321,3342.321,2630.4624
1455,0.004500118,4006.4236,4006.4236,4006.4236
1456,0.004501696,2852.5164,2852.5164,4093.9155
1457,0.004503334,965.2986,965.2986,1340.9235
1458,0.004504998,166.86879,-1328.2225,166.86879
1459,0.004506591,1576.2932,1576.2932,-1173.3812
1460,0.004508152,3633.3762,3633.3762,1026.2281
1461,0.0045097,4395.345,4395.345,4395.345
1462,0.004511248,2638.1956,2638.1956,2275.1814
1463,0.004512785,-197.16632,-197.16632,-947.1312
1464,0.004514345,-2081.631,-2081.631,-2081.631
1465,0.004515948,-1476.7836,-1476.7836,234.97035
1466,0.004517545,324.03125,324.03125,-727.6078
1467,0.004519139,1243.283,-1391.5,1243.283
1468,0.004520739,-116.543274,-116.543274,287.19693
1469,0.004522305,-2407.6196,-2407.6196,-1651.7797
1470,0.004523907,-3777.6858,-3777.6858,-3777.6858
1471,0.004525497,-2845.6746,-2845.6746,-5322.772
1472,0.004527089,-847.3098,-847.3098,-4519.858
1473,0.00452869,355.53284,355.53284,355.53284
1474,0.004530323,-587.0785,-587.0785,-1616.4047
1475,0.004531958,-2599.5667,-2599.5667,-3749.4827
1476,0.004533571,-3927.9517,-3217.9185,-3927.9517
1477,0.004535176,-3411.906,-3411.906,-5584.428
1478,0.004536762,-1832.7479,-1832.7479,-1787.0375
1479,0.004538345,-386.34998,-386.34998,-386.34998
1480,0.004539925,45.318718,45.318718,285.22818
1481,0.004541473,-220.43779,-220.43779,-110.3109
1482,0.00454296,-588.1078,-588.1078,-588.1078
1483,0.004544426,-663.6072,-663.6072,-300.13123
1484,0.004545912,-471.06946,-471.06946,-1039.9594
1485,0.004547464,-118.826515,-931.3403,-118.826515
1486,0.004549062,270.03534,270.03534,682.4469
1487,0.004550659,609.9442,609.9442,2356.2908
1488,0.004552257,841.2516,841.2516,841.2516
1489,0.004553906,873.76013,873.76013,954.91565
1490,0.00455554,496.0261,496.0261,234.72035
1491,0.004557102,-459.10776,-459.10776,-459.10776
1492,0.004558682,-2016.4427,-2016.4427,-4008.092
1493,0.004560268,-3340.4927,-3340.4927,-2961.2874
1494,0.004561855,-3374.3186,-3457.6138,-3374.3186
1495,0.004563447,-1492.7642,-1492.7642,436.6891
1496,0.004564984,1076.5319,1076.5319,4205.5405
1497,0.004566495,2924.8533,2924.8533,2924.8533
1498,0.004568001,3160.2805,3160.2805,1159.361
1499,0.00456947,2544.6758,2544.6758,3163.314
1500,0.00457094,2173.158,2173.158,2173.158
1501,0.00457246,2852.5227,2852.5227,2735.1108
1502,0.004574046,4179.4634,4179.4634,3760.7673
1503,0.004575618,5218.439,5168.313,5218.439
1504,0.004577176,5374.036,5374.036,4692.7437
1505,0.004578754,5217.384,5217.384,4986.017
1506,0.00458029,5595.588,5595.588,5595.588
1507,0.004581764,6923.8765,6923.8765,8354.563
1508,0.00458324,8486.138,8486.138,10793.36
1509,0.004584758,9273.682,9273.682,9273.682
1510,0.004586301,8379.144,8379.144,6639.0015
1511,0.004587806,6081.602,6081.602,3313.228
1512,0.004589329,2808.142,6278.328,2808.142
1513,0.004590868,-915.5562,-915.5562,1009.93134
1514,0.004592387,-4224.5825,-4224.5825,-4459.553
1515,0.004593905,-6341.9355,-6341.9355,-6341.9355
1516,0.004595428,-6725.8945,-6725.8945,-6708.3813
1517,0.004596974,-5928.363,-5928.363,-5889.2563
1518,0.004598538,-4817.764,-4817.764,-4817.764
1519,0.004600114,-4130.059,-4130.059,-6084.936
1520,0.004601736,-3823.16,-3823.16,-4840.2407
1521,0.004603372,-3657.272,-2917.0366,-3657.272
1522,0.004605005,-3455.5142,-3455.5142,-5311.178
1523,0.004606622,-3403.3218,-3403.3218,-2234.311
1524,0.004608233,-3767.014,-3767.014,-3767.014
1525,0.004609825,-4632.1777,-4632.1777,-5160.647
1526,0.004611399,-5432.212,-5432.212,-3585.561
1527,0.004612946,-5482.6235,-5482.6235,-5482.6235
1528,0.004614495,-4368.978,-4368.978,-2699.7485
1529,0.004616029,-2631.252,-2631.252,-1286.7484
1530,0.004617536,-1027.0609,512.52704,-1027.0609
1531,0.004619067,-35.23521,-35.23521,-4578.53
1532,0.004620598,543.72736,543.72736,-2658.6936
1533,0.004622107,1119.7203,1119.7203,1119.7203
1534,0.004623633,2052.31,2052.31,4631.775
1535,0.004625108,3359.0105,3359.0105,3093.439
1536,0.004626563,5044.97,5044.97,5044.97
1537,0.004628023,7048.7188,7048.7188,5842.103
1538,0.004629513,8950.609,8950.609,7253.15
1539,0.004631059,10162.603,8282.8,10162.603
1540,0.004632616,10162.727,10162.727,14348.76
1541,0.004634171,9303.286,9303.286,8845.893
1542,0.004635751,8131.306,8131.306,8131.306
1543,0.0046373,7199.6177,7199.6177,6708.728
1544,0.004638846,6753.8145,6753.8145,9425.174
1545,0.004640392,6999.8296,6999.8296,6999.8296
1546,0.004641935,7912.3174,7912.3174,8816.838
1547,0.004643496,8548.05,8548.05,9894.533
1548,0.004645079,7654.7983,6033.737,7654.7983
1549,0.004646677,4434.1714,4434.1714,608.7594
1550,0.004648273,266.12863,266.12863,4254.4937
1551,0.004649861,-2936.6704,-2936.6704,-2936.6704
1552,0.004651492,-3888.0906,-3888.0906,-3600.4436
1553,0.004653089,-3539.195,-3539.195,-4017.264
1554,0.004654618,-3473.2795,-3473.2795,-3473.2795
1555,0.004656135,-4562.534,-4562.534,-2540.7483
1556,0.004657692,-5774.1265,-5774.1265,-5422.701
1557,0.004659291,-5398.944,-4463.985,-5398.944
1558,0.004660912,-2337.4514,-2337.4514,-2048.7717
1559,0.004662483,1141.6847,1141.6847,-581.8421
1560,0.00466404,2370.8765,2370.8765,2370.8765
1561,0.004665638,-445.21658,-445.21658,-640.3734
1562,0.004667288,-5316.8066,-5316.8066,-5856.6855
1563,0.004668912,-8642.28,-8642.28,-8642.28
1564,0.004670525,-8099.9644,-8099.9644,-7864.6704
1565,0.004672081,-5334.1553,-5334.1553,-3634.342
1566,0.004673619,-2627.0842,-5777.3,-2627.0842
1567,0.004675127,-1576.0057,-1576.0057,-4538.7017
1568,0.004676628,-1679.9012,-1679.9012,-3490.178
1569,0.004678139,-2014.0219,-2014.0219,-2014.0219
1570,0.004679687,-1802.5286,-1802.5286,-2629.342
1571,0.004681262,-925.335,-925.335,-2397.6233
1572,0.004682839,525.3532,525.3532,525.3532
1573,0.004684341,2317.9944,2317.9944,3131.744
1574,0.004685827,4241.9155,4241.9155,4957.6265
1575,0.004687304,6033.775,4874.231,6033.775
1576,0.004688786,7453.067,7453.067,6970.291
1577,0.00469032,8290.227,8290.227,6970.666
1578,0.004691853,8256.221,8256.221,8256.221
1579,0.004693334,7276.6343,7276.6343,7872.3457
1580,0.004694806,5652.0576,5652.0576,5998.986
1581,0.004696301,3714.0483,3714.0483,3714.0483
1582,0.004697831,1820.4983,1820.4983,3251.5093
1583,0.00469938,378.89676,378.89676,1817.1266
1584,0.004700894,-200.20152,455.34103,-200.20152
1585,0.004702397,216.97179,216.97179,-4224.0137
1586,0.004703937,1111.522,1111.522,-2460.1313
1587,0.004705537,1729.5017,1729.5017,1729.5017
1588,0.00470712,1489.95,1489.95,2074.9705
1589,0.004708679,1027.9872,1027.9872,732.15784
1590,0.004710245,1220.1267,1220.1267,1220.1267
1591,0.004711797,2601.2056,2601.2056,5130.2124
1592,0.004713323,4376.543,4376.543,6598.572
1593,0.004714858,5527.5093,7352.136,5527.5093
1594,0.004716402,5329.2925,5329.2925,4030.0642
1595,0.004717945,4447.1133,4447.1133,2739.939
1596,0.00471951,3902.5564,3902.5564,3902.5564
1597,0.004721113,4490.9277,4490.9277,4908.111
1598,0.004722716,5737.918,5737.918,4775.47
1599,0.004724338,6827.533,6827.533,6827.533
1600,0.004725961,7060.5205,7060.5205,7953.6035
1601,0.004727553,6438.9478,6438.9478,5365.0327
1602,0.004729069,5195.8613,5761.1304,5195.8613
1603,0.00473054,3535.3115,3535.3115,4837.158
1604,0.004732014,1709.3069,1709.3069,2866.7048
1605,0.00473349,39.150043,39.150043,39.150043
1606,0.004734992,-1224.0966,-1224.0966,2614.0955
1607,0.004736493,-2000.714,-2000.714,712.0797
1608,0.004737988,-2302.0999,-2302.0999,-2302.0999
1609,0.004739512,-2172.608,-2172.608,-267.889
1610,0.004741074,-1789.1609,-1789.1609,-1913.2094
1611,0.004742639,-1402.3969,-2882.8442,-1402.3969
1612,0.004744226,-1171.8582,-1171.8582,-2530.8733
1613,0.004745842,-877.6188,-877.6188,-30.217146
1614,0.004747444,-201.36559,-201.36559,-201.36559
1615,0.004749044,996.3789,996.3789,2358.2517
1616,0.004750657,2125.5532,2125.5532,2108.4783
1617,0.004752274,2376.6577,2376.6577,2376.6577
1618,0.004753876,1234.8153,1234.8153,-3767.8733
1619,0.004755469,-708.6163,-708.6163,-3511.7327
1620,0.00475708,-2645.4124,-3678.974,-2645.4124
1621,0.004758681,-3825.0833,-3825.0833,-458.27963
1622,0.004760271,-4061.0857,-4061.0857,425.16565
1623,0.004761878,-3278.9517,-3278.9517,-3278.9517
1624,0.004763547,-1448.4713,-1448.4713,-4606.225
1625,0.004765223,777.1836,777.1836,-863.6781
1626,0.004766888,2573.2437,2573.2437,2573.2437
1627,0.004768487,3432.6443,3432.6443,4998.963
1628,0.004770051,4036.3232,4036.3232,3204.7983
1629,0.004771598,5213.689,4208.8315,5213.689
1630,0.004773159,7390.8525,7390.8525,10784.471
1631,0.004774767,9383.212,9383.212,13455.408
1632,0.004776417,9321.682,9321.682,9321.682
1633,0.004778066,5992.8755,5992.8755,6744.8843
1634,0.004779698,1339.9127,1339.9127,2447.9626
1635,0.00478125,-1979.4828,-1979.4828,-1979.4828
1636,0.004782804,-2548.8855,-2548.8855,472.43912
1637,0.004784376,-1037.1625,-1037.1625,1079.6656
1638,0.004786,1324.7047,1476.0354,1324.7047
1639,0.004787639,3157.7551,3157.7551,-750.5765
1640,0.004789258,3438.4011,3438.4011,1109.2828
1641,0.004790846,1381.9156,1381.9156,1381.9156
1642,0.004792365,-2927.749,-2927.749,-3569.428
1643,0.004793813,-7135.793,-7135.793,-6808.959
1644,0.004795246,-8963.929,-8963.929,-8963.929
1645,0.004796724,-6803.3013,-6803.3013,-6852.803
1646,0.004798308,-2129.2625,-2129.2625,-1649.1233
1647,0.004799944,1676.861,-1840.1362,1676.861
1648,0.004801548,1716.9976,1716.9976,1262.2516
1649,0.004803136,-739.06573,-739.06573,206.04066
1650,0.004804743,-3674.2874,-3674.2874,-3674.2874
1651,0.004806363,-5415.781,-5415.781,-2576.2014
1652,0.004807987,-6026.251,-6026.251,-3965.1233
1653,0.00480962,-6037.4673,-6037.4673,-6037.4673
1654,0.004811235,-5892.4146,-5892.4146,-5253.4673
1655,0.004812791,-5648.415,-5648.415,-6952.858
1656,0.004814335,-5256.639,-3687.2144,-5256.639
1657,0.004815905,-4640.9736,-4640.9736,-6094.6157
1658,0.004817497,-3663.4292,-3663.4292,-6992.865
1659,0.004819093,-2178.4202,-2178.4202,-2178.4202
1660,0.004820648,-231.91095,-231.91095,-1351.8422
1661,0.004822248,1750.9889,1750.9889,2225.5093
1662,0.004823859,3033.8298,3033.8298,3033.8298
1663,0.004825477,3079.4014,3079.4014,3173.8142
1664,0.004827099,2099.0508,2099.0508,3166.2517
1665,0.004828688,539.7047,3421.0935,539.7047
1666,0.004830268,-1240.109,-1240.109,-1521.8031
1667,0.004831808,-2964.9097,-2964.9097,-3705.389
1668,0.004833389,-4517.7563,-4517.7563,-4517.7563
1669,0.004835008,-5670.518,-5670.518,-3695.6545
1670,0.004836685,-6216.258,-6216.258,-2344.014
1671,0.004838371,-5921.4517,-5921.4517,-5921.4517
1672,0.004840042,-4741.614,-4741.614,-6729.662
1673,0.00484165,-3189.1711,-3189.1711,-4307.967
1674,0.004843213,-1780.4281,-1860.6068,-1780.4281
1675,0.004844768,-823.4851,-823.4851,1738.1189
1676,0.004846283,-171.35513,-171.35513,1063.1266
1677,0.004847794,462.1969,462.1969,462.1969
1678,0.004849342,1293.0831,1293.0831,2574.892
1679,0.004850906,2250.692,2250.692,2991.6423
1680,0.004852488,3199.4702,3199.4702,3199.4702
1681,0.004854112,4018.9868,4018.9868,7101.1187
1682,0.00485573,4605.948,4605.948,7666.0327
1683,0.004857322,4902.486,6824.414,4902.486
1684,0.004858939,4892.7153,4892.7153,3592.572
1685,0.004860616,4662.9365,4662.9365,2966.5486
1686,0.004862305,4357.6187,4357.6187,4357.6187
1687,0.004863956,4008.6765,4008.6765,3485.2358
1688,0.004865593,3129.007,3129.007,1537.4235
1689,0.0048672,1163.15,1163.15,1163.15
1690,0.004868688,-1841.2533,-1841.2533,-814.7953
1691,0.004870095,-4836.841,-4836.841,-3223.6392
1692,0.004871499,-6873.694,-3107.172,-6873.694
1693,0.004872953,-7211.575,-7211.575,-8157.733
1694,0.004874469,-6430.0947,-6430.0947,-7734.717
1695,0.004875963,-5722.49,-5722.49,-5722.49
1696,0.00487745,-5928.302,-5928.302,-5121.7563
1697,0.004878942,-6528.665,-6528.665,-6562.217
1698,0.004880436,-6661.076,-6661.076,-6661.076
1699,0.004881923,-5728.459,-5728.459,-4845.373
1700,0.004883434,-4152.502,-4152.502,-1607.6077
1701,0.00488499,-2644.842,-1721.5004,-2644.842
1702,0.004886583,-1862.2704,-1862.2704,-5262.1465
1703,0.004888199,-1733.4733,-1733.4733,-5183.5215
1704,0.004889783,-1947.6467,-1947.6467,-1947.6467
1705,0.004891363,-2206.8809,-2206.8809,-1704.803
1706,0.004892894,-2284.498,-2284.498,-2621.381
1707,0.00489446,-1981.0219,-1981.0219,-1981.0219
1708,0.004896031,-1171.8773,-1171.8773,-1494.1625
1709,0.0048976,-114.26193,-114.26193,1965.0172
1710,0.004899209,864.9782,-1183.3975,864.9782
1711,0.004900829,1431.2214,1431.2214,-1632.2953
1712,0.004902424,1519.5387,1519.5387,-746.8421
1713,0.004904021,1146.2047,1146.2047,1146.2047
1714,0.004905644,298.28522,298.28522,2025.3688
1715,0.004907216,-968.14825,-968.14825,-344.02966
1716,0.004908735,-2603.2407,-2603.2407,-2603.2407
1717,0.004910253,-4474.215,-4474.215,-3232.0376
1718,0.004911824,-5788.3735,-5788.3735,-4330.022
1719,0.004913422,-5369.1704,-4552.826,-5369.1704
1720,0.004914953,-2698.449,-2698.449,-767.49054
1721,0.004916484,992.7261,992.7261,3011.8767
1722,0.004918061,4122.4077,4122.4077,4122.4077
1723,0.004919617,5226.865,5226.865,1583.9078
1724,0.004921141,4769.8545,4769.8545,1988.3455
1725,0.004922687,3544.8142,3544.8142,3544.8142
1726,0.004924261,2211.051,2211.051,5431.306
1727,0.004925842,1008.2323,1008.2323,5570.7983
1728,0.004927429,43.88442,-1340.5802,43.88442
1729,0.004929056,-658.94763,-658.94763,-4892.5293
1730,0.004930662,-1335.5612,-1335.5612,-5472.326
1731,0.00493222,-2296.3735,-2296.3735,-2296.3735
1732,0.004933763,-3721.7778,-3721.7778,-1479.2249
1733,0.004935315,-5289.5874,-5289.5874,-3093.389
1734,0.004936899,-6537.483,-6537.483,-6537.483
1735,0.004938503,-7092.841,-7092.841,-8102.5454
1736,0.004940121,-7245.8047,-7245.8047,-8643.139
1737,0.004941728,-7472.4824,-5523.193,-7472.4824
1738,0.004943349,-8128.735,-8128.735,-8940.139
1739,0.004944994,-9048.005,-9048.005,-9656.17
1740,0.004946621,-9889.061,-9889.061,-9889.061
1741,0.00494824,-10302.505,-10302.505,-6730.295
1742,0.00494985,-9781.1455,-9781.1455,-6001.2324
1743,0.004951458,-7782.1777,-7782.1777,-7782.1777
1744,0.004953105,-4015.4688,-4015.4688,-9025.389
1745,0.004954746,139.05165,139.05165,-818.975
1746,0.004956333,2932.2593,1796.26,2932.2593
1747,0.004957929,3450.8533,3450.8533,3127.4001
1748,0.004959559,2581.6655,2581.6655,2373.9468
1749,0.00496123,1806.525,1806.525,1806.525
1750,0.004962934,2402.1152,2402.1152,2621.7751
1751,0.004964605,3984.4468,3984.4468,5857.6973
1752,0.004966245,5772.4707,5772.4707,5772.4707
1753,0.004967899,7160.063,7160.063,1833.0719
1754,0.004969538,7755.923,7755.923,1661.2438
1755,0.004971161,7289.017,5256.5845,7289.017
1756,0.004972766,5793.6777,5793.6777,9590.119
1757,0.004974341,4429.54,4429.54,7878.564
1758,0.004975937,4541.6343,4541.6343,4541.6343
1759,0.004977593,7075.33,7075.33,4493.9473
1760,0.004979254,10300.683,10300.683,8361.854
1761,0.004980926,11749.76,11749.76,11749.76
1762,0.004982539,9867.434,9867.434,8969.61
1763,0.004984129,6423.595,6423.595,6518.861
1764,0.004985736,3695.033,3320.691,3695.033
1765,0.004987337,3392.535,3392.535,3094.533
1766,0.004988957,4443.086,4443.086,3275.2358
1767,0.004990621,5037.9624,5037.9624,5037.9624
1768,0.00499233,3716.2783,3716.2783,5339.689
1769,0.004994045,1461.9766,1461.9766,3846.908
1770,0.00499575,-47.82652,-47.82652,-47.82652
1771,0.004997411,310.9199,310.9199,2473.978
1772,0.004999097,1819.7482,1819.7482,4089.6108
1773,0.005000788,3309.1187,2928.546,3309.1187
1774,0.00500245,3806.8477,3806.8477,4509.4233
1775,0.005004102,3272.4287,3272.4287,4242.681
1776,0.005005745,1855.2672,1855.2672,1855.2672
1777,0.005007407,-220.1668,-220.1668,-1897.5297
1778,0.00500909,-2213.5427,-2213.5427,-5293.0137
1779,0.005010766,-3195.342,-3195.342,-3195.342
1780,0.005012398,-2627.3838,-2627.3838,136.7516
1781,0.005013973,-1237.8268,-1237.8268,1022.5954
1782,0.005015507,110.79848,-2063.0312,110.79848
1783,0.005017061,912.69226,912.69226,-2161.8733
1784,0.005018652,1526.4144,1526.4144,-3030.7954
1785,0.005020218,2538.8064,2538.8064,2538.8064
1786,0.005021768,4331.993,4331.993,8018.181
1787,0.005023347,6509.52,6509.52,9923.228
1788,0.005024962,8392.088,8392.088,8392.088
1789,0.005026543,9280.169,9280.169,6569.174
1790,0.005028052,8992.878,8992.878,5123.814
1791,0.005029537,7467.2905,5250.8794,7467.2905
1792,0.005031021,4722.159,4722.159,8516.307
1793,0.00503252,1403.6616,1403.6616,4366.088
1794,0.005034031,-1613.717,-1613.717,-1613.717
1795,0.00503558,-3660.228,-3660.228,-3806.7954
1796,0.005037163,-4847.5654,-4847.5654,-4060.0217
1797,0.00503875,-5551.272,-5551.272,-5551.272
1798,0.005040354,-6104.552,-6104.552,-3510.5532
1799,0.005041865,-6408.0605,-6408.0605,-2682.1545
1800,0.005043337,-6347.7173,-9006.24,-6347.7173
1801,0.005044844,-5829.263,-5829.263,-5710.7407
1802,0.005046341,-5001.325,-5001.325,-4274.084
1803,0.005047837,-4064.803,-4064.803,-4064.803
1804,0.005049384,-3256.0537,-3256.0537,-5185.8574
1805,0.005050957,-3135.0215,-3135.0215,-5947.2017
1806,0.005052521,-4317.3735,-4317.3735,-4317.3735
1807,0.005054098,-6900.665,-6900.665,-3543.6702
1808,0.005055673,-8819.721,-8819.721,-2757.4124
1809,0.005057244,-7500.6235,-4968.631,-7500.6235
1810,0.005058801,-1613.6006,-1613.6006,-3977.608
1811,0.005060341,5594.9253,5594.9253,1667.4626
1812,0.005061875,9997.423,9997.423,9997.423
1813,0.005063417,8779.55,8779.55,8682.853
1814,0.005064997,4156.787,4156.787,5417.83
1815,0.005066629,-35.70152,-35.70152,-35.70152
1816,0.005068308,-438.1736,-438.1736,-1815.2327
1817,0.005070002,1593.2755,1593.2755,-1278.725
1818,0.005071674,3218.0955,1384.109,3218.0955
1819,0.005073319,2502.2993,2502.2993,3686.2046
1820,0.005074963,530.14343,530.14343,466.5485
1821,0.005076631,-931.0452,-931.0452,-931.0452
1822,0.005078305,-553.94464,-553.94464,-1082.5687
1823,0.005079986,744.43445,744.43445,426.58755
1824,0.00508164,1458.4078,1458.4078,1458.4078
1825,0.005083248,713.39496,713.39496,1105.5016
1826,0.005084875,-438.8544,-438.8544,619.35315
1827,0.005086513,-439.71713,-980.86316,-439.71713
1828,0.005088115,1562.3657,1562.3657,-2125.5845
1829,0.00508973,3851.909,3851.909,1600.6969
1830,0.005091354,4004.4783,4004.4783,4004.4783
1831,0.005092906,784.1745,784.1745,10.3062935
1832,0.005094422,-3307.2698,-3307.2698,-4531.6704
1833,0.005095926,-5286.037,-5286.037,-5286.037
1834,0.005097427,-3230.5212,-3230.5212,-2647.4749
1835,0.005098956,937.5662,937.5662,3547.1655
1836,0.005100538,4123.7437,186.29256,4123.7437
1837,0.00510218,3548.0356,3548.0356,-1560.5375
1838,0.005103815,266.08643,266.08643,-5100.256
1839,0.005105474,-3568.686,-3568.686,-3568.686
1840,0.005107119,-6010.7974,-6010.7974,-3149.7874
1841,0.005108743,-6783.0093,-6783.0093,-3042.1702
1842,0.005110393,-5973.6543,-5973.6543,-5973.6543
1843,0.005112037,-3863.5977,-3863.5977,-6549.2095
1844,0.005113627,-1689.6616,-1689.6616,-6022.3423
1845,0.005115215,-662.475,2167.7378,-662.475
1846,0.005116813,-1583.1154,-1583.1154,-378.52182
1847,0.005118364,-3327.1775,-3327.1775,-4215.6313
1848,0.005119874,-4459.076,-4459.076,-4459.076
1849,0.005121379,-4047.07,-4047.07,-4563.4126
1850,0.005122926,-2413.2004,-2413.2004,-1284.3656
1851,0.005124535,-228.11559,-228.11559,-228.11559
1852,0.005126192,1730.7059,1730.7059,4390.7905
1853,0.005127852,2906.2195,2906.2195,4119.3296
1854,0.005129497,2891.369,1994.7717,2891.369
1855,0.005131135,1545.7263,1545.7263,4539.095
1856,0.005132772,-355.82947,-355.82947,4288.0796
1857,0.005134393,-1802.7328,-1802.7328,-1802.7328
1858,0.005135953,-2172.5776,-2172.5776,-1276.1469
1859,0.00513748,-2151.9373,-2151.9373,-5912.576
1860,0.005139029,-2633.8577,-2633.8577,-2633.8577
1861,0.005140581,-4208.929,-4208.929,-5411.694
1862,0.005142148,-6234.817,-6234.817,-6077.8574
1863,0.005143706,-7694.8965,-6814.197,-7694.8965
1864,0.005145241,-7888.7017,-7888.7017,-6493.506
1865,0.005146777,-7180.547,-7180.547,-6156.8813
1866,0.005148344,-6144.1074,-6144.1074,-6144.1074
1867,0.005149979,-5259.099,-5259.099,-4984.49
1868,0.005151659,-4551.6836,-4551.6836,-4364.358
1869,0.00515331,-3908.592,-3908.592,-3908.592
1870,0.005154978,-3179.6433,-3179.6433,-4036.1624
1871,0.005156576,-2349.1533,-2349.1533,-2757.264
1872,0.005158088,-1408.2406,-2041.3549,-1408.2406
1873,0.005159636,-241.21283,-241.21283,104.37661
1874,0.005161179,1222.0648,1222.0648,885.22815
1875,0.005162679,3033.3218,3033.3218,3033.3218
1876,0.005164155,5161.7163,5161.7163,5531.189
1877,0.005165643,7118.4434,7118.4434,7166.3687
1878,0.005167191,8236.079,8236.079,8236.079
1879,0.005168827,7866.0737,7866.0737,9199.455
1880,0.00517041,6518.62,6518.62,7051.447
1881,0.005171966,4995.5015,8152.968,4995.5015
1882,0.005173538,3816.1921,3816.1921,2525.6501
1883,0.005175105,2823.0344,2823.0344,3060.486
1884,0.005176674,1651.2438,1651.2438,1651.2438
1885,0.005178276,15.481381,15.481381,16.360981
1886,0.005179936,-1925.855,-1925.855,-2431.0686
1887,0.005181617,-3784.0688,-3784.0688,-3784.0688
1888,0.00518327,-5146.4834,-5146.4834,-1013.1
1889,0.005184939,-5696.066,-5696.066,-1195.4515
1890,0.005186536,-5114.272,-5281.3647,-5114.272
1891,0.005188058,-3496.572,-3496.572,-6703.358
1892,0.005189554,-1783.1046,-1783.1046,-4929.7246
1893,0.005191037,-1048.6781,-1048.6781,-1048.6781
1894,0.005192528,-1945.5693,-1945.5693,-142.4359
1895,0.005194055,-3530.9229,-3530.9229,-739.27966
1896,0.005195599,-4299.272,-4299.272,-4299.272
1897,0.005197123,-3185.5984,-3185.5984,-2866.108
1898,0.005198665,-995.65497,-995.65497,-1960.6077
1899,0.005200232,970.025,2563.053,970.025
1900,0.005201825,1635.9971,1635.9971,1738.1422
1901,0.005203432,1288.3744,1288.3744,-452.70154
1902,0.005205045,618.3141,618.3141,618.3141
1903,0.005206647,209.7559,209.7559,1584.15
1904,0.005208245,114.916405,114.916405,819.92346
1905,0.005209807,255.52504,255.52504,255.52504
1906,0.005211395,516.138,516.138,-2491.1624
1907,0.00521298,578.7184,578.7184,-2423.6235
1908,0.005214506,111.47817,483.641,111.47817
1909,0.005216004,-929.82837,-929.82837,2143.5251
1910,0.005217552,-1662.7389,-1662.7389,940.8375
1911,0.005219126,-777.4359,-777.4359,-777.4359
1912,0.005220715,2453.7292,2453.7292,969.5563
1913,0.005222358,6192.8594,6192.8594,3729.7124
1914,0.005223985,7505.463,7505.463,7505.463
1915,0.0052256,4652.693,4652.693,5116.6187
1916,0.005227167,-142.14941,-142.14941,887.7594
1917,0.005228737,-4161.983,180.91768,-4161.983
1918,0.005230356,-5424.182,-5424.182,-2195.9983
1919,0.00523195,-5063.563,-5063.563,-3105.506
1920,0.005233501,-5140.701,-5140.701,-5140.701
1921,0.005235026,-6849.2417,-6849.2417,-5764.7246
1922,0.005236533,-8844.008,-8844.008,-7299.1855
1923,0.005238077,-9236.842,-9236.842,-9236.842
1924,0.005239672,-6509.5903,-6509.5903,-8695.99
1925,0.0052413,-2015.328,-2015.328,-3569.342
1926,0.005242912,1811.9469,769.05524,1811.9469
1927,0.005244528,3275.1465,3275.1465,3822.2905
1928,0.005246152,2933.1526,2933.1526,3622.4312
1929,0.005247805,1928.7985,1928.7985,1928.7985
1930,0.00524945,1261.1964,1261.1964,2269.3845
1931,0.005251061,999.9164,999.9164,2831.2908
1932,0.005252649,976.84534,976.84534,976.84534
1933,0.005254258,1066.5851,1066.5851,-1183.0844
1934,0.005255911,1238.6736,1238.6736,-215.92809
1935,0.005257583,1478.2047,773.0493,1478.2047
1936,0.005259273,1748.7751,1748.7751,3512.7126
1937,0.005260961,1925.7869,1925.7869,2754.689
1938,0.00526263,1869.4391,1869.4391,1869.4391
1939,0.005264252,1520.5256,1520.5256,-1097.0922
1940,0.00526585,1049.8215,1049.8215,-1541.225
1941,0.00526747,660.0719,660.0719,660.0719
1942,0.005269097,603.09106,603.09106,2786.369
1943,0.005270686,1210.0748,1210.0748,2161.3845
1944,0.005272258,2806.0017,2016.0281,2806.0017
1945,0.005273831,5427.3413,5427.3413,5794.0874
1946,0.005275418,7873.035,7873.035,8753.502
1947,0.005276943,8579.314,8579.314,8579.314
1948,0.005278433,6890.828,6890.828,6010.142
1949,0.005279947,4161.6577,4161.6577,2831.4312
1950,0.005281511,2359.5562,2359.5562,2359.5562
1951,0.00528309,3027.8665,3027.8665,4861.486
1952,0.00528465,4633.66,4633.66,5838.728
1953,0.005286206,4955.0566,4269.9644,4955.0566
1954,0.005287796,2464.6018,2464.6018,-256.12338
1955,0.005289433,-1348.5029,-1348.5029,-2682.8186
1956,0.005291046,-3803.6235,-3803.6235,-3803.6235
1957,0.005292587,-3330.033,-3330.033,-1435.8344
1958,0.005294103,-1517.2949,-1517.2949,637.8141
1959,0.005295634,-401.81873,-401.81873,-401.81873
1960,0.005297214,-1506.5542,-1506.5542,-2602.1233
1961,0.005298836,-3743.6135,-3743.6135,-4685.7637
1962,0.005300456,-5060.1157,-5349.162,-5060.1157
1963,0.005302066,-4072.6272,-4072.6272,-1771.6312
1964,0.005303694,-1953.9052,-1953.9052,837.0563
1965,0.005305348,-579.1156,-579.1156,-579.1156
1966,0.00530699,-1341.8549,-1341.8549,-3557.5298
1967,0.005308595,-3185.6453,-3185.6453,-5200.2876
1968,0.005310175,-4612.7954,-4612.7954,-4612.7954
1969,0.005311749,-4541.346,-4541.346,-2764.8188
1970,0.005313338,-3055.0193,-3055.0193,-2410.9905
1971,0.005314975,-465.0765,-2257.7292,-465.0765
1972,0.005316638,2689.3342,2689.3342,3423.0015
1973,0.005318275,5255.991,5255.991,3976.9937
1974,0.005319876,6132.525,6132.525,6132.525
1975,0.005321455,4731.509,4731.509,11480.095
1976,0.005323003,2001.352,2001.352,7572.15
1977,0.005324572,-928.1078,-928.1078,-928.1078
1978,0.005326112,-2981.0493,-2981.0493,-5523.3657
1979,0.005327624,-4010.7498,-4010.7498,-5450.8345
1980,0.005329159,-4055.5764,-3384.5476,-4055.5764
1981,0.005330743,-3165.7207,-3165.7207,-2596.842
1982,0.005332326,-1933.0126,-1933.0126,-411.18588
1983,0.005333893,-1091.2094,-1091.2094,-1091.2094
1984,0.005335473,-1075.3705,-1075.3705,-248.78746
1985,0.005337056,-1273.3564,-1273.3564,-2197.967
1986,0.005338638,-790.40466,-790.40466,-790.40466
1987,0.005340229,900.3427,900.3427,4185.2905
1988,0.005341864,2822.6572,2822.6572,7129.2827
1989,0.005343425,3446.0955,390.55588,3446.0955
1990,0.005344905,2144.938,2144.938,-166.17807
1991,0.005346411,-59.25322,-59.25322,-1068.0375
1992,0.005347989,-1713.0217,-1713.0217,-1713.0217
1993,0.005349607,-1459.78,-1459.78,113.954735
1994,0.005351234,65.13447,65.13447,1491.3141
1995,0.005352844,1622.2595,1622.2595,1622.2595
1996,0.005354444,2411.9739,2411.9739,1801.0876
1997,0.005356064,3181.1765,3181.1765,2346.4001
1998,0.005357678,5047.4155,3565.5352,5047.4155
1999,0.00535927,8563.457,8563.457,9416.143
2000,0.005360853,12292.75,12292.75,11130.665
2001,0.00536246,14354.485,14354.485,14354.485
2002,0.005364098,13259.087,13259.087,13507.923
2003,0.005365742,10042.215,10042.215,11248.182
2004,0.005367404,6443.6577,6443.6577,6443.6577
2005,0.005369059,3970.746,3970.746,3821.0405
2006,0.005370693,2642.2075,2642.2075,1737.2281
2007,0.005372355,2091.6814,3860.571,2091.6814
2008,0.00537403,2007.1339,2007.1339,1753.8689
2009,0.005375718,2023.5967,2023.5967,-188.33434
2010,0.00537741,1756.5094,1756.5094,1756.5094
2011,0.005379074,958.329,958.329,899.275
2012,0.005380737,-152.8609,-152.8609,-986.2875
2013,0.005382401,-1242.6234,-1242.6234,-1242.6234
2014,0.005384073,-1993.2722,-1993.2722,594.0563
2015,0.005385725,-2144.9082,-2144.9082,-112.39683
2016,0.005387343,-1500.8812,-1847.9824,-1500.8812
2017,0.005388959,-74.27557,-74.27557,-2957.0767
2018,0.005390537,1238.7262,1238.7262,349.236
2019,0.005392101,1453.0798,1453.0798,1453.0798
2020,0.005393605,73.91557,73.91557,-1296.3344
2021,0.005395079,-1904.4945,-1904.4945,-3615.4592
2022,0.005396542,-3283.2014,-3283.2014,-3283.2014
2023,0.005398012,-3220.9292,-3220.9292,-1689.4203
2024,0.005399528,-2135.3801,-2135.3801,779.5016
2025,0.005401077,-857.8812,-1434.2336,-857.8812
2026,0.005402672,-189.96796,-189.96796,-2884.7874
2027,0.005404245,-409.72263,-409.72263,-3751.6858
2028,0.005405792,-1563.9125,-1563.9125,-1563.9125
2029,0.005407296,-3430.9866,-3430.9866,261.52505
2030,0.00540879,-4961.099,-4961.099,-2647.9048
2031,0.005410281,-4902.2173,-4902.2173,-4902.2173
2032,0.00541178,-2527.2246,-2527.2246,611.5875
2033,0.005413316,758.3729,758.3729,2179.2437
2034,0.005414916,2755.658,-520.06464,2755.658
2035,0.005416543,1621.8844,1621.8844,-677.8577
2036,0.005418146,-1033.5941,-1033.5941,-918.42804
2037,0.005419688,-2818.6545,-2818.6545,-2818.6545
2038,0.005421237,-2298.7075,-2298.7075,-3787.7092
2039,0.005422799,-278.53525,-278.53525,-2006.9437
2040,0.005424401,1823.6031,1823.6031,1823.6031
2041,0.005426049,2801.8528,2801.8528,1106.775
2042,0.005427694,3041.3728,3041.3728,2924.9468
2043,0.005429341,3428.517,2557.0474,3428.517
2044,0.005430998,4602.2544,4602.2544,5425.064
2045,0.00543262,6132.2935,6132.2935,7212.3374
2046,0.005434222,7407.2905,7407.2905,7407.2905
2047,0.005435831,7995.1587,7995.1587,6774.4316
2048,0.005437458,8006.4233,8006.4233,5862.9077
2049,0.005439083,7702.8374,7702.8374,7702.8374
2050,0.005440739,7311.7905,7311.7905,9608.65
2051,0.005442411,6926.4375,6926.4375,7822.4155
2052,0.005444071,6608.189,2930.0044,6608.189
2053,0.005445696,6400.5894,6400.5894,4417.2983
2054,0.005447297,6294.0815,6294.0815,5124.142
2055,0.005448912,6271.7905,6271.7905,6271.7905
2056,0.00545054,6281.0093,6281.0093,7216.345
2057,0.005452178,6100.171,6100.171,6714.9004
2058,0.00545381,5466.7593,5466.7593,5466.7593
2059,0.005455473,4210.71,4210.71,5663.1426
2060,0.005457133,2699.9846,2699.9846,4539.478
2061,0.005458795,1414.822,-1631.1333,1414.822
2062,0.005460471,722.7541,722.7541,2051.3687
2063,0.005462059,540.20514,540.20514,1173.236
2064,0.005463612,627.9626,627.9626,627.9626
2065,0.005465142,808.1115,808.1115,1185.2672
2066,0.0054667,938.096,938.096,855.775
2067,0.005468282,864.5016,864.5016,864.5016
2068,0.005469894,447.96674,447.96674,-904.2093
2069,0.005471527,-337.1395,-337.1395,-1335.975
2070,0.005473175,-1481.1234,-1574.4525,-1481.1234
2071,0.005474854,-2896.9468,-2896.9468,-1659.5061
2072,0.005476493,-4059.0496,-4059.0496,-3991.7642
2073,0.005478069,-4465.483,-4465.483,-4465.483
2074,0.005479618,-3891.0974,-3891.0974,-4241.5767
2075,0.00548117,-2772.7717,-2772.7717,-3949.0688
2076,0.005482784,-1682.6702,-1682.6702,-1682.6702
2077,0.005484476,-1149.6721,-1149.6721,-761.3578
2078,0.005486198,-1003.651,-1003.651,-2191.5452
2079,0.005487934,-803.24835,-206.22517,-803.24835
2080,0.005489668,-213.95927,-213.95927,-98.90464
2081,0.0054914,591.8151,591.8151,-481.1234
2082,0.005493097,1305.0641,1305.0641,1305.0641
2083,0.005494781,1751.825,1751.825,3498.3767
2084,0.005496474,2124.128,2124.128,2425.908
2085,0.005498149,2690.2517,2690.2517,2690.2517
2086,0.005499799,3599.4536,3599.4536,1596.1969
2087,0.005501408,4568.617,4568.617,3805.064
2088,0.005503009,5269.275,2421.62,5269.275
2089,0.005504644,5487.7363,5487.7363,5897.9316
2090,0.005506299,5483.8145,5483.8145,3769.5093
2091,0.005507974,5678.6343,5678.6343,5678.6343
2092,0.005509671,6377.692,6377.692,6440.814
2093,0.005511391,7306.1006,7306.1006,9491.142
2094,0.005513112,8005.486,8005.486,8005.486
2095,0.005514844,8074.2227,8074.2227,6232.845
2096,0.005516585,7315.1475,7315.1475,7508.361
2097,0.005518173,5787.322,5300.3745,5787.322
2098,0.005519682,3652.198,3652.198,3492.158
2099,0.005521181,1527.0583,1527.0583,1712.0328
2100,0.005522707,182.22035,182.22035,182.22035
2101,0.005524283,227.36597,227.36597,730.6344
2102,0.005525873,1070.4801,1070.4801,1575.6188
2103,0.005527462,1711.4236,1711.4236,1711.4236
2104,0.005529071,1388.5399,1388.5399,753.3297
2105,0.005530735,312.34064,312.34064,-2481.272
2106,0.005532417,-956.9125,540.00525,-956.9125
2107,0.005534076,-1826.9409,-1826.9409,2024.611
2108,0.005535758,-1842.4028,-1842.4028,3384.1733
2109,0.00553743,-538.3109,-538.3109,-538.3109
2110,0.005539085,2121.085,2121.085,768.18915
2111,0.005540677,4640.4,4640.4,4821.65
2112,0.005542236,5509.728,5509.728,5509.728
2113,0.005543769,3898.4187,3898.4187,911.6188
2114,0.0055453,1129.724,1129.724,-3163.358
2115,0.00554685,-986.92804,679.8374,-986.92804
2116,0.005548429,-1023.87415,-1023.87415,4810.127
2117,0.005550011,368.143,368.143,5446.728
2118,0.005551582,1928.1891,1928.1891,1928.1891
2119,0.005553177,2741.097,2741.097,-1492.5453
2120,0.005554807,3071.819,3071.819,1525.7205
2121,0.00555646,3541.6658,3541.6658,3541.6658
2122,0.005558081,4583.7007,4583.7007,4208.8145
2123,0.00555965,5841.7783,5841.7783,5453.517
2124,0.005561215,6874.5015,4118.8604,6874.5015
2125,0.005562817,7310.6714,7310.6714,5038.9624
2126,0.005564468,7058.3667,7058.3667,3292.3452
2127,0.005566153,6115.6816,6115.6816,6115.6816
2128,0.005567849,4602.557,4602.557,7300.455
2129,0.005569541,2995.298,2995.298,6316.377
2130,0.005571162,1871.486,1871.486,1871.486
2131,0.005572771,1458.3923,1458.3923,2087.494
2132,0.005574345,1308.1246,1308.1246,2139.4236
2133,0.005575916,820.8298,80.58865,820.8298
2134,0.005577501,-480.87665,-480.87665,-1207.014
2135,0.005579077,-2561.9243,-2561.9243,-3546.467
2136,0.005580632,-5247.0454,-5247.0454,-5247.0454
2137,0.005582239,-8358.628,-8358.628,-6839.389
2138,0.005583885,-10813.03,-10813.03,-6780.733
2139,0.005585539,-11217.382,-11217.382,-11217.382
2140,0.005587188,-8769.6455,-8769.6455,-11191.803
2141,0.005588821,-4845.1133,-4845.1133,-9437.062
2142,0.005590465,-1221.2719,-2577.0383,-1221.2719
2143,0.005592122,650.6289,650.6289,1327.7438
2144,0.005593775,941.4426,941.4426,1644.3141
2145,0.005595402,288.986,288.986,288.986
2146,0.005597015,-727.1841,-727.1841,-1631.5062
2147,0.005598577,-1668.3237,-1668.3237,-613.1546
2148,0.00560011,-2210.4436,-2210.4436,-2210.4436
2149,0.005601637,-2230.7378,-2230.7378,-4851.217
2150,0.005603203,-2343.5676,-2343.5676,-3878.2173
2151,0.00560481,-3437.858,-3164.5479,-3437.858
2152,0.00560638,-5881.1265,-5881.1265,-3040.2563
2153,0.005607925,-8243.6,-8243.6,-5723.889
2154,0.005609507,-8752.545,-8752.545,-8752.545
2155,0.005611126,-6125.6978,-6125.6978,-6383.764
2156,0.00561273,-2453.5056,-2453.5056,-2639.3188
2157,0.005614323,-577.1625,-577.1625,-577.1625
2158,0.00561591,-2273.61,-2273.61,-4375.428
2159,0.005617482,-5419.2637,-5419.2637,-8697.623
2160,0.005618969,-7046.444,-3278.186,-7046.444
2161,0.005620474,-5534.265,-5534.265,-2697.7017
2162,0.005622073,-1987.6813,-1987.6813,659.0016
2163,0.005623686,1046.9078,1046.9078,1046.9078
2164,0.005625325,1550.6891,1550.6891,-1386.5453
2165,0.005626986,142.06812,142.06812,-2714.1626
2166,0.005628617,-1718.1234,-1718.1234,-1718.1234
2167,0.005630214,-2908.946,-2908.946,-2478.1936
2168,0.005631855,-3414.6548,-3414.6548,-4601.662
2169,0.005633466,-3397.2095,-4809.821,-3397.2095
2170,0.005635071,-3097.5828,-3097.5828,-246.84215
2171,0.005636708,-2868.1855,-2868.1855,-2780.7092
2172,0.00563834,-3120.2017,-3120.2017,-3120.2017
2173,0.00564001,-4136.377,-4136.377,-4708.1626
2174,0.005641683,-5545.766,-5545.766,-4531.108
2175,0.005643319,-6785.0845,-6785.0845,-6785.0845
2176,0.005644958,-7368.6924,-7368.6924,-7844.217
2177,0.005646556,-6771.3555,-6771.3555,-7636.139
2178,0.005648078,-4645.819,-6149.2236,-4645.819
2179,0.005649596,-988.2524,-988.2524,1357.8219
2180,0.005651138,2521.2727,2521.2727,4562.0093
2181,0.005652651,3587.353,3587.353,3587.353
2182,0.005654141,1129.6804,1129.6804,-1159.7719
2183,0.005655632,-2421.2505,-2421.2505,-5068.975
2184,0.005657181,-3741.186,-3741.186,-3741.186
2185,0.005658798,22.657425,22.657425,1202.3688
2186,0.005660438,6418.909,6418.909,9978.876
2187,0.005662077,11201.744,8021.0874,11201.744
2188,0.005663692,11322.496,11322.496,7350.8296
2189,0.005665298,8311.914,8311.914,2512.494
2190,0.005666906,4647.377,4647.377,4647.377
2191,0.005668503,2268.0793,2268.0793,8488.447
2192,0.005670103,869.995,869.995,6092.103
2193,0.005671748,-402.43588,-402.43588,-402.43588
2194,0.005673379,-2165.2544,-2165.2544,-7373.061
2195,0.005674967,-4220.455,-4220.455,-8792.726
2196,0.005676531,-6249.5454,-3146.7778,-6249.5454
2197,0.005678107,-7984.4736,-7984.4736,-5201.5376
2198,0.005679735,-9135.473,-9135.473,-6883.959
2199,0.005681328,-9324.343,-9324.343,-9324.343
2200,0.005682929,-8424.313,-8424.313,-12411.132
2201,0.005684533,-6879.779,-6879.779,-10513.225
2202,0.005686155,-5281.7876,-5281.7876,-5281.7876
2203,0.005687764,-4154.1123,-4154.1123,-1622.8187
2204,0.005689365,-3488.4111,-3488.4111,-490.74057
2205,0.005690989,-3157.6704,-4343.889,-3157.6704
2206,0.005692639,-3052.9658,-3052.9658,-3118.7407
2207,0.005694299,-3060.8025,-3060.8025,-4320.0376
2208,0.005695948,-3060.4514,-3060.4514,-3060.4514
2209,0.005697572,-2915.987,-2915.987,-2947.7407
2210,0.00569918,-2423.6948,-2423.6948,-3361.0999
2211,0.005700779,-1366.9828,-1366.9828,-1366.9828
2212,0.005702409,435.41565,435.41565,3236.525
2213,0.005704039,2774.4736,2774.4736,2267.9548
2214,0.005705681,5389.0483,4714.33,5389.0483
2215,0.005707314,7842.8774,7842.8774,6820.0015
2216,0.00570891,9252.523,9252.523,8423.907
2217,0.005710478,8771.111,8771.111,8771.111
2218,0.005712059,5887.263,5887.263,4720.1187
2219,0.005713657,1547.6615,1547.6615,1927.5016
2220,0.005715278,-2857.1936,-2857.1936,-2857.1936
2221,0.005716905,-6006.0195,-6006.0195,-6636.6
2222,0.005718496,-7453.3384,-7453.3384,-8209.921
2223,0.005720048,-7132.725,-6422.6963,-7132.725
2224,0.005721555,-5251.2905,-5251.2905,-3858.217
2225,0.005723039,-2857.29,-2857.29,-2773.4438
2226,0.005724548,-1087.9906,-1087.9906,-1087.9906
2227,0.005726094,-868.86664,-868.86664,839.7282
2228,0.005727646,-1665.0924,-1665.0924,167.09535
2229,0.005729233,-2500.8499,-2500.8499,-2500.8499
2230,0.005730812,-2494.2705,-2494.2705,-4005.3267
2231,0.005732389,-1520.6188,-1520.6188,-2957.772
2232,0.005733966,368.82974,-886.61395,368.82974
2233,0.005735573,2974.492,2974.492,5361.8457
2234,0.005737171,5159.875,5159.875,6869.3926
2235,0.005738792,5638.611,5638.611,5638.611
2236,0.005740436,3580.278,3580.278,3794.9077
2237,0.005742104,608.5422,608.5422,2309.4858
2238,0.005743717,-861.46716,-861.46716,-861.46716
2239,0.005745245,413.27765,413.27765,1143.4547
2240,0.005746769,3150.7397,3150.7397,4769.0015
2241,0.005748344,5681.3765,3005.1362,5681.3765
2242,0.005749884,6445.1533,6445.1533,5855.6733
2243,0.005751382,5725.3447,5725.3447,5165.033
2244,0.005752889,4084.6423,4084.6423,4084.6423
2245,0.005754446,1949.3195,1949.3195,-590.9359
2246,0.005756089,-387.0344,-387.0344,-4141.209
2247,0.005757764,-2466.928,-2466.928,-2466.928
2248,0.005759418,-3909.9727,-3909.9727,-1850.7406
2249,0.005761068,-4764.2305,-4764.2305,-4116.764
2250,0.005762711,-5135.5063,-4001.8584,-5135.5063
2251,0.005764307,-5085.565,-5085.565,-5834.498
2252,0.00576589,-4489.168,-4489.168,-6282.3105
2253,0.005767448,-3182.0767,-3182.0767,-3182.0767
2254,0.005769023,-1138.833,-1138.833,-943.57654
2255,0.005770615,872.33954,872.33954,1128.2906
2256,0.005772239,1833.3063,1833.3063,1833.3063
2257,0.005773827,1106.4717,1106.4717,3818.642
2258,0.005775393,-190.28052,-190.28052,405.54065
2259,0.005776954,-641.2562,-677.70856,-641.2562
2260,0.005778478,630.6538,630.6538,5157.6187
2261,0.005780012,2704.7256,2704.7256,8795.752
2262,0.005781552,4203.76,4203.76,4203.76
2263,0.005783157,4079.8362,4079.8362,897.9547
2264,0.005784753,2865.287,2865.287,-467.5531
2265,0.005786346,1596.4781,1596.4781,1596.4781
2266,0.005787943,1009.8152,1009.8152,1809.0172
2267,0.005789551,699.3097,699.3097,1700.2361
2268,0.005791143,-25.685896,3771.2847,-25.685896
2269,0.00579264,-1458.7505,-1458.7505,-5361.115
2270,0.005794121,-2958.141,-2958.141,-5105.3965
2271,0.00579566,-3665.639,-3665.639,-3665.639
2272,0.005797254,-2795.41,-2795.41,-324.99838
2273,0.005798856,-900.96466,-900.96466,1705.9
2274,0.005800497,1093.4938,1093.4938,1093.4938
2275,0.005802124,2274.9412,2274.9412,-1969.1781
2276,0.005803735,2466.0015,2466.0015,452.1188
2277,0.005805337,1655.0797,3838.621,1655.0797
2278,0.005806945,22.87148,22.87148,3882.861
2279,0.00580852,-1344.4521,-1344.4521,-377.34998
2280,0.005810072,-1281.1781,-1281.1781,-1281.1781
2281,0.005811624,876.66797,876.66797,5.321918
2282,0.005813209,4001.847,4001.847,2942.767
2283,0.005814803,6309.9473,6309.9473,6309.9473
2284,0.005816425,6443.1587,6443.1587,4798.7124
2285,0.005818044,4942.5405,4942.5405,4402.431
2286,0.005819659,2897.0874,2156.168,2897.0874
2287,0.005821303,1137.7496,1137.7496,-218.10776
2288,0.00582294,-286.07474,-286.07474,-1891.014
2289,0.005824564,-1585.6234,-1585.6234,-1585.6234
2290,0.005826176,-2896.6575,-2896.6575,-680.9359
2291,0.005827799,-4071.5288,-4071.5288,-1924.9125
2292,0.005829438,-4863.53,-4863.53,-4863.53
2293,0.005831094,-5106.189,-5106.189,-5057.217
2294,0.005832728,-5027.868,-5027.868,-5285.889
2295,0.005834305,-4957.264,-6017.514,-4957.264
2296,0.005835863,-5091.1987,-5091.1987,-3370.014
2297,0.005837434,-5265.6567,-5265.6567,-4236.764
2298,0.005839027,-5218.4824,-5218.4824,-5218.4824
2299,0.005840615,-4860.831,-4860.831,-5484.6313
2300,0.005842174,-4822.3345,-4822.3345,-4726.3813
2301,0.005843701,-5833.998,-5833.998,-5833.998
2302,0.005845207,-8131.7495,-8131.7495,-6941.6543
2303,0.005846703,-10255.616,-10255.616,-8842.264
2304,0.005848199,-10368.404,-8670.156,-10368.404
2305,0.005849729,-7176.223,-7176.223,-7520.7876
2306,0.005851312,-1986.5474,-1986.5474,-2284.0452
2307,0.005852881,2659.853,2659.853,2659.853
2308,0.005854453,5006.702,5006.702,3452.1501
2309,0.005856038,5622.2124,5622.2124,2850.4314
2310,0.005857612,5678.6343,5678.6343,5678.6343
2311,0.00585919,6092.201,6092.201,5953.4077
2312,0.005860757,6672.6353,6672.6353,5036.0645
2313,0.005862329,6969.658,6607.8335,6969.658
2314,0.005863944,6673.814,6673.814,10278.649
2315,0.005865613,6137.3516,6137.3516,11316.423
2316,0.005867287,5974.5327,5974.5327,5974.5327
2317,0.005868943,6563.241,6563.241,4153.7046
2318,0.005870582,7357.343,7357.343,5390.9077
2319,0.00587222,7621.1733,7621.1733,7621.1733
2320,0.005873831,6846.475,6846.475,12042.524
2321,0.005875452,5318.99,5318.99,10259.549
2322,0.005877071,3534.5798,4375.54,3534.5798
2323,0.005878671,1902.2087,1902.2087,-679.26404
2324,0.005880276,395.7319,395.7319,-1353.1
2325,0.005881927,-1119.0531,-1119.0531,-1119.0531
2326,0.005883545,-2553.0698,-2553.0698,-536.27185
2327,0.005885136,-3443.9055,-3443.9055,-1650.2015
2328,0.005886755,-3227.2249,-3227.2249,-3227.2249
2329,0.005888396,-1519.9954,-1519.9954,-1668.0374
2330,0.005890059,926.5854,926.5854,4125.853
2331,0.005891715,2976.0173,3847.662,2976.0173
2332,0.005893344,3755.5703,3755.5703,950.72034
2333,0.00589488,3369.0134,3369.0134,-696.6859
2334,0.005896362,2142.1343,2142.1343,2142.1343
2335,0.005897849,172.5308,172.5308,3745.189
2336,0.00589942,-2891.9148,-2891.9148,3872.4001
2337,0.005901,-7259.2173,-7259.2173,-7259.2173
2338,0.005902607,-12817.021,-12817.021,-11109.851
2339,0.005904241,-17406.662,-17406.662,-14662.475
2340,0.005905907,-18128.803,-15377.49,-18128.803
2341,0.005907554,-13224.056,-13224.056,-12089.014
2342,0.005909181,-5811.709,-5811.709,-6669.186
2343,0.005910821,157.15787,157.15787,157.15787
2344,0.005912476,1639.2219,1639.2219,3796.6345
2345,0.005914141,95.75565,95.75565,2179.9236
2346,0.00591575,-1715.4358,-1715.4358,-1715.4358
2347,0.005917314,-1965.7311,-1965.7311,-459.47498
2348,0.005918849,-1289.1688,-1289.1688,-56.77183
2349,0.005920398,-771.57654,-1094.3745,-771.57654
2350,0.005921972,-1196.7062,-1196.7062,-3593.272
2351,0.005923543,-2004.9364,-2004.9364,-715.56085
2352,0.005925136,-2282.1233,-2282.1233,-2282.1233
2353,0.005926749,-1340.0377,-1340.0377,-2861.256
2354,0.005928359,312.41956,312.41956,696.6501
2355,0.005929958,1857.4703,1857.4703,1857.4703
2356,0.005931539,2751.2874,2751.2874,3610.189
2357,0.005933116,3440.6765,3440.6765,3186.494
2358,0.005934706,4605.6265,5680.5845,4605.6265
2359,0.005936298,6556.406,6556.406,10276.799
2360,0.005937872,8123.46,8123.46,10058.907
2361,0.005939409,7888.5093,7888.5093,7888.5093
2362,0.005940921,5141.249,5141.249,1373.4235
2363,0.005942449,1195.5393,1195.5393,-887.5531
2364,0.005943981,-2007.6781,-2007.6781,-2007.6781
2365,0.005945537,-2999.5686,-2999.5686,-2138.2717
2366,0.005947156,-2178.8464,-2178.8464,-3519.1548
2367,0.005948792,-590.4984,-1907.1517,-590.4984
2368,0.005950431,814.1667,814.1667,2421.3298
2369,0.005952104,2051.7075,2051.7075,5074.377
2370,0.005953774,3334.0955,3334.0955,3334.0955
2371,0.00595541,4724.1147,4724.1147,909.6969
2372,0.005957019,5723.3647,5723.3647,2278.1267
2373,0.005958642,5718.267,5718.267,5718.267
2374,0.005960262,4342.9624,4342.9624,5855.9624
2375,0.005961877,2395.4158,2395.4158,3607.8062
2376,0.00596344,969.4469,2748.549,969.4469
2377,0.00596498,669.0493,669.0493,196.29848
2378,0.005966528,947.72925,947.72925,-851.9203
2379,0.005968101,980.6266,980.6266,980.6266
2380,0.005969689,83.317764,83.317764,1003.0485
2381,0.005971316,-1686.3107,-1686.3107,77.90786
2382,0.00597299,-4056.022,-4056.022,-4056.022
2383,0.00597466,-6495.6216,-6495.6216,-8305.709
2384,0.005976328,-8046.4375,-8046.4375,-9130.459
2385,0.005977966,-7663.2407,-3404.6853,-7663.2407
2386,0.005979529,-5061.7925,-5061.7925,-6006.5923
2387,0.005981111,-1696.5708,-1696.5708,-1217.5295
2388,0.005982721,426.52505,426.52505,426.52505
2389,0.005984318,-195.10356,-195.10356,-1303.967
2390,0.005985893,-2384.5408,-2384.5408,-2758.0452
2391,0.005987525,-4500.7173,-4500.7173,-4500.7173
2392,0.005989176,-5074.628,-5074.628,-5084.483
2393,0.005990819,-4544.771,-4544.771,-3978.8188
2394,0.005992465,-3847.6233,-1139.3304,-3847.6233
2395,0.005994102,-3654.1243,-3654.1243,-3443.811
2396,0.005995696,-3583.1526,-3583.1526,-3443.1545
2397,0.005997302,-3021.1235,-3021.1235,-3021.1235
2398,0.005998898,-1633.8854,-1633.8854,359.3141
2399,0.00600043,-166.48688,-166.48688,2841.619
2400,0.006001962,579.1188,579.1188,579.1188
2401,0.006003516,51.181606,51.181606,-2778.9436
2402,0.006005078,-1060.6029,-1060.6029,-3366.9985
2403,0.00600661,-1707.5219,1598.9921,-1707.5219
2404,0.006008158,-1233.1185,-1233.1185,1132.236
2405,0.006009731,-253.07347,-253.07347,674.40784
2406,0.006011294,214.36098,214.36098,214.36098
2407,0.006012821,-527.34393,-527.34393,-2461.0999
2408,0.006014358,-2149.6902,-2149.6902,-3813.5295
2409,0.00601594,-4124.233,-4124.233,-4124.233
2410,0.006017522,-5816.068,-5816.068,-4169.7407
2411,0.00601915,-6789.44,-6789.44,-4990.264
2412,0.006020776,-6541.412,-4172.739,-6541.412
2413,0.006022374,-4895.1753,-4895.1753,-3674.7405
2414,0.006023977,-2518.659,-2518.659,-3272.2795
2415,0.006025575,-315.63904,-315.63904,-315.63904
2416,0.006027158,1054.2612,1054.2612,1372.2438
2417,0.006028716,1858.0912,1858.0912,2558.447
2418,0.006030288,2588.0952,2588.0952,2588.0952
2419,0.006031878,3607.8083,3607.8083,3434.3376
2420,0.006033458,4821.104,4821.104,4281.392
2421,0.006035031,6038.4937,2458.6963,6038.4937
2422,0.006036629,7078.342,7078.342,5205.2207
2423,0.00603826,7661.818,7661.818,7207.0327
2424,0.006039872,7477.0796,7477.0796,7477.0796
2425,0.006041473,6328.0874,6328.0874,6566.791
2426,0.006043091,4242.738,4242.738,4196.517
2427,0.006044663,1442.9625,1442.9625,1442.9625
2428,0.006046165,-1737.6381,-1737.6381,225.28287
2429,0.006047637,-4743.701,-4743.701,-3646.3032
2430,0.006049124,-6981.9126,-3244.8003,-6981.9126
2431,0.006050636,-7880.629,-7880.629,-8332.342
2432,0.006052184,-7418.895,-7418.895,-8720.896
2433,0.006053797,-5686.6626,-5686.6626,-5686.6626
2434,0.006055453,-2930.8481,-2930.8481,-579.8421
2435,0.00605712,105.92593,105.92593,2673.6658
2436,0.006058811,2594.3767,2594.3767,2594.3767
2437,0.006060472,3866.4346,3866.4346,3342.8765
2438,0.006062104,4403.049,4403.049,3684.6108
2439,0.006063724,4885.8843,6918.5127,4885.8843
2440,0.006065345,5801.601,5801.601,7499.22
2441,0.006066972,6995.64,6995.64,9217.767
2442,0.006068571,8125.5874,8125.5874,8125.5874
2443,0.006070161,8952.669,8952.669,7733.3843
2444,0.006071785,9444.122,9444.122,7889.611
2445,0.006073434,9582.955,9582.955,9582.955
2446,0.006075096,9373.271,9373.271,10647.462
2447,0.00607675,8882.36,8882.36,11019.29
2448,0.006078397,8191.3223,8733.994,8191.3223
2449,0.006080036,7366.6855,7366.6855,6431.572
2450,0.006081718,6389.1587,6389.1587,5177.3145
2451,0.006083399,5276.3613,5276.3613,5276.3613
2452,0.006085092,4044.0361,4044.0361,2916.6812
2453,0.00608676,2857.1128,2857.1128,1193.025
2454,0.006088342,1904.2828,1904.2828,1904.2828
2455,0.006089901,1196.6273,1196.6273,2769.853
2456,0.006091477,490.2846,490.2846,524.275
2457,0.006093048,-501.82654,966.2652,-501.82654
2458,0.006094629,-1967.0944,-1967.0944,-3859.6
2459,0.006096194,-3566.1885,-3566.1885,-4945.1777
2460,0.006097763,-4884.7563,-4884.7563,-4884.7563
2461,0.00609932,-5597.796,-5597.796,-4573.678
2462,0.006100881,-5858.087,-5858.087,-6374.3657
2463,0.006102476,-5919.483,-5919.483,-5919.483
2464,0.006104073,-6010.202,-6010.202,781.6423
2465,0.006105664,-6228.3945,-6228.3945,-2229.9749
2466,0.006107213,-6624.319,-5536.722,-6624.319
2467,0.006108713,-7165.549,-7165.549,-11291.179
2468,0.006110219,-7561.7397,-7561.7397,-8258.021
2469,0.006111795,-7410.2246,-7410.2246,-7410.2246
2470,0.006113385,-6395.2026,-6395.2026,-4742.9595
2471,0.006114945,-4882.9385,-4882.9385,-3139.4045
2472,0.006116523,-3311.4514,-3311.4514,-3311.4514
2473,0.006118163,-2032.8209,-2032.8209,247.84537
2474,0.006119796,-1074.0027,-1074.0027,-708.38904
2475,0.006121452,-262.71713,-1837.1733,-262.71713
2476,0.006123113,517.038,517.038,-415.45935
2477,0.006124756,1253.4872,1253.4872,490.9938
2478,0.006126399,1921.9313,1921.9313,1921.9313
2479,0.006128016,2445.839,2445.839,564.8844
2480,0.006129643,2627.8162,2627.8162,1360.4235
2481,0.006131314,2194.369,2194.369,2194.369
2482,0.006132992,1051.3616,1051.3616,3270.017
2483,0.006134636,-89.194374,-89.194374,2754.572
2484,0.006136249,-416.8812,1216.5399,-416.8812
2485,0.006137866,508.46368,508.46368,-2882.2095
2486,0.006139457,1817.0088,1817.0088,-1808.7953
2487,0.006141039,2388.2673,2388.2673,2388.2673
2488,0.006142653,1430.5153,1430.5153,3619.814
2489,0.006144281,-467.42026,-467.42026,91.259415
2490,0.006145914,-2292.3813,-2292.3813,-2292.3813
2491,0.006147552,-3220.7358,-3220.7358,-1874.9672
2492,0.00614923,-3239.445,-3239.445,347.07974
2493,0.006150901,-2542.0686,-1505.8234,-2542.0686
2494,0.006152579,-1406.7518,-1406.7518,-3481.0376
2495,0.006154284,-345.34372,-345.34372,-3069.592
2496,0.006155981,15.837543,15.837543,15.837543
2497,0.006157681,-647.0251,-647.0251,-1113.1234
2498,0.006159394,-1563.9154,-1563.9154,-2425.3655
2499,0.006161066,-1671.6078,-1671.6078,-1671.6078
2500,0.006162713,-413.41074,-413.41074,3515.767
2501,0.006164313,1222.4867,1222.4867,3298.2908
2502,0.006165887,2047.6031,1537.7009,2047.6031
2503,0.00616747,1247.8274,1247.8274,1195.9235
2504,0.00616905,-741.0806,-741.0806,-999.4906
2505,0.00617064,-3177.561,-3177.561,-3177.561
2506,0.006172254,-5275.444,-5275.444,-6872.264
2507,0.006173871,-6038.543,-6038.543,-8102.3574
2508,0.006175437,-4560.897,-4560.897,-4560.897
2509,0.006176976,-571.1668,-571.1668,2986.2673
2510,0.006178568,4589.797,4589.797,6448.4785
2511,0.00618019,8680.197,6897.272,8680.197
2512,0.006181798,9864.648,9864.648,8851.212
2513,0.006183437,8716.589,8716.589,8564.877
2514,0.006185079,6377.713,6377.713,6377.713
2515,0.006186699,3960.332,3960.332,2190.6423
2516,0.006188344,1974.2736,1974.2736,-423.45154
2517,0.006190028,909.7438,909.7438,909.7438
2518,0.006191677,1086.5769,1086.5769,3949.408
2519,0.006193314,1913.2671,1913.2671,5157.306
2520,0.006194948,2648.1343,3859.519,2648.1343
2521,0.006196554,2756.6982,2756.6982,1974.2361
2522,0.006198145,2489.1978,2489.1978,2419.8533
2523,0.006199765,2254.197,2254.197,2254.197
2524,0.006201438,2406.7883,2406.7883,690.0172
2525,0.006203097,2942.1626,2942.1626,838.98596
2526,0.006204715,3733.7751,3733.7751,3733.7751
2527,0.006206351,4721.4697,4721.4697,9258.298
2528,0.006207993,5879.7295,5879.7295,11391.798
2529,0.006209618,7183.4624,5882.677,7183.4624
2530,0.00621124,8524.336,8524.336,6128.556
2531,0.006212855,9348.288,9348.288,7090.0254
2532,0.006214511,8975.807,8975.807,8975.807
2533,0.006216173,6976.839,6976.839,7390.7983
2534,0.006217821,4258.441,4258.441,4265.2593
2535,0.006219467,1987.5875,1987.5875,1987.5875
2536,0.006221092,950.3818,950.3818,-1430.8734
2537,0.00622272,362.0995,362.0995,-1336.6078
2538,0.006224339,-893.8265,329.90833,-893.8265
2539,0.006225928,-3455.0764,-3455.0764,-2719.3423
2540,0.006227495,-6357.117,-6357.117,-7057.881
2541,0.006229089,-8360.741,-8360.741,-8360.741
2542,0.006230739,-8359.276,-8359.276,-8999.17
2543,0.006232379,-6596.914,-6596.914,-5299.3345
2544,0.006233995,-3803.9436,-3803.9436,-3803.9436
2545,0.006235613,-665.0185,-665.0185,-3070.272
2546,0.006237196,1848.0986,1848.0986,-1685.2092
2547,0.006238784,2883.1658,3238.097,2883.1658
2548,0.0062404,1871.6686,1871.6686,5740.9395
2549,0.006242078,-169.6372,-169.6372,2359.2515
2550,0.006243807,-1523.3812,-1523.3812,-1523.3812
2551,0.006245546,-864.1218,-864.1218,1044.15
2552,0.006247264,528.7844,528.7844,3521.3533
2553,0.006248937,824.65,824.65,824.65
2554,0.006250568,-1015.0795,-1015.0795,-2560.1313
2555,0.00625223,-3979.8105,-3979.8105,-5357.6235
2556,0.006253926,-6433.905,-5523.0947,-6433.905
2557,0.006255616,-6984.4478,-6984.4478,-7704.6777
2558,0.006257307,-5968.409,-5968.409,-6293.686
2559,0.006259005,-4118.155,-4118.155,-4118.155
2560,0.006260713,-2143.3108,-2143.3108,-767.11554
2561,0.006262411,-660.64966,-660.64966,-50.80308
2562,0.006264076,-212.40465,-212.40465,-212.40465
2563,0.006265695,-1018.76434,-1018.76434,273.41568
2564,0.006267346,-2481.9675,-2481.9675,-1330.0297
2565,0.006269016,-3743.1235,-1678.2488,-3743.1235
2566,0.006270635,-4174.5273,-4174.5273,-3413.217
2567,0.006272247,-4312.164,-4312.164,-4233.4595
2568,0.006273862,-4903.8423,-4903.8423,-4903.8423
2569,0.006275442,-6288.7354,-6288.7354,-3971.1704
2570,0.006277009,-7415.779,-7415.779,-4996.7173
2571,0.006278599,-6899.787,-6899.787,-6899.787
2572,0.006280275,-3644.9543,-3644.9543,-2663.9673
2573,0.006281948,716.5873,716.5873,2305.5486
2574,0.006283617,3873.2437,2866.0195,3873.2437
2575,0.006285294,4186.543,4186.543,3436.6812
2576,0.006286991,2582.636,2582.636,161.6188
2577,0.006288663,748.8688,748.8688,748.8688
2578,0.006290287,-3.472978,-3.472978,2886.5952
2579,0.006291911,403.3731,403.3731,2894.6267
2580,0.006293556,1859.8297,1859.8297,1859.8297
2581,0.006295192,4139.1333,4139.1333,1857.5563
2582,0.006296806,6704.144,6704.144,6424.47
2583,0.006298414,9014.549,8163.5283,9014.549
2584,0.006300034,10577.558,10577.558,10466.533
2585,0.006301665,11025.869,11025.869,9497.853
2586,0.006303299,10032.807,10032.807,10032.807
2587,0.006304926,7520.417,7520.417,6542.0645
2588,0.006306499,4386.044,4386.044,8709.682
2589,0.006308103,1431.6031,1431.6031,1431.6031
2590,0.006309672,-497.4395,-497.4395,-1105.7015
2591,0.006311262,-1564.8021,-1564.8021,-528.7953
2592,0.006312919,-2041.0687,115.25376,-2041.0687
2593,0.006314596,-2208.0461,-2208.0461,-5252.803
2594,0.006316248,-2452.423,-2452.423,-5878.803
2595,0.006317875,-3157.2717,-3157.2717,-3157.2717
2596,0.006319483,-4418.8823,-4418.8823,-275.0453
2597,0.006321106,-5312.8276,-5312.8276,-1983.4672
2598,0.00632273,-4603.069,-4603.069,-4603.069
2599,0.006324324,-1742.4517,-1742.4517,-4414.155
2600,0.006325899,1479.6248,1479.6248,-1157.7484
2601,0.006327465,2835.4,2954.3572,2835.4
2602,0.006329072,844.5034,844.5034,2484.1733
2603,0.006330694,-2689.0515,-2689.0515,-3338.1313
2604,0.006332329,-4924.772,-4924.772,-4924.772
2605,0.006333959,-3794.3982,-3794.3982,-3758.35
2606,0.00633558,-710.2569,-710.2569,1116.5016
2607,0.00633719,2110.5642,2110.5642,2110.5642
2608,0.006338815,3074.433,3074.433,1826.4313
2609,0.00634045,2728.0017,2728.0017,1533.3297
2610,0.006342068,2223.072,2038.5498,2223.072
2611,0.0063437,2381.1924,2381.1924,3179.439
2612,0.006345388,2785.5352,2785.5352,2622.0095
2613,0.006347061,2622.4236,2622.4236,2622.4236
2614,0.00634873,1373.7949,1373.7949,1140.3688
2615,0.006350445,-414.98163,-414.98163,-2795.2095
2616,0.006352146,-1774.1937,-1774.1937,-1774.1937
2617,0.006353803,-2078.9072,-2078.9072,-424.92026
2618,0.006355392,-1826.405,-1826.405,-1025.7719
2619,0.006356941,-1662.8577,-643.4954,-1662.8577
2620,0.0063585,-1982.0616,-1982.0616,-2705.6702
2621,0.006360102,-2475.934,-2475.934,-2882.092
2622,0.006361773,-2587.4907,-2587.4907,-2587.4907
2623,0.006363491,-1889.3483,-1889.3483,-2369.7795
2624,0.006365204,-988.7187,-988.7187,-1739.6625
2625,0.006366875,-742.7171,-742.7171,-742.7171
2626,0.006368487,-1572.0763,-1572.0763,-2786.9985
2627,0.006370106,-2752.7358,-2752.7358,-4702.1626
2628,0.00637174,-3279.3735,-393.9442,-3279.3735
2629,0.006373418,-2363.471,-2363.471,338.57974
2630,0.006375157,-370.58798,-370.58798,-772.8343
2631,0.006376897,1817.2594,1817.2594,1817.2594
2632,0.006378639,3529.11,3529.11,2191.7986
2633,0.006380378,4923.0024,4923.0024,4233.306
2634,0.006382082,6340.5254,6340.5254,6340.5254
2635,0.006383787,7980.4014,7980.4014,8459.814
2636,0.006385471,9275.618,9275.618,10554.088
2637,0.006387051,9563.479,8054.9634,9563.479
2638,0.006388639,8519.87,8519.87,9535.666
2639,0.006390261,6371.9277,6371.9277,7057.9155
2640,0.00639191,3569.267,3569.267,3569.267
2641,0.006393554,666.3721,666.3721,1843.0172
2642,0.00639522,-1847.4518,-1847.4518,370.4547
2643,0.006396875,-3377.6467,-3377.6467,-3377.6467
2644,0.006398498,-3702.1348,-3702.1348,-6454.9517
2645,0.006400065,-3747.6616,-3747.6616,-5443.522
2646,0.006401576,-4546.0767,-4460.1455,-4546.0767
2647,0.006403058,-6545.312,-6545.312,-4057.6704
2648,0.006404544,-8490.996,-8490.996,-6952.631
2649,0.006406097,-8609.295,-8609.295,-8609.295
2650,0.006407734,-5386.727,-5386.727,-7266.2407
2651,0.006409361,-940.68304,-940.68304,-2571.4907
2652,0.006411006,1740.111,1740.111,1740.111
2653,0.006412657,508.86325,508.86325,-369.6078
2654,0.006414306,-2638.8154,-2638.8154,-3516.0686
2655,0.006415932,-4669.4595,-2780.741,-4669.4595
2656,0.006417557,-3614.675,-3614.675,-2548.8967
2657,0.006419169,-1058.8633,-1058.8633,1321.0797
2658,0.006420778,597.6813,597.6813,597.6813
2659,0.006422411,-366.1881,-366.1881,-1479.889
2660,0.006424047,-2893.3862,-2893.3862,-3154.022
2661,0.00642566,-5135.6465,-5135.6465,-5135.6465
2662,0.006427272,-5772.6895,-5772.6895,-2966.4905
2663,0.006428905,-5049.5293,-5049.5293,-1424.1625
2664,0.006430522,-3647.131,-3781.7363,-3647.131
2665,0.006432145,-2152.2466,-2152.2466,-4959.514
2666,0.006433793,-859.3625,-859.3625,-3257.7874
2667,0.006435438,-37.404644,-37.404644,-37.404644
2668,0.006437104,160.64874,160.64874,64.03285
2669,0.006438795,-78.137924,-78.137924,-735.88904
2670,0.006440467,-445.9984,-445.9984,-445.9984
2671,0.006442085,-701.9444,-701.9444,714.42346
2672,0.006443697,-884.5662,-884.5662,1294.4313
2673,0.006445331,-1085.2328,-3284.597,-1085.2328
2674,0.006446982,-1351.6069,-1351.6069,-5432.092
2675,0.006448636,-1554.5175,-1554.5175,-4699.7095
2676,0.006450249,-1525.9359,-1525.9359,-1525.9359
2677,0.006451847,-1137.3612,-1137.3612,-928.52966
2678,0.00645345,-325.91022,-325.91022,397.54065
2679,0.006455059,955.5719,955.5719,955.5719
2680,0.006456609,2561.963,2561.963,2481.8923
2681,0.006458146,4008.7532,4008.7532,4345.65
2682,0.00645967,4699.5483,2690.3105,4699.5483
2683,0.00646119,4226.098,4226.098,5643.861
2684,0.006462728,2816.173,2816.173,5480.814
2685,0.006464261,901.236,901.236,901.236
2686,0.006465779,-1162.4373,-1162.4373,-3256.7405
2687,0.006467288,-3374.5527,-3374.5527,-3321.9905
2688,0.006468812,-5849.311,-5849.311,-5849.311
2689,0.00647034,-8449.528,-8449.528,-9625.529
2690,0.006471893,-10250.776,-10250.776,-11265.217
2691,0.006473505,-9951.194,-7005.268,-9951.194
2692,0.006475171,-6568.049,-6568.049,-3756.7485
2693,0.006476856,-1789.7565,-1789.7565,-704.5453
2694,0.006478499,1795.3375,1795.3375,1795.3375
2695,0.006480103,2648.2236,2648.2236,1773.7126
2696,0.006481682,1838.8341,1838.8341,2631.6733
2697,0.006483257,897.8219,897.8219,897.8219
2698,0.006484846,1022.0856,1022.0856,2069.9937
2699,0.006486476,2286.2695,2286.2695,3858.767
2700,0.006488139,4452.1733,3603.7825,4452.1733
2701,0.006489768,6878.352,6878.352,6654.1973
2702,0.006491381,8065.022,8065.022,8348.751
2703,0.00649301,6266.814,6266.814,6266.814
2704,0.006494657,474.8877,474.8877,2704.3843
2705,0.006496311,-6674.3433,-6674.3433,-3545.303
2706,0.006497963,-11549.232,-11549.232,-11549.232
2707,0.006499642,-11592.611,-11592.611,-13497.952
2708,0.006501331,-8486.335,-8486.335,-11142.49
2709,0.006503013,-5207.537,-3973.7244,-5207.537
2710,0.006504687,-3899.9521,-3899.9521,-4933.1235
2711,0.00650639,-3516.4902,-3516.4902,-3277.7017
2712,0.006508107,-2177.725,-2177.725,-2177.725
2713,0.006509801,1302.7487,1302.7487,1487.3531
2714,0.006511447,5332.2627,5332.2627,6148.1187
2715,0.006513099,7998.3374,7998.3374,7998.3374
2716,0.006514742,7860.278,7860.278,3056.5017
2717,0.006516404,5764.173,5764.173,2519.6345
2718,0.006518049,3190.8376,5647.6343,3190.8376
2719,0.006519663,1263.7335,1263.7335,658.7438
2720,0.006521253,-212.50006,-212.50006,1135.2828
2721,0.006522857,-1737.6234,-1737.6234,-1737.6234
2722,0.006524484,-3646.9412,-3646.9412,-5109.1934
2723,0.006526098,-5646.154,-5646.154,-5836.037
2724,0.006527728,-7366.178,-7366.178,-7366.178
2725,0.00652941,-8423.609,-8423.609,-6978.803
2726,0.00653107,-8461.416,-8461.416,-7353.694
2727,0.006532673,-7302.225,-4273.439,-7302.225
2728,0.006534301,-4919.1875,-4919.1875,-5786.49
2729,0.006535958,-2244.7742,-2244.7742,-1688.2719
2730,0.006537618,-585.1234,-585.1234,-585.1234
2731,0.006539315,-754.1072,-754.1072,1189.8531
2732,0.006541006,-1557.1404,-1557.1404,157.9391
2733,0.006542673,-1261.6312,-1261.6312,-1261.6312
2734,0.006544324,1083.2229,1083.2229,-1601.9594
2735,0.006545981,3772.9014,3772.9014,1201.8844
2736,0.006547613,4419.8296,3051.6243,4419.8296
2737,0.006549233,1663.7057,1663.7057,-429.44373
2738,0.00655085,-2512.4575,-2512.4575,-6209.7563
2739,0.006552436,-5300.897,-5300.897,-5300.897
2740,0.006554019,-4920.653,-4920.653,-1782.8265
2741,0.006555638,-2528.5728,-2528.5728,954.3375
2742,0.006557266,-198.65465,-198.65465,-198.65465
2743,0.00655889,493.38577,493.38577,-4451.8423
2744,0.006560504,310.13672,310.13672,-3987.3813
2745,0.006562108,563.28284,1373.8755,563.28284
2746,0.00656372,2142.943,2142.943,7566.931
2747,0.006565331,4302.1543,4302.1543,4881.4004
2748,0.006566921,5875.119,5875.119,5875.119
2749,0.006568475,6103.3154,6103.3154,5237.986
2750,0.006570019,5479.7515,5479.7515,4597.947
2751,0.006571561,4734.1655,4734.1655,4734.1655
2752,0.006573088,4404.6523,4404.6523,5621.4473
2753,0.006574643,4289.796,4289.796,4673.103
2754,0.006576212,4005.4392,4013.5955,4005.4392
2755,0.00657779,3319.1182,3319.1182,3540.8064
2756,0.006579396,2687.7427,2687.7427,297.7047
2757,0.006581023,2800.7986,2800.7986,2800.7986
2758,0.006582642,4038.9834,4038.9834,8896.072
2759,0.00658425,5504.4365,5504.4365,8634.244
2760,0.006585863,6022.3066,6022.3066,6022.3066
2761,0.006587496,4762.884,4762.884,1540.0563
2762,0.006589131,2490.8828,2490.8828,-944.68585
2763,0.006590683,480.361,3510.0205,480.361
2764,0.006592236,-598.7501,-598.7501,2766.1033
2765,0.006593851,-966.91797,-966.91797,1634.7125
2766,0.006595454,-1079.139,-1079.139,-1079.139
2767,0.006596969,-1233.7347,-1233.7347,-788.9749
2768,0.006598453,-981.5701,-981.5701,-472.14682
2769,0.006599933,281.10318,281.10318,281.10318
2770,0.006601451,2947.65,2947.65,2705.2126
2771,0.006603029,6201.412,6201.412,6280.7983
2772,0.006604622,8595.041,7627.851,8595.041
2773,0.006606142,9094.627,9094.627,9562.025
2774,0.006607655,8370.227,8370.227,9002.11
2775,0.00660921,7267.0874,7267.0874,7267.0874
2776,0.006610729,6543.566,6543.566,7209.486
2777,0.006612265,6112.295,6112.295,5417.931
2778,0.006613818,5725.5645,5725.5645,5725.5645
2779,0.006615424,5059.9463,5059.9463,5798.9077
2780,0.006617104,3545.173,3545.173,4353.4155
2781,0.006618741,693.525,4630.3613,693.525
2782,0.006620348,-3593.615,-3593.615,-7083.014
2783,0.006621965,-8005.5913,-8005.5913,-10151.226
2784,0.006623604,-10750.226,-10750.226,-10750.226
2785,0.006625268,-10460.703,-10460.703,-8358.1
2786,0.006626926,-8177.7725,-8177.7725,-6502.639
2787,0.006628578,-5594.1313,-5594.1313,-5594.1313
2788,0.00663026,-3950.5952,-3950.5952,-4348.194
2789,0.00663195,-2965.8186,-2965.8186,-4504.272
2790,0.006633558,-1962.5375,-2442.9858,-1962.5375
2791,0.006635112,-482.328,-482.328,557.9469
2792,0.006636641,1208.6678,1208.6678,1501.6344
2793,0.006638075,2632.4,2632.4,2632.4
2794,0.006639481,3599.7837,3599.7837,5392.1187
2795,0.006640898,4136.904,4136.904,6609.4155
2796,0.006642352,4291.6265,4291.6265,4291.6265
2797,0.00664391,4100.8115,4100.8115,1863.0016
2798,0.00664555,3686.085,3686.085,2645.3845
2799,0.0066472,3266.2358,4573.65,3266.2358
2800,0.006648844,2977.6975,2977.6975,-490.02966
2801,0.006650472,2596.979,2596.979,-1824.5531
2802,0.006652096,1815.7517,1815.7517,1815.7517
2803,0.006653721,548.7804,548.7804,3639.447
2804,0.006655335,-396.30005,-396.30005,2210.6345
2805,0.006656888,-71.38902,-71.38902,-71.38902
2806,0.006658357,1839.5854,1839.5854,1548.908
2807,0.006659824,4415.5996,4415.5996,3794.0173
2808,0.006661313,6456.4077,5306.3228,6456.4077
2809,0.006662797,6972.168,6972.168,7782.7754
2810,0.006664349,6260.6577,6260.6577,9740.299
2811,0.006665973,4952.814,4952.814,4952.814
2812,0.006667593,3770.62,3770.62,4549.197
2813,0.006669232,2812.8926,2812.8926,3637.7202
2814,0.006670891,2048.3376,2048.3376,2048.3376
2815,0.006672569,1482.2048,1482.2048,3275.1733
2816,0.006674266,1274.3306,1274.3306,3526.3608
2817,0.006675915,1607.2203,931.142,1607.2203
2818,0.006677538,2475.0168,2475.0168,183.90004
2819,0.006679136,3292.49,3292.49,1652.236
2820,0.006680682,3392.1814,3392.1814,3392.1814
2821,0.006682216,2427.546,2427.546,2561.8298
2822,0.006683768,943.9531,943.9531,1951.7985
2823,0.006685381,-261.27182,-261.27182,-261.27182
2824,0.006686927,-417.25504,-417.25504,-654.2875
2825,0.006688417,355.79297,355.79297,1123.111
2826,0.006689923,1894.1969,3169.4937,1894.1969
2827,0.006691495,3986.916,3986.916,2041.4781
2828,0.006693048,5642.184,5642.184,5269.5483
2829,0.006694606,5843.955,5843.955,5843.955
2830,0.006696193,3902.7234,3902.7234,5463.6265
2831,0.006697811,817.81323,817.81323,3601.064
2832,0.006699424,-1780.3656,-1780.3656,-1780.3656
2833,0.006701011,-2812.6914,-2812.6914,-7186.319
2834,0.006702603,-3258.4956,-3258.4956,-7303.764
2835,0.006704226,-4584.7173,-3083.3013,-4584.7173
2836,0.006705906,-7843.713,-7843.713,-7813.6157
2837,0.00670758,-11457.61,-11457.61,-11571.357
2838,0.006709215,-13262.756,-13262.756,-13262.756
2839,0.006710819,-11981.659,-11981.659,-11064.756
2840,0.006712434,-8582.495,-8582.495,-4843.303
2841,0.006714062,-4571.686,-4571.686,-4571.686
2842,0.006715695,-1314.1718,-1314.1718,-3790.061
2843,0.006717269,666.6872,666.6872,-923.7484
2844,0.0067188,1298.4469,1412.6371,1298.4469
2845,0.006720341,637.15314,637.15314,3001.9783
2846,0.006721916,-593.85266,-593.85266,1011.48596
2847,0.006723511,-1383.3342,-1383.3342,-1383.3342
2848,0.006725133,-972.2643,-972.2643,-2993.1233
2849,0.006726758,77.0411,77.0411,151.17348
2850,0.006728401,840.5094,840.5094,840.5094
2851,0.006730066,608.50946,608.50946,-3519.7017
2852,0.006731746,-246.97646,-246.97646,-3224.631
2853,0.006733428,-1037.6937,1598.6349,-1037.6937
2854,0.006735125,-1243.6692,-1243.6692,494.67346
2855,0.006736807,-1046.8966,-1046.8966,64.90004
2856,0.006738503,-809.2952,-809.2952,-809.2952
2857,0.006740226,-777.71564,-777.71564,1565.3531
2858,0.006741934,-708.2706,-708.2706,855.0641
2859,0.006743609,-247.61559,-247.61559,-247.61559
2860,0.006745289,828.3215,828.3215,-1532.053
2861,0.006746923,2192.6921,2192.6921,-183.98277
2862,0.006748503,3448.0642,3044.2068,3448.0642
2863,0.006750047,4314.9126,4314.9126,4441.5327
2864,0.006751586,4677.4214,4677.4214,3908.4624
2865,0.006753156,4416.994,4416.994,4416.994
2866,0.00675475,3527.5083,3527.5083,4354.322
2867,0.006756366,2603.5203,2603.5203,3642.7048
2868,0.006757913,2416.9546,2416.9546,2416.9546
2869,0.0067594,3265.2605,3265.2605,2066.947
2870,0.006760899,4421.733,4421.733,2432.603
2871,0.006762489,4869.6265,5000.881,4869.6265
2872,0.00676411,3755.8127,3755.8127,6660.4
2873,0.006765719,2133.8674,2133.8674,4554.4546
2874,0.006767306,1491.5876,1491.5876,1491.5876
2875,0.006768837,2664.3308,2664.3308,1216.5563
2876,0.006770295,4511.8496,4511.8496,2752.4077
2877,0.006771723,5775.1187,5775.1187,5775.1187
2878,0.006773149,5597.0635,5597.0635,6645.189
2879,0.006774604,4225.507,4225.507,6856.4004
2880,0.006776115,2177.5093,4436.1406,2177.5093
2881,0.006777712,31.92212,31.92212,-1151.0687
2882,0.006779348,-1509.1477,-1509.1477,-4135.4126
2883,0.006781024,-1744.8344,-1744.8344,-1744.8344
2884,0.006782662,-334.85446,-334.85446,1872.7361
2885,0.006784253,1685.0367,1685.0367,5022.9624
2886,0.006785822,3156.0173,3156.0173,3156.0173
2887,0.006787406,3322.8667,3322.8667,2532.4233
2888,0.006789004,2763.744,2763.744,2704.1658
2889,0.006790619,2450.5173,2907.6494,2450.5173
2890,0.006792286,3147.2095,3147.2095,869.4938
2891,0.006793963,4431.916,4431.916,2011.1969
2892,0.006795611,5515.611,5515.611,5515.611
2893,0.006797233,5862.9688,5862.9688,6970.658
2894,0.006798815,5664.942,5664.942,7287.111
2895,0.006800366,5257.5015,5257.5015,5257.5015
2896,0.006801907,4877.601,4877.601,3828.283
2897,0.006803471,4522.1084,4522.1084,4354.931
2898,0.006805097,4126.5483,3457.5205,4126.5483
2899,0.006806761,3633.8625,3633.8625,2658.1187
2900,0.006808405,3008.2146,3008.2146,1497.7985
2901,0.006809962,2243.8843,2243.8843,2243.8843
2902,0.006811507,1296.4183,1296.4183,2086.994
2903,0.006813049,211.826,211.826,2452.3533
2904,0.006814637,-979.9437,-979.9437,-979.9437
2905,0.006816308,-2219.1987,-2219.1987,-4697.4985
2906,0.006818,-3283.1587,-3283.1587,-6350.6
2907,0.006819664,-3950.7642,-3950.248,-3950.7642
2908,0.006821306,-4070.8145,-4070.8145,-4198.85
2909,0.006822959,-3540.239,-3540.239,-3746.8892
2910,0.006824571,-2301.5374,-2301.5374,-2301.5374
2911,0.006826164,-413.72678,-413.72678,-2070.8032
2912,0.006827786,1632.6833,1632.6833,-449.39682
2913,0.006829381,3097.0952,3097.0952,3097.0952
2914,0.006830957,3545.1208,3545.1208,6837.0796
2915,0.006832536,3285.8076,3285.8076,4438.0405
2916,0.006834158,2780.9233,2206.5493,2780.9233
2917,0.006835803,2433.2188,2433.2188,2482.744
2918,0.006837462,2218.8486,2218.8486,2644.2046
2919,0.006839112,1997.4235,1997.4235,1997.4235
2920,0.006840707,1736.6709,1736.6709,1632.8531
2921,0.006842241,1768.7821,1768.7821,425.59537
2922,0.006843734,2450.369,2450.369,2450.369
2923,0.006845217,3904.782,3904.782,3515.283
2924,0.006846714,5386.6123,5386.6123,5523.8613
2925,0.006848248,5866.2983,7038.624,5866.2983
2926,0.006849819,4579.0103,4579.0103,2961.2593
2927,0.006851382,2526.492,2526.492,-1393.4749
2928,0.006852967,1134.7203,1134.7203,1134.7203
2929,0.006854589,1566.1843,1566.1843,3455.7048
2930,0.006856241,3421.0051,3421.0051,5790.9004
2931,0.006857886,5743.595,5743.595,5743.595
2932,0.006859484,7690.0005,7690.0005,8244.299
2933,0.00686105,9100.152,9100.152,9655.721
2934,0.006862549,9929.235,9309.692,9929.235
2935,0.006864002,10214.389,10214.389,8426.658
2936,0.006865462,10043.886,10043.886,8128.0254
2937,0.006866968,9472.018,9472.018,9472.018
2938,0.006868538,8478.991,8478.991,8463.838
2939,0.006870187,6767.6357,6767.6357,6137.5093
2940,0.006871862,4007.9546,4007.9546,4007.9546
2941,0.0068735,334.812,334.812,3862.1345
2942,0.006875159,-2954.0742,-2954.0742,1408.7516
2943,0.006876846,-4023.0142,-5800.882,-4023.0142
2944,0.006878483,-1875.4489,-1875.4489,-2492.2173
2945,0.006880098,1227.7985,1227.7985,1019.00165
2946,0.006881706,2491.2048,2491.2048,2491.2048
2947,0.006883334,44.594753,44.594753,26.173481
2948,0.006884987,-4235.402,-4235.402,-5091.85
2949,0.006886642,-7261.983,-7261.983,-7261.983
2950,0.006888259,-6964.8945,-6964.8945,-6598.053
2951,0.006889811,-5242.2153,-5242.2153,-5043.5137
2952,0.006891326,-4483.912,-4079.0208,-4483.912
2953,0.006892844,-6180.9497,-6180.9497,-2941.6235
2954,0.006894379,-9216.352,-9216.352,-5384.0137
2955,0.006895945,-11729.725,-11729.725,-11729.725
2956,0.006897553,-12138.13,-12138.13,-13054.459
2957,0.006899168,-10833.1,-10833.1,-12430.389
2958,0.006900785,-8832.788,-8832.788,-8832.788
2959,0.00690239,-6938.985,-6938.985,-1431.5609
2960,0.006903985,-4965.384,-4965.384,2007.7517
2961,0.00690558,-2482.217,-1979.9464,-2482.217
2962,0.006907182,648.1619,648.1619,-5676.764
2963,0.0069088,3372.659,3372.659,747.65784
2964,0.006910432,4255.5874,4255.5874,4255.5874
2965,0.006912084,2407.4514,2407.4514,132.89223
2966,0.006913791,-612.184,-612.184,-3357.5845
2967,0.006915519,-2242.2485,-2242.2485,-2242.2485
2968,0.006917205,-686.0881,-686.0881,1165.9078
2969,0.006918885,2672.2175,2672.2175,5071.853
2970,0.006920579,5818.2905,3328.877,5818.2905
2971,0.006922247,7075.734,7075.734,3545.486
2972,0.006923939,6574.7017,6574.7017,4666.7515
2973,0.006925668,4763.931,4763.931,4763.931
2974,0.006927402,2325.8457,2325.8457,4681.603
2975,0.006929148,484.1045,484.1045,3563.939
2976,0.006930917,663.29846,663.29846,663.29846
2977,0.006932667,3626.275,3626.275,1081.3297
2978,0.006934342,7365.0815,7365.0815,6574.4004
2979,0.006935915,9701.29,7031.969,9701.29
2980,0.006937488,9533.457,9533.457,7748.9233
2981,0.006939009,7553.559,7553.559,6799.478
2982,0.00694053,4781.049,4781.049,4781.049
2983,0.006942108,2053.596,2053.596,4377.2437
2984,0.006943755,188.54648,188.54648,2414.5642
2985,0.00694538,102.15005,102.15005,102.15005
2986,0.006946973,2013.1792,2013.1792,-537.4984
2987,0.006948533,4379.608,4379.608,2309.0095
2988,0.006950089,5420.861,1634.3105,5420.861
2989,0.006951653,3934.3665,3934.3665,4963.6343
2990,0.006953242,1056.4312,1056.4312,1156.6735
2991,0.006954851,-1346.3186,-1346.3186,-1346.3186
2992,0.006956417,-1806.3047,-1806.3047,-1134.4359
2993,0.006957951,-964.7148,-964.7148,-1017.64685
2994,0.006959498,212.91566,212.91566,212.91566
2995,0.006961071,889.11725,889.11725,-2224.7954
2996,0.006962636,711.4905,711.4905,-1496.3344
2997,0.006964198,-507.84216,640.90106,-507.84216
2998,0.006965805,-2812.2957,-2812.2957,-4312.123
2999,0.006967437,-5213.8877,-5213.8877,-8045.7173
3000,0.006969037,-6379.5684,-6379.5684,-6379.5684
3001,0.006970669,-5568.69,-5568.69,-2530.0217
3002,0.006972313,-3894.2476,-3894.2476,-267.09213
3003,0.006973919,-3046.1704,-3046.1704,-3046.1704
3004,0.006975538,-4088.1477,-4088.1477,-6014.4204
3005,0.006977149,-6109.596,-6109.596,-9099.561
3006,0.006978738,-7700.295,-5231.2036,-7700.295
3007,0.006980359,-7848.632,-7848.632,-9704.889
3008,0.006982075,-6680.5713,-6680.5713,-10072.904
3009,0.006983808,-4818.9517,-4818.9517,-4818.9517
3010,0.006985516,-2852.2603,-2852.2603,-3448.5532
3011,0.006987223,-636.95483,-636.95483,-2406.6467
3012,0.0069889,2056.939,2056.939,2056.939
3013,0.006990489,5111.5283,5111.5283,6742.3765
3014,0.006992049,7760.8564,7760.8564,7903.0957
3015,0.006993583,9041.354,9140.835,9041.354
3016,0.006995114,8327.678,8327.678,7174.4
3017,0.006996698,5980.088,5980.088,3766.603
3018,0.006998241,2886.2908,2886.2908,2886.2908
3019,0.006999767,-195.8598,-195.8598,3918.4858
3020,0.007001333,-2524.309,-2524.309,-258.95154
3021,0.007002953,-3094.0374,-3094.0374,-3094.0374
3022,0.007004625,-1193.9685,-1193.9685,-2508.7327
3023,0.007006233,1632.7473,1632.7473,2195.0798
3024,0.007007811,3611.1345,3301.1992,3611.1345
3025,0.007009436,3527.6406,3527.6406,-217.67807
3026,0.007011093,1897.1677,1897.1677,-1568.5452
3027,0.007012693,-42.857773,-42.857773,-42.857773
3028,0.007014271,-1433.1635,-1433.1635,1280.4703
3029,0.007015856,-2208.9055,-2208.9055,66.798485
3030,0.007017447,-2457.803,-2457.803,-2457.803
3031,0.007019029,-2304.617,-2304.617,-3712.2874
3032,0.007020648,-1991.7076,-1991.7076,-3535.8186
3033,0.007022256,-1815.1469,-5152.391,-1815.1469
3034,0.007023831,-1964.0537,-1964.0537,72.040665
3035,0.00702539,-2261.7488,-2261.7488,248.58754
3036,0.007026931,-2459.178,-2459.178,-2459.178
3037,0.007028467,-2370.2085,-2370.2085,-3852.4045
3038,0.007030023,-1998.1803,-1998.1803,-2536.733
3039,0.007031597,-1394.4594,-1394.4594,-1394.4594
3040,0.007033184,-634.3239,-634.3239,1382.6423
3041,0.007034813,147.73987,147.73987,2026.9156
3042,0.007036463,759.3922,-601.86743,759.3922
3043,0.007038096,1035.5856,1035.5856,-58.810894
3044,0.00703968,970.5395,970.5395,491.61877
3045,0.007041196,611.1423,611.1423,611.1423
3046,0.007042679,-18.275785,-18.275785,1905.7517
3047,0.007044181,-956.28265,-956.28265,-47.38121
3048,0.007045757,-2294.6858,-2294.6858,-2294.6858
3049,0.007047414,-3988.11,-3988.11,-6774.35
3050,0.007049061,-5317.3057,-5317.3057,-8459.662
3051,0.007050694,-5518.2563,-3741.7673,-5518.2563
3052,0.007052349,-4097.1714,-4097.1714,-359.12338
3053,0.007054029,-1665.1241,-1665.1241,3145.8142
3054,0.007055702,763.9313,763.9313,763.9313
3055,0.007057327,2311.682,2311.682,-1133.2562
3056,0.007058926,2732.3213,2732.3213,-816.9202
3057,0.007060513,1872.2673,1872.2673,1872.2673
3058,0.007062123,-288.3776,-288.3776,2919.3845
3059,0.007063753,-2921.3584,-2921.3584,-1034.014
3060,0.00706536,-4880.694,-3401.089,-4880.694
3061,0.007066906,-5469.6436,-5469.6436,-7482.209
3062,0.007068462,-5307.509,-5307.509,-7682.1
3063,0.007070074,-5234.5063,-5234.5063,-5234.5063
3064,0.007071696,-5894.818,-5894.818,-6907.8813
3065,0.007073313,-6755.8447,-6755.8447,-8081.9355
3066,0.007074933,-6996.78,-6996.78,-6996.78
3067,0.007076539,-6069.857,-6069.857,-3933.6467
3068,0.007078124,-4501.185,-4501.185,-3258.8342
3069,0.007079742,-2990.8499,-4890.0073,-2990.8499
3070,0.007081373,-2130.0918,-2130.0918,-3159.2798
3071,0.007082987,-1664.3641,-1664.3641,-1774.264
3072,0.007084623,-1099.5844,-1099.5844,-1099.5844
3073,0.007086284,-117.61975,-117.61975,-1847.2639
3074,0.007087918,830.4301,830.4301,-444.9203
3075,0.007089563,1164.65,1164.65,1164.65
3076,0.007091189,524.6556,524.6556,995.43915
3077,0.00709279,-495.02032,-495.02032,-881.13904
3078,0.007094405,-1133.3578,1744.9222,-1133.3578
3079,0.007096032,-817.72253,-817.72253,-71.51402
3080,0.007097636,88.896126,88.896126,3736.283
3081,0.007099207,1005.4625,1005.4625,1005.4625
3082,0.007100759,1493.7135,1493.7135,-2712.0923
3083,0.007102321,1432.5283,1432.5283,-2889.717
3084,0.007103899,750.7594,750.7594,750.7594
3085,0.007105401,-387.48978,-387.48978,5383.7515
3086,0.007106902,-1338.7764,-1338.7764,1449.7438
3087,0.007108421,-1292.2953,36.8321,-1292.2953
3088,0.007109995,349.36694,349.36694,-844.2953
3089,0.007111631,2818.3154,2818.3154,3300.0952
3090,0.007113253,4677.1577,4677.1577,4677.1577
3091,0.007114856,4964.0376,4964.0376,2407.4158
3092,0.007116463,4195.8315,4195.8315,1569.6266
3093,0.007118085,3221.3533,3221.3533,3221.3533
3094,0.007119719,2741.447,2741.447,4733.181
3095,0.007121342,2723.9097,2723.9097,4485.072
3096,0.007122896,2929.8298,-642.6023,2929.8298
3097,0.007124458,3119.2148,3119.2148,3026.8687
3098,0.007126032,2903.6873,2903.6873,1973.9625
3099,0.007127624,1832.5719,1832.5719,1832.5719
3100,0.007129224,-332.47623,-332.47623,297.44693
3101,0.007130855,-2971.659,-2971.659,-448.43588
3102,0.007132478,-5103.8105,-5103.8105,-5103.8105
3103,0.007134081,-5966.007,-5966.007,-4350.186
3104,0.007135682,-5439.975,-5439.975,-4882.8887
3105,0.007137233,-3606.0923,-4920.7866,-3606.0923
3106,0.007138786,-669.5016,-669.5016,-3148.0295
3107,0.007140354,2357.4355,2357.4355,2618.7048
3108,0.007141959,4188.306,4188.306,4188.306
3109,0.00714358,3808.2766,3808.2766,3025.0952
3110,0.007145176,2105.204,2105.204,576.3298
3111,0.007146759,384.11096,384.11096,384.11096
3112,0.007148261,-448.79465,-448.79465,-1022.6156
3113,0.00714972,-961.09784,-961.09784,-1977.6311
3114,0.007151199,-1940.4359,-802.155,-1940.4359
3115,0.007152719,-3882.3489,-3882.3489,-3342.061
3116,0.007154285,-5915.2803,-5915.2803,-5974.358
3117,0.007155911,-6612.0376,-6612.0376,-6612.0376
3118,0.007157555,-4874.03,-4874.03,-4685.389
3119,0.007159185,-1939.8319,-1939.8319,-1320.5375
3120,0.007160802,434.41568,434.41568,434.41568
3121,0.007162418,1052.64,1052.64,1662.8142
3122,0.007164024,660.7144,660.7144,3583.4702
3123,0.007165674,484.6969,-874.6223,484.6969
3124,0.007167363,1465.5297,1465.5297,1291.5406
3125,0.007169026,2842.8625,2842.8625,4451.5093
3126,0.007170664,3492.5955,3492.5955,3492.5955
3127,0.007172249,2751.787,2751.787,2038.7594
3128,0.0071738,1319.4103,1319.4103,676.7907
3129,0.00717536,79.27504,79.27504,79.27504
3130,0.007176931,-312.3749,-312.3749,-1094.9359
3131,0.007178478,-231.37785,-231.37785,-1521.3422
3132,0.007180017,-306.2015,-2833.0977,-306.2015
3133,0.007181603,-1035.1461,-1035.1461,99.6266
3134,0.007183249,-2372.4097,-2372.4097,-1521.9359
3135,0.007184941,-4062.6702,-4062.6702,-4062.6702
3136,0.007186631,-5824.6846,-5824.6846,-3969.147
3137,0.007188319,-7671.2134,-7671.2134,-5033.0923
3138,0.00719,-9673.725,-9673.725,-9673.725
3139,0.007191697,-11769.598,-11769.598,-12713.912
3140,0.007193358,-13153.968,-13153.968,-12946.857
3141,0.007195011,-12995.896,-12837.754,-12995.896
3142,0.007196622,-10863.308,-10863.308,-7648.1235
3143,0.007198211,-7649.25,-7649.25,-5682.311
3144,0.007199808,-4430.334,-4430.334,-4430.334
3145,0.007201435,-2090.1555,-2090.1555,-2476.7483
3146,0.007203079,-702.89685,-702.89685,-1834.1
3147,0.007204683,-86.42808,-86.42808,-86.42808
3148,0.007206306,31.081867,31.081867,1075.236
3149,0.007207967,-30.904348,-30.904348,-792.4828
3150,0.007209623,99.64223,387.8613,99.64223
3151,0.007211291,692.7455,692.7455,2613.017
3152,0.007212946,1550.374,1550.374,4114.4395
3153,0.00721461,2379.65,2379.65,2379.65
3154,0.007216306,2909.4854,2909.4854,2818.7515
3155,0.007218022,2964.6274,2964.6274,3585.439
3156,0.007219728,2415.3767,2415.3767,2415.3767
3157,0.007221401,1304.0897,1304.0897,-1477.303
3158,0.007223064,176.30624,176.30624,-219.3734
3159,0.007224698,-309.22495,-215.01105,-309.22495
3160,0.007226279,206.38121,206.38121,-1013.24835
3161,0.007227854,1264.3655,1264.3655,-461.66248
3162,0.007229458,2260.494,2260.494,2260.494
3163,0.007231067,2681.8416,2681.8416,1680.7594
3164,0.007232649,2653.7192,2653.7192,2180.3608
3165,0.007234195,2461.9702,2461.9702,2461.9702
3166,0.007235725,2302.2036,2302.2036,993.7516
3167,0.007237286,2119.2295,2119.2295,2175.908
3168,0.007238858,1799.658,995.0249,1799.658
3169,0.007240456,1274.4874,1274.4874,1499.4235
3170,0.007242077,711.8613,711.8613,945.53284
3171,0.007243685,359.6344,359.6344,359.6344
3172,0.007245247,303.98602,303.98602,1491.8141
3173,0.007246784,89.3675,89.3675,809.2594
3174,0.007248304,-825.37335,-825.37335,-825.37335
3175,0.007249851,-2807.2742,-2807.2742,-4421.264
3176,0.007251461,-5401.6123,-5401.6123,-7763.17
3177,0.00725313,-7747.67,-5566.2607,-7747.67
3178,0.007254789,-8917.892,-8917.892,-4335.803
3179,0.007256398,-8660.167,-8660.167,-3984.5686
3180,0.007258009,-6871.342,-6871.342,-6871.342
3181,0.007259553,-3807.9731,-3807.9731,-6085.084
3182,0.007261065,-516.4069,-516.4069,-2596.5452
3183,0.007262572,1869.4783,1869.4783,1869.4783
3184,0.007264095,2489.5347,2489.5347,-1881.0609
3185,0.007265601,1668.7963,1668.7963,-1573.5844
3186,0.007267091,74.19692,1931.2838,74.19692
3187,0.007268598,-1738.2709,-1738.2709,-515.5687
3188,0.007270156,-3332.6987,-3332.6987,-3509.3423
3189,0.007271717,-4173.389,-4173.389,-4173.389
3190,0.007273276,-3958.872,-3958.872,-7903.709
3191,0.007274832,-3110.0715,-3110.0715,-2736.2642
3192,0.007276376,-2225.7952,-2225.7952,-2225.7952
3193,0.007277941,-1741.8755,-1741.8755,-1279.8344
3194,0.007279531,-1572.5879,-1572.5879,-2426.428
3195,0.007281126,-1480.0687,-2903.5679,-1480.0687
3196,0.007282687,-1261.2015,-1261.2015,2792.9702
3197,0.007284235,-873.1071,-873.1071,1162.9156
3198,0.007285803,-299.48276,-299.48276,-299.48276
3199,0.007287379,400.97864,400.97864,1272.0719
3200,0.00728895,901.30176,901.30176,1002.8766
3201,0.007290559,805.025,805.025,805.025
3202,0.007292181,-51.94816,-51.94816,680.4
3203,0.007293798,-690.4413,-690.4413,-285.98276
3204,0.007295415,138.54066,48.474777,138.54066
3205,0.007297043,3024.2812,3024.2812,4170.9624
3206,0.007298638,5720.6997,5720.6997,8420.799
3207,0.007300166,5634.2124,5634.2124,5634.2124
3208,0.007301659,1617.7303,1617.7303,1427.1813
3209,0.007303188,-4002.2654,-4002.2654,-3819.936
3210,0.007304752,-7613.0215,-7613.0215,-7613.0215
3211,0.007306311,-6455.5356,-6455.5356,-4459.8496
3212,0.007307796,-2869.575,-2869.575,-1824.2328
3213,0.007309261,195.52504,-1292.2949,195.52504
3214,0.007310762,723.55426,723.55426,-668.5687
3215,0.007312329,-563.61395,-563.61395,-2170.8967
3216,0.00731395,-1898.6936,-1898.6936,-1898.6936
3217,0.007315521,-1692.4104,-1692.4104,-110.701515
3218,0.007317099,-290.13254,-290.13254,468.41565
3219,0.007318738,1630.5641,1630.5641,1630.5641
3220,0.007320341,3248.038,3248.038,1721.65
3221,0.007321916,4201.162,4201.162,3898.447
3222,0.007323523,4214.189,3576.121,4214.189
3223,0.00732517,3085.0078,3085.0078,1335.4391
3224,0.007326838,1391.9027,1391.9027,1620.6344
3225,0.007328499,-18.224957,-18.224957,-18.224957
3226,0.007330148,-540.68585,-540.68585,-1061.6703
3227,0.007331789,-431.5463,-431.5463,-291.65463
3228,0.007333399,-145.95152,-145.95152,-145.95152
3229,0.007335014,-54.12768,-54.12768,-2220.608
3230,0.007336687,-329.2708,-329.2708,-1459.764
3231,0.007338399,-1117.1,122.58749,-1117.1
3232,0.00734013,-2379.656,-2379.656,-2261.4985
3233,0.007341819,-3338.4995,-3338.4995,-2333.0999
3234,0.007343512,-3147.553,-3147.553,-3147.553
3235,0.007345237,-1312.4148,-1312.4148,-694.3578
3236,0.007346979,859.85297,859.85297,693.56415
3237,0.007348675,1536.5095,1536.5095,1536.5095
3238,0.007350314,-173.50739,-173.50739,979.7985
3239,0.007351912,-2716.8792,-2716.8792,-1543.3969
3240,0.0073535,-4223.3813,-3490.5098,-4223.3813
3241,0.007355128,-3364.7,-3364.7,-45.57652
3242,0.007356811,-966.7542,-966.7542,3515.2046
3243,0.007358511,1275.1813,1275.1813,1275.1813
3244,0.007360238,1944.5563,1944.5563,-3069.9905
3245,0.007361968,1143.357,1143.357,-4192.2954
3246,0.007363687,-567.3656,-567.3656,-567.3656
3247,0.007365426,-2566.792,-2566.792,-886.9124
3248,0.007367144,-3747.6133,-3747.6133,-3355.5452
3249,0.007368829,-3024.5063,-6330.1323,-3024.5063
3250,0.007370521,167.97945,167.97945,891.3923
3251,0.007372171,4286.1636,4286.1636,5997.4624
3252,0.007373761,7486.9,7486.9,7486.9
3253,0.007375334,8604.877,8604.877,8113.228
3254,0.007376896,7632.94,7632.94,6682.822
3255,0.007378459,4818.7437,4818.7437,4818.7437
3256,0.007380091,414.5154,414.5154,689.04846
3257,0.007381691,-3923.2458,-3923.2458,-5445.4985
3258,0.007383261,-6601.1543,-4297.7217,-6601.1543
3259,0.007384864,-6689.171,-6689.171,-6303.287
3260,0.007386502,-5377.2637,-5377.2637,-3987.3499
3261,0.007388158,-4650.772,-4650.772,-4650.772
3262,0.007389798,-6005.082,-6005.082,-7442.928
3263,0.007391386,-8569.258,-8569.258,-10450.123
3264,0.00739294,-11103.271,-11103.271,-11103.271
3265,0.00739451,-12708.943,-12708.943,-11354.795
3266,0.007396108,-13078.057,-13078.057,-10565.701
3267,0.007397684,-12092.006,-12442.061,-12092.006
3268,0.007399254,-9868.96,-9868.96,-10293.507
3269,0.007400868,-7196.778,-7196.778,-8275.015
3270,0.007402527,-5228.5845,-5228.5845,-5228.5845
3271,0.007404193,-4862.105,-4862.105,-4619.4824
3272,0.007405862,-5264.5825,-5264.5825,-4843.061
3273,0.007407532,-5167.233,-5167.233,-5167.233
3274,0.00740918,-3757.6875,-3757.6875,-3940.6313
3275,0.007410848,-1892.1229,-1892.1229,-3328.9124
3276,0.007412514,-917.3265,-334.86093,-917.3265
3277,0.007414176,-1721.8368,-1721.8368,163.73598
3278,0.007415827,-3436.8792,-3436.8792,-1676.1937
3279,0.007417471,-4795.6235,-4795.6235,-4795.6235
3280,0.007419081,-4906.265,-4906.265,-8798.881
3281,0.007420643,-4255.7383,-4255.7383,-9690.991
3282,0.007422191,-3551.7876,-3551.7876,-3551.7876
3283,0.007423773,-3229.2324,-3229.2324,839.69696
3284,0.007425372,-2833.4849,-2833.4849,436.8219
3285,0.007426932,-1692.0844,-7382.21,-1692.0844
3286,0.007428503,624.38293,624.38293,-1318.5686
3287,0.00743009,3465.3794,3465.3794,3075.7046
3288,0.007431697,5861.056,5861.056,5861.056
3289,0.007433346,6979.377,6979.377,5888.8765
3290,0.007435014,6745.1616,6745.1616,6652.0015
3291,0.007436709,5342.588,5342.588,5342.588
3292,0.007438409,3066.8838,3066.8838,2625.5798
3293,0.007440074,534.6558,534.6558,-1948.3812
3294,0.007441713,-1677.3422,1163.273,-1677.3422
3295,0.007443329,-3091.9314,-3091.9314,1713.1344
3296,0.00744497,-3475.8813,-3475.8813,-2041.5375
3297,0.007446613,-2578.5374,-2578.5374,-2578.5374
3298,0.007448237,-451.53836,-451.53836,-5642.139
3299,0.007449886,1972.0525,1972.0525,-2716.897
3300,0.007451584,3421.353,3421.353,3421.353
3301,0.007453249,2883.9033,2883.9033,-669.84216
3302,0.007454859,1113.4774,1113.4774,-3365.881
3303,0.007456461,-937.26404,-666.61804,-937.26404
3304,0.007458073,-2478.333,-2478.333,-122.56871
3305,0.007459692,-3135.0457,-3135.0457,167.75941
3306,0.007461324,-2638.3735,-2638.3735,-2638.3735
3307,0.007462954,-971.2583,-971.2583,-1357.2484
3308,0.007464556,863.5906,863.5906,682.54065
3309,0.007466129,1725.861,1725.861,1725.861
3310,0.007467672,985.5546,985.5546,2080.0642
3311,0.007469185,-413.23447,-413.23447,980.3688
3312,0.007470687,-1267.4984,-411.3402,-1267.4984
3313,0.007472202,-748.6799,-748.6799,-1438.5375
3314,0.00747374,602.6782,602.6782,-589.225
3315,0.007475351,1854.9625,1854.9625,1854.9625
3316,0.00747705,2063.8145,2063.8145,4152.2827
3317,0.007478768,1240.9977,1240.9977,2271.6267
3318,0.007480464,-196.99838,-196.99838,-196.99838
3319,0.007482179,-1795.2507,-1795.2507,-666.43585
3320,0.007483864,-2690.265,-2690.265,-827.0375
3321,0.007485502,-2072.1938,916.65784,-2072.1938
3322,0.007487085,286.60626,286.60626,-775.52185
3323,0.007488726,3178.6738,3178.6738,3828.814
3324,0.007490375,4661.681,4661.681,4661.681
3325,0.007491993,3540.657,3540.657,-219.9984
3326,0.007493618,1328.9731,1328.9731,-1968.0375
3327,0.007495281,189.21254,189.21254,189.21254
3328,0.007496869,1630.0767,1630.0767,5040.9624
3329,0.007498406,4269.023,4269.023,6608.728
3330,0.007499934,6433.2754,4827.7173,6433.2754
3331,0.007501482,6962.69,6962.69,4538.588
3332,0.007503066,6551.8677,6551.8677,6209.5796
3333,0.007504683,6496.8223,6496.8223,6496.8223
3334,0.007506312,7750.706,7750.706,7535.025
3335,0.00750793,9370.991,9370.991,8234.752
3336,0.007509526,9983.9,9983.9,9983.9
3337,0.007511113,8800.582,8800.582,11396.518
3338,0.007512728,6980.995,6980.995,8318.212
3339,0.007514338,6295.5483,2945.064,6295.5483
3340,0.007515938,7872.158,7872.158,7561.8765
3341,0.007517531,10455.011,10455.011,10316.259
3342,0.007519134,12248.947,12248.947,12248.947
3343,0.007520753,11898.909,11898.909,11495.705
3344,0.007522387,10089.0625,10089.0625,8579.26
3345,0.007524035,8085.697,8085.697,8085.697
3346,0.00752565,6868.058,6868.058,6412.3687
3347,0.007527191,5936.3887,5936.3887,5510.931
3348,0.007528708,4501.3374,4151.268,4501.3374
3349,0.007530226,2087.101,2087.101,3122.236
3350,0.007531777,-813.6523,-813.6523,536.8063
3351,0.007533373,-3357.0767,-3357.0767,-3357.0767
3352,0.007535028,-4801.451,-4801.451,-5242.3027
3353,0.007536667,-5350.0747,-5350.0747,-5074.8105
3354,0.00753828,-5587.944,-5587.944,-5587.944
3355,0.007539899,-5925.411,-5925.411,-5878.2563
3356,0.007541527,-6164.275,-6164.275,-9953.17
3357,0.007543146,-5953.5454,-4694.3228,-5953.5454
3358,0.007544776,-4996.4727,-4996.4727,-3781.733
3359,0.007546409,-3226.7585,-3226.7585,-2681.4983
3360,0.007548063,-603.4437,-603.4437,-603.4437
3361,0.007549698,2651.4646,2651.4646,-820.725
3362,0.007551288,5674.5684,5674.5684,4749.299
3363,0.007552869,7643.1733,7643.1733,7643.1733
3364,0.007554499,7947.433,7947.433,9479.572
3365,0.007556161,6983.7275,6983.7275,10324.954
3366,0.007557826,5572.3374,6805.762,5572.3374
3367,0.007559484,4425.6543,4425.6543,5774.0874
3368,0.007561168,3661.0256,3661.0256,6721.056
3369,0.007562882,3285.9937,3285.9937,3285.9937
3370,0.007564587,3285.992,3285.992,1866.9235
3371,0.007566255,3541.3162,3541.3162,2008.4391
3372,0.007567899,3921.822,3921.822,3921.822
3373,0.007569548,4315.7803,4315.7803,5585.7593
3374,0.00757119,4606.8477,4606.8477,5809.33
3375,0.007572843,4683.6816,5264.69,4683.6816
3376,0.007574479,4459.405,4459.405,2208.1033
3377,0.007576134,3946.053,3946.053,1510.4547
3378,0.007577801,3182.6968,3182.6968,3182.6968
3379,0.007579472,2307.4949,2307.4949,2041.1736
3380,0.007581145,1829.8678,1829.8678,1758.6813
3381,0.007582789,2332.4077,2332.4077,2332.4077
3382,0.007584449,4069.3357,4069.3357,-3499.7795
3383,0.007586137,5988.103,5988.103,-1196.1702
3384,0.007587749,6606.728,3582.7395,6606.728
3385,0.007589354,5134.243,5134.243,6381.6577
3386,0.007591005,2171.103,2171.103,6332.603
3387,0.007592695,-1168.8656,-1168.8656,-1168.8656
3388,0.007594372,-3725.7327,-3725.7327,-7592.8027
3389,0.007596021,-5122.037,-5122.037,-5940.1235
3390,0.007597667,-5198.2017,-5198.2017,-5198.2017
3391,0.007599282,-3922.1575,-3922.1575,-4406.7173
3392,0.007600903,-1761.028,-1761.028,-1228.2719
3393,0.007602527,686.7126,-384.50592,686.7126
3394,0.007604159,2883.689,2883.689,4899.181
3395,0.007605792,4511.816,4511.816,7386.5483
3396,0.007607427,5323.72,5323.72,5323.72
3397,0.007609079,5170.6567,5170.6567,4861.7046
3398,0.007610729,4335.5073,4335.5073,3859.197
3399,0.007612342,3247.0486,3247.0486,3247.0486
3400,0.007613933,2216.3447,2216.3447,2660.3687
3401,0.007615537,1264.4133,1264.4133,2467.5718
3402,0.00761716,367.87662,1508.7373,367.87662
3403,0.007618785,-488.27002,-488.27002,-2573.1392
3404,0.0076204,-1335.0632,-1335.0632,-3634.5764
3405,0.007622013,-2216.4045,-2216.4045,-2216.4045
3406,0.007623621,-3091.1562,-3091.1562,-2593.7327
3407,0.007625235,-3608.9412,-3608.9412,-4396.6
3408,0.007626832,-3337.7874,-3337.7874,-3337.7874
3409,0.007628422,-2104.3193,-2104.3193,-2248.2405
3410,0.007630047,-626.0721,-626.0721,-1927.7953
3411,0.007631685,36.939106,-197.20088,36.939106
3412,0.007633326,-825.1698,-825.1698,-825.4202
3413,0.007634928,-2379.3975,-2379.3975,-2791.2483
3414,0.007636477,-3517.6704,-3517.6704,-3517.6704
3415,0.007638005,-3613.6836,-3613.6836,-3213.8423
3416,0.007639579,-3215.2346,-3215.2346,-2771.2485
3417,0.007641187,-3227.0454,-3227.0454,-3227.0454
3418,0.007642801,-4357.688,-4357.688,-4444.405
3419,0.007644407,-6183.8125,-6183.8125,-8283.327
3420,0.00764601,-8020.5996,-8033.9614,-8020.5996
3421,0.007647634,-9300.56,-9300.56,-9053.443
3422,0.00764928,-9803.261,-9803.261,-8356.233
3423,0.007650949,-9396.631,-9396.631,-9396.631
3424,0.007652643,-8050.3804,-8050.3804,-9399.279
3425,0.007654315,-6251.307,-6251.307,-10095.483
3426,0.00765597,-4557.9595,-4557.9595,-4557.9595
3427,0.007657643,-3322.211,-3322.211,-4023.1235
3428,0.007659317,-2300.95,-2300.95,-1830.7092
3429,0.007661,-1060.2015,-2439.869,-1060.2015
3430,0.00766268,667.4071,667.4071,296.34537
3431,0.007664284,2452.3066,2452.3066,-6.428082
3432,0.007665828,3876.5486,3876.5486,3876.5486
3433,0.007667322,4733.6523,4733.6523,5049.3765
3434,0.007668799,5359.286,5359.286,6086.6895
3435,0.007670333,6212.3066,6212.3066,6212.3066
3436,0.007671882,7446.1323,7446.1323,9197.345
3437,0.007673415,8050.434,8050.434,8783.721
3438,0.00767496,6756.197,6411.8477,6756.197
3439,0.007676536,2737.0305,2737.0305,2501.6577
3440,0.007678163,-2511.8098,-2511.8098,-2807.8657
3441,0.007679846,-6504.4595,-6504.4595,-6504.4595
3442,0.007681507,-7069.021,-7069.021,-4895.389
3443,0.007683171,-5162.7974,-5162.7974,-4744.1
3444,0.007684825,-2407.6,-2407.6,-2407.6
3445,0.007686478,-94.41422,-94.41422,-1516.225
3446,0.007688173,1663.031,1663.031,2853.2048
3447,0.007689881,2948.4702,537.03436,2948.4702
3448,0.007691544,3852.503,3852.503,3560.0718
3449,0.00769309,4424.5425,4424.5425,4901.1733
3450,0.007694621,4756.3374,4756.3374,4756.3374
3451,0.007696155,4865.465,4865.465,2354.5405
3452,0.007697673,4730.171,4730.171,1354.1189
3453,0.007699226,4308.5015,4308.5015,4308.5015
3454,0.007700818,3577.4404,3577.4404,6766.47
3455,0.007702398,2681.8525,2681.8525,5839.5723
3456,0.007703957,1789.4626,1544.9508,1789.4626
3457,0.007705517,995.8321,995.8321,-1903.967
3458,0.007707089,213.1976,213.1976,-2934.772
3459,0.007708667,-688.24835,-688.24835,-688.24835
3460,0.007710185,-1736.0872,-1736.0872,-1248.4203
3461,0.007711712,-2819.235,-2819.235,-1741.6469
3462,0.007713289,-3750.7095,-3750.7095,-3750.7095
3463,0.007714862,-4269.2363,-4269.2363,-3480.8967
3464,0.007716445,-4159.143,-4159.143,-2074.0999
3465,0.00771803,-3196.3264,-5088.671,-3196.3264
3466,0.007719594,-1331.2274,-1331.2274,-2956.7795
3467,0.007721135,947.65704,947.65704,-1971.5375
3468,0.007722659,3071.7673,3071.7673,3071.7673
3469,0.007724192,4648.997,4648.997,2716.369
3470,0.007725771,5778.9707,5778.9707,4172.6733
3471,0.007727336,6631.728,6631.728,6631.728
3472,0.007728855,7340.7065,7340.7065,7508.572
3473,0.00773041,7741.4917,7741.4917,9716.033
3474,0.007732036,7489.502,6087.2114,7489.502
3475,0.007733616,6420.5806,6420.5806,3389.1892
3476,0.007735158,5012.294,5012.294,2083.6267
3477,0.007736714,3787.1187,3787.1187,3787.1187
3478,0.007738303,3139.469,3139.469,4721.5874
3479,0.007739927,2776.712,2776.712,4097.9233
3480,0.007741515,2208.6501,2208.6501,2208.6501
3481,0.007743051,1140.5707,1140.5707,-625.1937
3482,0.007744583,-122.7031,-122.7031,-2648.1858
3483,0.007746137,-1130.2328,-739.16876,-1130.2328
3484,0.007747727,-1537.5149,-1537.5149,2296.986
3485,0.007749324,-1617.4204,-1617.4204,869.7985
3486,0.007750901,-1832.1234,-1832.1234,-1832.1234
3487,0.007752465,-2539.2036,-2539.2036,-3016.5608
3488,0.007754037,-3750.564,-3750.564,-4008.725
3489,0.007755633,-5406.7324,-5406.7324,-5406.7324
3490,0.007757254,-7336.8213,-7336.8213,-6937.8027
3491,0.007758875,-8921.389,-8921.389,-7932.701
3492,0.007760471,-9466.101,-5995.7563,-9466.101
3493,0.007762082,-8645.422,-8645.422,-12030.178
3494,0.007763705,-7416.228,-7416.228,-11247.288
3495,0.007765311,-7110.108,-7110.108,-7110.108
3496,0.007766844,-8362.815,-8362.815,-3356.7876
3497,0.007768355,-9775.743,-9775.743,-4355.342
3498,0.00776988,-9584.646,-9584.646,-9584.646
3499,0.007771432,-6495.448,-6495.448,-12150.748
3500,0.007773021,-1639.0272,-1639.0272,-6267.1704
3501,0.00777465,3001.5798,2914.8923,3001.5798
3502,0.007776274,5576.298,5576.298,4089.0483
3503,0.007777843,6203.099,6203.099,3382.5564
3504,0.007779409,5506.8296,5506.8296,5506.8296
3505,0.007780975,4063.9988,4063.9988,6931.1035
3506,0.007782482,2799.5117,2799.5117,3953.5095
3507,0.007783964,2523.2202,2523.2202,2523.2202
3508,0.00778546,3674.2864,3674.2864,2541.8452
3509,0.007787002,5227.0596,5227.0596,5148.0874
3510,0.007788616,5535.3765,5268.4106,5535.3765
3511,0.007790219,3345.6826,3345.6826,4091.6423
3512,0.007791772,52.180676,52.180676,-610.21716
3513,0.007793288,-2609.8108,-2609.8108,-2609.8108
3514,0.007794823,-3493.1423,-3493.1423,-893.8656
3515,0.007796434,-2822.7695,-2822.7695,130.29066
3516,0.007798023,-1356.2405,-1356.2405,-1356.2405
3517,0.007799583,133.88611,133.88611,-3183.9436
3518,0.007801158,1154.9463,1154.9463,494.25943
3519,0.00780274,1201.4781,3329.7527,1201.4781
3520,0.007804352,-24.039022,-24.039022,2480.3687
3521,0.007805937,-1790.7096,-1790.7096,134.13441
3522,0.007807472,-3166.4438,-3166.4438,-3166.4438
3523,0.007809047,-3567.091,-3567.091,-4546.178
3524,0.007810653,-3091.4153,-3091.4153,-5263.5767
3525,0.007812275,-2100.3342,-2100.3342,-2100.3342
3526,0.007813848,-1034.7614,-1034.7614,-1650.3578
3527,0.007815367,-285.65262,-285.65262,-1746.2561
3528,0.007816925,-189.27965,1658.4808,-189.27965
3529,0.007818535,-989.66125,-989.66125,-531.1078
3530,0.007820152,-1995.0952,-1995.0952,-1161.9203
3531,0.007821719,-2262.8892,-2262.8892,-2262.8892
3532,0.007823266,-1382.1285,-1382.1285,-2038.4906
3533,0.007824828,-493.4528,-493.4528,-1480.7015
3534,0.007826446,-1247.0764,-1247.0764,-1247.0764
3535,0.007828112,-4747.8096,-4747.8096,1344.6033
3536,0.007829756,-8480.926,-8480.926,-4928.834
3537,0.007831313,-9325.748,-8496.5205,-9325.748
3538,0.0078328,-6080.723,-6080.723,-9681.365
3539,0.007834249,-1423.3892,-1423.3892,-4453.5767
3540,0.007835736,1545.1892,1545.1892,1545.1892
3541,0.007837259,283.1414,283.1414,1939.3766
3542,0.007838828,-3398.6926,-3398.6926,-2462.6626
3543,0.007840413,-6075.983,-6075.983,-6075.983
3544,0.007842034,-5106.409,-5106.409,-5388.1313
3545,0.007843655,-2014.3218,-2014.3218,-1166.6703
3546,0.007845232,465.78287,1444.2283,465.78287
3547,0.007846802,561.0167,561.0167,2810.142
3548,0.007848374,-1019.16565,-1019.16565,1840.8611
3549,0.007849969,-2967.9045,-2967.9045,-2967.9045
3550,0.007851587,-4097.31,-4097.31,-3482.1545
3551,0.00785319,-4028.8137,-4028.8137,-2367.631
3552,0.007854757,-2691.256,-2691.256,-2691.256
3553,0.007856354,-193.40582,-193.40582,-3907.483
3554,0.00785794,2133.3958,2133.3958,-2114.5454
3555,0.007859503,2752.736,966.42737,2752.736
3556,0.00786105,837.7693,837.7693,4321.056
3557,0.007862587,-2115.6245,-2115.6245,-109.46714
3558,0.00786416,-4128.272,-4128.272,-4128.272
3559,0.007865796,-3592.4268,-3592.4268,-2455.717
3560,0.007867445,-1688.4941,-1688.4941,1461.7516
3561,0.007869099,-515.3734,-515.3734,-515.3734
3562,0.007870751,-1509.1294,-1509.1294,-2924.0608
3563,0.007872351,-3288.9375,-3288.9375,-3784.4592
3564,0.007873894,-4032.7954,-4140.9033,-4032.7954
3565,0.007875439,-2693.4517,-2693.4517,-3650.6858
3566,0.007876937,-394.1654,-394.1654,-1194.9594
3567,0.007878466,1444.3844,1444.3844,1444.3844
3568,0.007880011,1620.0679,1620.0679,4505.166
3569,0.007881571,518.83734,518.83734,4086.1655
3570,0.007883123,-1009.7328,-1009.7328,-1009.7328
3571,0.007884714,-2250.6694,-2250.6694,-5116.897
3572,0.007886313,-2793.4763,-2793.4763,-5055.0845
3573,0.007887902,-2364.2095,-899.28094,-2364.2095
3574,0.007889483,-919.19275,-919.19275,1575.5563
3575,0.007891039,750.1148,750.1148,4439.0874
3576,0.007892634,1739.3298,1739.3298,1739.3298
3577,0.007894281,1241.2996,1241.2996,-2207.9827
3578,0.00789594,-412.1805,-412.1805,-1426.2405
3579,0.00789756,-2463.553,-2463.553,-2463.553
3580,0.007899175,-4312.4077,-4312.4077,-3428.8655
3581,0.007900783,-5493.673,-5493.673,-7168.272
3582,0.00790237,-5598.7954,-2740.509,-5598.7954
3583,0.007903952,-4427.463,-4427.463,-2838.5532
3584,0.007905594,-2399.9963,-2399.9963,-1264.1936
3585,0.007907225,-308.0765,-308.0765,-308.0765
3586,0.00790881,1166.4192,1166.4192,2427.572
3587,0.007910409,1776.0186,1776.0186,2070.1033
3588,0.007912047,1234.5172,1234.5172,1234.5172
3589,0.007913692,-539.9445,-539.9445,-2052.1936
3590,0.007915349,-2743.2654,-2743.2654,-3348.4592
3591,0.007917005,-4307.2876,-3902.408,-4307.2876
3592,0.007918672,-4481.3975,-4481.3975,-2548.5608
3593,0.007920343,-3740.6606,-3740.6606,1168.0094
3594,0.007922006,-2896.5295,-2896.5295,-2896.5295
3595,0.00792365,-2545.8193,-2545.8193,-3241.7954
3596,0.007925277,-2475.5833,-2475.5833,-2286.4907
3597,0.007926906,-2293.1624,-2293.1624,-2293.1624
3598,0.007928531,-1815.0634,-1815.0634,1173.4313
3599,0.007930122,-1655.859,-1655.859,2102.744
3600,0.00793168,-2543.3345,-1611.4221,-2543.3345
3601,0.007933217,-4740.9556,-4740.9556,-6882.3423
3602,0.007934761,-6951.1714,-6951.1714,-9326.437
3603,0.007936318,-7425.8423,-7425.8423,-7425.8423
3604,0.007937883,-5036.34,-5036.34,-3181.3733
3605,0.007939475,-1396.684,-1396.684,2702.5015
3606,0.00794103,951.50946,951.50946,951.50946
3607,0.007942526,519.8513,519.8513,-3062.8499
3608,0.007944001,-1481.222,-1481.222,-2487.764
3609,0.0079455,-3452.5686,-3312.438,-3452.5686
3610,0.007947013,-4012.0645,-4012.0645,-3693.561
3611,0.007948554,-3083.2437,-3083.2437,-4354.303
3612,0.007950123,-925.7874,-925.7874,-925.7874
3613,0.007951708,1969.7203,1969.7203,4962.408
3614,0.007953271,4353.7,4353.7,4527.7593
3615,0.007954839,4938.76,4938.76,4938.76
3616,0.007956426,2843.7358,2843.7358,1852.7986
3617,0.007957983,-671.9263,-671.9263,-1932.8969
3618,0.007959539,-3989.9124,-2702.8652,-3989.9124
3619,0.00796112,-5833.623,-5833.623,-5352.8657
3620,0.007962693,-6186.1943,-6186.1943,-2550.0767
3621,0.007964272,-5442.014,-5442.014,-5442.014
3622,0.007965873,-4018.044,-4018.044,-5936.28
3623,0.007967507,-2574.0134,-2574.0134,-4053.6467
3624,0.007969119,-1915.8187,-1915.8187,-1915.8187
3625,0.007970707,-2447.2214,-2447.2214,80.70473
3626,0.007972323,-3392.5261,-3392.5261,-1718.9281
3627,0.007973962,-3617.6545,-494.48746,-3617.6545
3628,0.007975595,-2403.6929,-2403.6929,-4152.686
3629,0.007977225,-889.3407,-889.3407,-3065.881
3630,0.007978862,-662.0687,-662.0687,-662.0687
3631,0.007980452,-2510.617,-2510.617,-1536.0609
3632,0.00798197,-4366.9316,-4366.9316,-2092.7798
3633,0.007983495,-3935.1624,-3935.1624,-3935.1624
3634,0.007985085,432.62766,432.62766,1461.3922
3635,0.007986735,6245.484,6245.484,6447.6426
3636,0.007988401,9158.971,6014.6426,9158.971
3637,0.007990064,6151.269,6151.269,3351.9155
3638,0.007991718,-101.14185,-101.14185,-3134.4983
3639,0.007993365,-5618.014,-5618.014,-5618.014
3640,0.007995014,-7496.303,-7496.303,-2531.9517
3641,0.007996642,-6776.589,-6776.589,-1449.475
3642,0.007998273,-5452.5376,-5452.5376,-5452.5376
3643,0.007999945,-5060.0283,-5060.0283,-9115.639
3644,0.008001615,-5459.2593,-5459.2593,-8533.467
3645,0.008003298,-6025.561,-4174.8086,-6025.561
3646,0.008004975,-6229.627,-6229.627,-2327.6155
3647,0.008006647,-5999.3145,-5999.3145,-1579.1078
3648,0.008008332,-5365.545,-5365.545,-5365.545
3649,0.008010034,-4366.8447,-4366.8447,-6768.764
3650,0.008011744,-3106.2559,-3106.2559,-4512.522
3651,0.008013454,-1707.717,-1707.717,-1707.717
3652,0.008015108,-397.59116,-397.59116,-4884.319
3653,0.008016724,444.28915,444.28915,-5315.733
3654,0.008018344,405.97818,2040.8049,405.97818
3655,0.008019948,-668.1491,-668.1491,6149.8687
3656,0.008021559,-1853.6152,-1853.6152,3983.736
3657,0.008023207,-1916.7953,-1916.7953,-1916.7953
3658,0.008024923,42.68745,42.68745,-3932.0295
3659,0.008026577,2469.0256,2469.0256,-1246.7092
3660,0.008028188,3514.4546,3514.4546,3514.4546
3661,0.008029807,2075.6528,2075.6528,2084.8533
3662,0.008031449,-669.8168,-669.8168,-1666.8889
3663,0.008033089,-2812.8188,-923.5498,-2812.8188
3664,0.008034727,-2927.4746,-2927.4746,-2161.3342
3665,0.008036375,-1447.3715,-1447.3715,265.3141
3666,0.00803801,692.04065,692.04065,692.04065
3667,0.008039606,2616.9998,2616.9998,118.6891
3668,0.008041168,3814.3745,3814.3745,948.22815
3669,0.008042719,3878.4858,3878.4858,3878.4858
3670,0.008044252,2617.831,2617.831,4742.478
3671,0.008045782,688.06836,688.06836,861.24384
3672,0.008047336,-1079.8734,-673.7898,-1079.8734
3673,0.008048905,-2004.9265,-2004.9265,-2035.4125
3674,0.008050452,-2353.9224,-2353.9224,-2752.2483
3675,0.008051958,-2644.1545,-2644.1545,-2644.1545
3676,0.008053439,-3270.37,-3270.37,-241.72496
3677,0.008054962,-4361.2617,-4361.2617,-2178.5217
3678,0.008056522,-5967.3423,-5967.3423,-5967.3423
3679,0.008058081,-7947.3,-7947.3,-10573.639
3680,0.00805964,-9628.66,-9628.66,-11389.068
3681,0.008061235,-10193.1,-5795.028,-10193.1
3682,0.008062895,-9032.456,-9032.456,-8821.865
3683,0.00806453,-7248.543,-7248.543,-8579.327
3684,0.00806616,-6320.3813,-6320.3813,-6320.3813
3685,0.008067776,-7160.3706,-7160.3706,-1536.7875
3686,0.008069403,-8561.035,-8561.035,-3671.717
3687,0.008071037,-8754.678,-8754.678,-8754.678
3688,0.008072656,-6609.687,-6609.687,-9487.756
3689,0.008074246,-3532.2117,-3532.2117,-5652.8345
3690,0.008075817,-1372.7014,-2676.574,-1372.7014
3691,0.008077427,-1334.5221,-1334.5221,-3299.8267
3692,0.008079056,-2359.4214,-2359.4214,-5177.303
3693,0.008080631,-2664.5374,-2664.5374,-2664.5374
3694,0.008082165,-1177.3881,-1177.3881,1448.7986
3695,0.00808369,1341.4108,1341.4108,3261.8298
3696,0.008085262,3806.7124,3806.7124,3806.7124
3697,0.008086914,5217.165,5217.165,1881.6656
3698,0.008088574,5615.277,5615.277,1482.4938
3699,0.008090262,5505.072,4449.7075,5505.072
3700,0.008091982,5328.261,5328.261,10624.079
3701,0.008093676,5209.0566,5209.0566,7336.197
3702,0.008095364,5176.9077,5176.9077,5176.9077
3703,0.008097022,5219.6357,5219.6357,5516.111
3704,0.008098651,5164.394,5164.394,6644.603
3705,0.008100223,4827.017,4827.017,4827.017
3706,0.008101772,4088.0767,4088.0767,2378.8376
3707,0.008103309,3015.7822,3015.7822,1573.2516
3708,0.008104823,1732.8453,5040.7163,1732.8453
3709,0.008106303,354.56723,354.56723,385.77502
3710,0.008107764,-1055.228,-1055.228,-1634.389
3711,0.008109222,-2445.7407,-2445.7407,-2445.7407
3712,0.008110707,-3686.3323,-3686.3323,-3056.8657
3713,0.008112238,-4221.8135,-4221.8135,-4638.3813
3714,0.008113772,-3326.5764,-3326.5764,-3326.5764
3715,0.008115336,-662.0561,-662.0561,-3108.2795
3716,0.008116953,2424.9077,2424.9077,-358.92026
3717,0.008118601,3810.3376,2657.1094,3810.3376
3718,0.00812021,2174.8484,2174.8484,2807.2437
3719,0.008121797,-421.99142,-421.99142,354.66565
3720,0.008123397,-1321.9202,-1321.9202,-1321.9202
3721,0.008125022,1337.9996,1337.9996,-161.88902
3722,0.0081267,5652.7637,5652.7637,5075.244
3723,0.008128409,8247.291,8247.291,8247.291
3724,0.00813007,6740.913,6740.913,3788.5952
3725,0.008131688,3381.3643,3381.3643,862.2048
3726,0.008133264,1074.9781,1066.4355,1074.9781
3727,0.008134835,1577.8969,1577.8969,2531.2827
3728,0.00813643,3494.1948,3494.1948,2592.7205
3729,0.008138005,4515.322,4515.322,4515.322
3730,0.008139575,3149.6719,3149.6719,3870.5798
3731,0.008141168,720.39594,720.39594,586.8297
3732,0.008142799,-615.83435,-615.83435,-615.83435
3733,0.008144465,875.8245,875.8245,2588.111
3734,0.008146135,4055.4026,4055.4026,5329.002
3735,0.008147808,6982.6343,5907.0703,6982.6343
3736,0.008149493,8140.1816,8140.1816,7586.588
3737,0.008151183,7752.187,7752.187,8947.025
3738,0.008152865,6525.97,6525.97,6525.97
3739,0.008154539,5088.3745,5088.3745,2980.0796
3740,0.008156204,3742.849,3742.849,3121.1033
3741,0.008157867,2703.244,2703.244,2703.244
3742,0.008159534,2181.3242,2181.3242,6174.3843
3743,0.008161188,2367.8967,2367.8967,2815.5642
3744,0.008162875,3470.7515,4771.1187,3470.7515
3745,0.008164504,5371.384,5371.384,5881.9937
3746,0.008166065,7110.73,7110.73,5701.158
3747,0.00816761,7752.8843,7752.8843,7752.8843
3748,0.008169221,6612.064,6612.064,5786.885
3749,0.008170908,4365.814,4365.814,3030.8064
3750,0.008172626,2411.244,2411.244,2411.244
3751,0.00817435,1826.6279,1826.6279,1359.6658
3752,0.008176062,1862.0232,1862.0232,-65.63902
3753,0.008177755,1335.2361,2501.9902,1335.2361
3754,0.008179433,-497.18814,-497.18814,-785.64685
3755,0.008181058,-2809.5015,-2809.5015,-3888.9592
3756,0.008182638,-4581.2095,-4581.2095,-4581.2095
3757,0.008184187,-5150.5723,-5150.5723,-479.31873
3758,0.008185727,-4704.7456,-4704.7456,2378.892
3759,0.008187269,-3588.1704,-3588.1704,-3588.1704
3760,0.008188859,-2058.0713,-2058.0713,-6770.678
3761,0.008190489,-285.29544,-285.29544,-3561.3735
3762,0.008192123,1535.0173,-644.5911,1535.0173
3763,0.00819375,3143.2083,3143.2083,2632.9392
3764,0.008195409,3974.0898,3974.0898,2046.5485
3765,0.008197051,3310.3687,3310.3687,3310.3687
3766,0.008198649,1053.905,1053.905,5528.3843
3767,0.008200221,-1109.6711,-1109.6711,1856.0953
3768,0.00820179,-1197.3734,-1197.3734,-1197.3734
3769,0.008203401,2070.347,2070.347,388.71252
3770,0.008204943,6246.692,6246.692,5740.9233
3771,0.00820646,8575.307,8446.573,8575.307
3772,0.008207995,7271.0,7271.0,3950.2517
3773,0.008209544,3965.5198,3965.5198,384.11096
3774,0.008211163,1269.8688,1269.8688,1269.8688
3775,0.008212755,1520.303,1520.303,4425.603
3776,0.008214318,3637.2788,3637.2788,7782.892
3777,0.008215894,5957.3066,5957.3066,5957.3066
3778,0.008217485,7069.844,7069.844,4721.681
3779,0.008219102,6708.102,6708.102,5057.595
3780,0.008220717,4926.8535,5541.563,4926.8535
3781,0.008222261,2168.4783,2168.4783,1986.0875
3782,0.008223775,-520.6581,-520.6581,-1311.139
3783,0.008225321,-2021.7015,-2021.7015,-2021.7015
3784,0.008226895,-1450.5864,-1450.5864,3674.1733
3785,0.008228507,209.40477,209.40477,5793.7124
3786,0.008230177,1322.3141,1322.3141,1322.3141
3787,0.008231843,546.55096,546.55096,-5373.1934
3788,0.008233428,-1145.2437,-1145.2437,-4860.178
3789,0.008234979,-2504.022,-508.24213,-2504.022
3790,0.008236533,-2589.349,-2589.349,518.8141
3791,0.008238071,-1157.334,-1157.334,107.31411
3792,0.00823959,1819.236,1819.236,1819.236
3793,0.008241094,6007.66,6007.66,5898.0176
3794,0.008242603,9679.86,9679.86,8448.736
3795,0.008244115,10674.064,10674.064,10674.064
3796,0.008245643,7544.018,7544.018,4710.2905
3797,0.00824723,1788.6879,1788.6879,1133.6813
3798,0.008248826,-3720.4905,118.53772,-3720.4905
3799,0.00825041,-6648.902,-6648.902,-5249.0215
3800,0.008252002,-7193.4604,-7193.4604,-5848.639
3801,0.00825358,-6109.9434,-6109.9434,-6109.9434
3802,0.008255143,-4128.552,-4128.552,-6258.475
3803,0.008256709,-1724.8671,-1724.8671,-822.24054
3804,0.008258291,681.6423,681.6423,681.6423
3805,0.008259902,2643.4468,2643.4468,-1929.35
3806,0.008261496,3633.5664,3633.5664,-2080.9673
3807,0.008263049,3245.9312,3119.4644,3245.9312
3808,0.008264601,1346.8568,1346.8568,5375.76
3809,0.008266173,-1259.9658,-1259.9658,2133.4312
3810,0.008267776,-3458.3735,-3458.3735,-3458.3735
3811,0.008269356,-4292.8853,-4292.8853,-2565.686
3812,0.008270906,-4077.7273,-4077.7273,-4140.209
3813,0.008272471,-3352.358,-3352.358,-3352.358
3814,0.008273981,-2615.6714,-2615.6714,-3253.967
3815,0.008275456,-2081.9746,-2081.9746,-3988.514
3816,0.008276966,-1896.9672,999.3781,-1896.9672
3817,0.008278548,-2164.8818,-2164.8818,2074.7124
3818,0.008280191,-2518.512,-2518.512,2974.392
3819,0.008281823,-2384.7876,-2384.7876,-2384.7876
3820,0.008283461,-1354.349,-1354.349,-2606.0376
3821,0.00828505,293.65805,293.65805,1892.0719
3822,0.008286599,2179.1736,2179.1736,2179.1736
3823,0.008288165,4010.897,4010.897,-1812.7328
3824,0.008289761,5339.3228,5339.3228,866.8766
3825,0.008291395,5620.6655,2678.9512,5620.6655
3826,0.008293,4543.8867,4543.8867,8467.221
3827,0.008294578,2759.0203,2759.0203,6324.603
3828,0.008296158,1039.15,1039.15,1039.15
3829,0.008297794,-8.758687,-8.758687,-2680.5767
3830,0.008299443,-321.21384,-321.21384,-1462.5375
3831,0.0083011,-66.79527,-66.79527,-66.79527
3832,0.008302671,510.90805,510.90805,1407.3063
3833,0.008304225,1139.6223,1139.6223,-208.17809
3834,0.008305771,1543.8063,251.82845,1543.8063
3835,0.008307356,1576.5679,1576.5679,3955.7205
3836,0.008308998,1615.1125,1615.1125,2253.236
3837,0.008310649,2235.619,2235.619,2235.619
3838,0.008312281,3723.5256,3723.5256,804.775
3839,0.008313907,5279.9185,5279.9185,5073.892
3840,0.008315521,5852.6113,5852.6113,5852.6113
3841,0.008317118,4787.708,4787.708,5000.127
3842,0.008318761,2731.5925,2731.5925,3972.0173
3843,0.008320421,801.3454,1468.8456,801.3454
3844,0.008322055,-109.46734,-109.46734,-2829.6702
3845,0.008323693,-324.60773,-324.60773,222.1891
3846,0.008325369,-418.41248,-418.41248,-418.41248
3847,0.008327063,-868.63074,-868.63074,-3256.4985
3848,0.008328761,-1631.5209,-1631.5209,-4192.1387
3849,0.008330456,-2522.7954,-2522.7954,-2522.7954
3850,0.00833213,-3291.6353,-3291.6353,2377.1345
3851,0.008333802,-3467.4556,-3467.4556,-715.2875
3852,0.00833548,-2504.1545,-1250.3622,-2504.1545
3853,0.008337143,-231.15468,-231.15468,-508.46716
3854,0.008338812,2165.929,2165.929,3500.0564
3855,0.008340471,3125.0015,3125.0015,3125.0015
3856,0.008342082,1795.3428,1795.3428,4064.314
3857,0.008343661,-377.2716,-377.2716,417.36877
3858,0.008345208,-1605.014,-1605.014,-1605.014
3859,0.00834675,-778.8385,-778.8385,-626.975
3860,0.008348277,1132.8077,1132.8077,2040.611
3861,0.008349829,2720.7048,2849.7334,2720.7048
3862,0.008351401,2851.3608,2851.3608,1127.2281
3863,0.008352976,1983.9137,1983.9137,274.46255
3864,0.008354577,1004.8844,1004.8844,1004.8844
3865,0.008356163,664.8955,664.8955,2386.4626
3866,0.00835766,862.272,862.272,2717.8455
3867,0.008359136,1326.9391,1326.9391,1326.9391
3868,0.008360658,1844.2737,1844.2737,-1595.9359
3869,0.008362277,2095.581,2095.581,-2844.0923
3870,0.008363912,1650.7047,4244.4404,1650.7047
3871,0.008365526,299.739,299.739,5280.377
3872,0.008367097,-1469.1266,-1469.1266,1611.7438
3873,0.008368665,-3121.2327,-3121.2327,-3121.2327
3874,0.008370282,-4337.2705,-4337.2705,-5329.4043
3875,0.008371858,-5503.4897,-5503.4897,-6494.514
3876,0.008373402,-7253.6626,-7253.6626,-7253.6626
3877,0.00837497,-9946.965,-9946.965,-11112.17
3878,0.00837652,-12537.701,-12537.701,-13621.576
3879,0.008378035,-13766.741,-13476.237,-13766.741
3880,0.00837958,-12865.245,-12865.245,-10786.006
3881,0.008381158,-10581.728,-10581.728,-8278.42
3882,0.008382767,-8222.771,-8222.771,-8222.771
3883,0.008384409,-6832.225,-6832.225,-6093.4204
3884,0.008386067,-5844.3223,-5844.3223,-4320.1855
3885,0.0083877,-4249.1,-4249.1,-4249.1
3886,0.008389289,-1585.0211,-1585.0211,834.6969
3887,0.008390849,819.62524,819.62524,2049.7908
3888,0.008392416,1316.8297,-720.4539,1316.8297
3889,0.00839398,-1174.2404,-1174.2404,-2772.8188
3890,0.008395517,-5138.135,-5138.135,-6264.0527
3891,0.008397085,-8681.959,-8681.959,-8681.959
3892,0.008398699,-10206.888,-10206.888,-5765.553
3893,0.008400356,-10253.659,-10253.659,-6915.483
3894,0.008402006,-10110.139,-10110.139,-10110.139
3895,0.008403568,-10671.561,-10671.561,-12057.796
3896,0.008405082,-11320.544,-11320.544,-12076.085
3897,0.008406597,-11210.952,-9169.853,-11210.952
3898,0.008408119,-9762.367,-9762.367,-11963.874
3899,0.008409655,-7520.859,-7520.859,-5804.655
3900,0.008411219,-5340.9355,-5340.9355,-5340.9355
3901,0.008412827,-3883.968,-3883.968,-4732.225
3902,0.008414453,-2735.1726,-2735.1726,-3916.9749
3903,0.008416093,-1107.8031,-1107.8031,-1107.8031
3904,0.008417699,1363.4907,1363.4907,1549.5485
3905,0.008419312,3693.4753,3693.4753,6000.119
3906,0.008420971,4465.7593,4273.3887,4465.7593
3907,0.008422649,2632.282,2632.282,598.4782
3908,0.008424276,-332.8509,-332.8509,-4442.569
3909,0.008425897,-2621.561,-2621.561,-2621.561
3910,0.008427548,-2967.0205,-2967.0205,2408.517
3911,0.008429134,-2256.3904,-2256.3904,3424.4624
3912,0.008430696,-1844.764,-1844.764,-1844.764
3913,0.008432252,-2553.5393,-2553.5393,-5019.8423
3914,0.008433749,-3533.1013,-3533.1013,-4287.0845
3915,0.00843522,-3707.2717,-3096.584,-3707.2717
3916,0.008436689,-2375.4878,-2375.4878,-1208.0687
3917,0.008438215,16.418898,16.418898,-49.131207
3918,0.008439787,2553.4624,2553.4624,2553.4624
3919,0.008441301,4228.77,4228.77,4524.4624
3920,0.00844278,4862.001,4862.001,4094.4546
3921,0.008444291,4343.2827,4343.2827,4343.2827
3922,0.008445867,2568.425,2568.425,2899.775
3923,0.008447483,190.79568,190.79568,1072.0563
3924,0.008449079,-1778.8344,457.247,-1778.8344
3925,0.008450734,-2624.8962,-2624.8962,-2790.1548
3926,0.008452407,-2197.8884,-2197.8884,-2892.7327
3927,0.008454091,-615.5296,-615.5296,-615.5296
3928,0.008455755,1795.5552,1795.5552,1947.4547
3929,0.008457365,4130.3574,4130.3574,2684.5251
3930,0.008458962,5554.3926,5554.3926,5554.3926
3931,0.008460552,5470.5044,5470.5044,7583.767
3932,0.008462117,4305.857,4305.857,5556.0093
3933,0.008463661,2709.1265,2949.576,2709.1265
3934,0.008465203,1159.9985,1159.9985,122.915665
3935,0.008466758,-283.54654,-283.54654,-1509.6077
3936,0.008468312,-1639.8265,-1639.8265,-1639.8265
3937,0.00846987,-2910.7153,-2910.7153,-2349.5999
3938,0.008471416,-3943.1807,-3943.1807,-3677.9827
3939,0.008472967,-4574.7876,-4574.7876,-4574.7876
3940,0.008474557,-4660.201,-4660.201,-5840.0454
3941,0.008476154,-4193.9507,-4193.9507,-5450.5767
3942,0.008477712,-3265.1704,-3595.4297,-3265.1704
3943,0.008479273,-2011.7004,-2011.7004,-3349.6235
3944,0.008480864,-918.71155,-918.71155,-1876.475
3945,0.008482433,-625.4906,-625.4906,-625.4906
3946,0.008484025,-1448.2609,-1448.2609,-2276.5063
3947,0.008485594,-2551.8525,-2551.8525,-3063.4592
3948,0.008487129,-2872.842,-2872.842,-2872.842
3949,0.008488707,-1738.5388,-1738.5388,-2329.7954
3950,0.008490274,25.412725,25.412725,1264.5798
3951,0.008491853,1225.8923,3818.6592,1225.8923
3952,0.008493438,1052.5146,1052.5146,2148.5408
3953,0.008494969,455.9698,455.9698,922.0876
3954,0.008496528,717.2438,717.2438,717.2438
3955,0.008498061,2628.3064,2628.3064,4380.6733
3956,0.00849961,5118.027,5118.027,6798.1733
3957,0.008501177,6574.72,6574.72,6574.72
3958,0.008502756,5777.2847,5777.2847,3729.072
3959,0.008504343,3461.856,3461.856,4080.3064
3960,0.008505908,937.1969,2967.838,937.1969
3961,0.008507454,-737.95044,-737.95044,-4318.225
3962,0.008508999,-1169.1942,-1169.1942,-3462.9358
3963,0.008510554,-70.92027,-70.92027,-70.92027
3964,0.008512137,2676.9368,2676.9368,7662.2983
3965,0.008513741,6222.288,6222.288,11069.001
3966,0.008515335,9345.946,9345.946,9345.946
3967,0.008516924,11087.999,11087.999,9032.619
3968,0.008518525,11187.256,11187.256,9167.345
3969,0.008520157,9481.486,7914.0283,9481.486
3970,0.008521809,5999.094,5999.094,7657.392
3971,0.008523453,1680.5863,1680.5863,700.97034
3972,0.008525049,-2285.7327,-2285.7327,-2285.7327
3973,0.008526599,-5109.995,-5109.995,-3989.6936
3974,0.00852814,-6719.3423,-6719.3423,-6320.584
3975,0.008529691,-7089.014,-7089.014,-7089.014
3976,0.008531278,-6242.552,-6242.552,-8446.209
3977,0.008532872,-4696.7812,-4696.7812,-5362.608
3978,0.00853448,-3116.6233,-666.9677,-3116.6233
3979,0.008536104,-1980.7986,-1980.7986,-962.264
3980,0.008537723,-909.6542,-909.6542,-1275.8578
3981,0.008539347,725.0329,725.0329,725.0329
3982,0.008541004,3301.6863,3301.6863,2923.0017
3983,0.008542686,5911.5977,5911.5977,6098.103
3984,0.008544344,7230.2676,7230.2676,7230.2676
3985,0.008545984,6535.1724,6535.1724,7271.095
3986,0.008547602,4881.0483,4881.0483,5330.4155
3987,0.008549204,3668.6577,3519.0947,3668.6577
3988,0.008550764,3829.2153,3829.2153,2905.5015
3989,0.008552283,4754.9595,4754.9595,5012.689
3990,0.00855385,5623.8843,5623.8843,5623.8843
3991,0.008555444,5713.323,5713.323,4790.908
3992,0.008557035,5155.549,5155.549,3449.6658
3993,0.00855863,4316.97,4316.97,4316.97
3994,0.008560201,3512.9827,3512.9827,5101.5483
3995,0.008561757,2770.7324,2770.7324,3964.6658
3996,0.008563342,2036.8611,978.1607,2036.8611
3997,0.00856497,1193.213,1193.213,-420.67807
3998,0.008566632,-204.221,-204.221,-1440.5531
3999,0.008568294,-2676.5376,-2676.5376,-2676.5376
4000,0.008569942,-6347.8306,-6347.8306,-6100.03
4001,0.008571602,-9927.799,-9927.799,-8533.811
4002,0.008573263,-11658.912,-11658.912,-11658.912
4003,0.008574871,-10420.794,-10420.794,-11138.99
4004,0.008576439,-7261.827,-7261.827,-7584.4126
4005,0.008578002,-3448.4202,-1687.0636,-3448.4202
4006,0.008579567,-109.744545,-109.744545,-3291.0452
4007,0.008581142,2004.8479,2004.8479,-2857.061
4008,0.008582706,2210.939,2210.939,2210.939
4009,0.008584298,209.59619,209.59619,-215.34996
4010,0.008585893,-2698.3428,-2698.3428,-5362.0063
4011,0.00858748,-4763.303,-4763.303,-4763.303
4012,0.008589081,-4799.01,-4799.01,-4175.3267
4013,0.008590658,-3720.9846,-3720.9846,-1965.9436
4014,0.008592223,-2941.1077,-2721.368,-2941.1077
4015,0.008593815,-3386.8052,-3386.8052,-4138.3423
4016,0.008595479,-4197.6655,-4197.6655,-3551.7407
4017,0.008597149,-3814.5295,-3814.5295,-3814.5295
4018,0.008598763,-1420.3246,-1420.3246,-1729.8187
4019,0.008600262,1232.1775,1232.1775,-84.88902
4020,0.008601766,2517.0562,2517.0562,2517.0562
4021,0.008603306,1250.2927,1250.2927,3134.9077
4022,0.008604866,-1154.152,-1154.152,2055.9314
4023,0.008606434,-2437.631,1494.0485,-2437.631
4024,0.008608008,-1046.9558,-1046.9558,-3713.6938
4025,0.008609558,1462.2253,1462.2253,-1660.1859
4026,0.008611112,2897.158,2897.158,2897.158
4027,0.008612669,1772.6808,1772.6808,3220.3767
4028,0.008614228,-440.8226,-440.8226,861.60315
4029,0.008615769,-1519.6545,-1519.6545,-1519.6545
4030,0.008617321,25.944769,25.944769,-2933.092
4031,0.008618869,3052.3672,3052.3672,-249.38121
4032,0.008620375,5701.83,5037.2397,5701.83
4033,0.008621835,6777.144,6777.144,6606.556
4034,0.008623271,6712.391,6712.391,5703.892
4035,0.008624705,6207.9,6207.9,6207.9
4036,0.008626175,5779.176,5779.176,6095.853
4037,0.008627695,5374.161,5374.161,5357.9
4038,0.008629246,4774.2983,4774.2983,4774.2983
4039,0.00863084,3873.3213,3873.3213,7405.6343
4040,0.008632441,3213.2224,3213.2224,6738.7046
4041,0.008634056,3502.7283,998.1201,3502.7283
4042,0.00863572,5155.9893,5155.9893,3135.0718
4043,0.008637387,6957.449,6957.449,5168.517
4044,0.008639022,7284.994,7284.994,7284.994
4045,0.008640619,5269.492,5269.492,5593.58
4046,0.008642239,2112.4973,2112.4973,2231.1345
4047,0.008643856,-346.91248,-346.91248,-346.91248
4048,0.008645414,-829.92914,-829.92914,-3245.1624
4049,0.008647026,-111.0231,-111.0231,-2481.467
4050,0.008648584,572.7516,-1468.0868,572.7516
4051,0.008650133,378.27518,378.27518,2447.9001
4052,0.008651707,-373.72205,-373.72205,496.89224
4053,0.008653289,-1038.0844,-1038.0844,-1038.0844
4054,0.008654879,-1168.4607,-1168.4607,-2327.9202
4055,0.008656495,-1201.9924,-1201.9924,-2239.272
4056,0.008658094,-1812.8578,-1812.8578,-1812.8578
4057,0.008659656,-3350.4988,-3350.4988,-1826.4359
4058,0.008661218,-5149.0513,-5149.0513,-3962.0295
4059,0.008662816,-6289.053,-7072.9053,-6289.053
4060,0.008664412,-6094.166,-6094.166,-7983.772
4061,0.008666002,-5373.697,-5373.697,-5964.17
4062,0.008667571,-5272.873,-5272.873,-5272.873
4063,0.008669144,-6480.0454,-6480.0454,-5989.2173
4064,0.00867078,-8078.034,-8078.034,-9077.389
4065,0.008672439,-8477.093,-8477.093,-8477.093
4066,0.00867408,-6598.661,-6598.661,-7962.1704
4067,0.008675701,-3532.7466,-3532.7466,-5903.4907
4068,0.008677259,-856.0062,-2197.728,-856.0062
4069,0.008678765,526.65533,526.65533,770.42346
4070,0.008680267,1100.4545,1100.4545,-34.38902
4071,0.008681809,1585.6031,1585.6031,1585.6031
4072,0.00868339,2556.713,2556.713,1519.2594
4073,0.008684983,3824.7153,3824.7153,4755.9624
4074,0.008686574,4985.7046,4985.7046,4985.7046
4075,0.008688184,5722.4766,5722.4766,5332.8457
4076,0.008689783,5979.104,5979.104,9022.15
4077,0.008691346,5803.9233,6472.0767,5803.9233
4078,0.008692914,5157.896,5157.896,1213.4547
4079,0.008694501,3656.2063,3656.2063,-577.52966
4080,0.008696113,792.0641,792.0641,792.0641
4081,0.008697756,-3543.9983,-3543.9983,4516.322
4082,0.008699443,-7585.295,-7585.295,-1199.2015
4083,0.008701114,-8785.967,-8785.967,-8785.967
4084,0.008702731,-5929.762,-5929.762,-7864.905
4085,0.008704359,-1379.0586,-1379.0586,-634.2874
4086,0.008706022,1629.2828,1633.5776,1629.2828
4087,0.008707665,585.72986,585.72986,-5381.889
4088,0.008709344,-2985.479,-2985.479,-10511.568
4089,0.008711016,-6391.3574,-6391.3574,-6391.3574
4090,0.008712634,-7603.6543,-7603.6543,-3579.014
4091,0.008714258,-7224.76,-7224.76,-7347.3423
4092,0.008715875,-6320.037,-6320.037,-6320.037
4093,0.008717473,-5776.827,-5776.827,-3929.1545
4094,0.00871909,-5769.931,-5769.931,-4416.4126
4095,0.008720765,-6353.444,-5293.7637,-6353.444
4096,0.008722491,-7464.173,-7464.173,-3816.9202
4097,0.008724166,-8413.526,-8413.526,-5487.475
4098,0.008725797,-8515.373,-8515.373,-8515.373
4099,0.008727363,-7421.081,-7421.081,-8239.326
4100,0.008728889,-5620.0166,-5620.0166,-8044.78
4101,0.008730464,-3609.186,-3609.186,-3609.186
4102,0.008732046,-1989.2937,-1989.2937,-1457.4203
4103,0.008733624,-1058.8369,-1058.8369,-49.04527
4104,0.008735239,-1042.2172,466.43723,-1042.2172
4105,0.008736866,-2003.3228,-2003.3228,-1871.014
4106,0.00873846,-3099.3704,-3099.3704,-2786.6155
4107,0.008740077,-3353.5298,-3353.5298,-3353.5298
4108,0.008741695,-2108.263,-2108.263,-4562.264
4109,0.008743309,-267.77435,-267.77435,-3584.2876
4110,0.008744922,892.74384,892.74384,892.74384
4111,0.00874656,492.24356,492.24356,-382.96713
4112,0.008748216,-712.3142,-712.3142,-3366.2405
4113,0.008749924,-1464.4281,-701.2513,-1464.4281
4114,0.008751614,-737.6877,-737.6877,2151.369
4115,0.008753271,936.4851,936.4851,1607.2906
4116,0.00875494,2772.103,2772.103,2772.103
4117,0.008756645,4086.0417,4086.0417,4366.689
4118,0.008758339,4614.3413,4614.3413,3356.7908
4119,0.008760025,4280.1733,4280.1733,4280.1733
4120,0.008761682,3166.4954,3166.4954,3861.2048
4121,0.008763346,1875.3048,1875.3048,1760.5406
4122,0.00876502,1161.4156,1427.7421,1161.4156
4123,0.008766671,1556.0658,1556.0658,3089.3142
4124,0.008768294,2649.1978,2649.1978,4922.6187
4125,0.008769905,3865.3218,3865.3218,3865.3218
4126,0.008771469,4699.95,4699.95,2898.6343
4127,0.008773027,4952.4575,4952.4575,4863.9785
4128,0.008774635,4414.4077,4414.4077,4414.4077
4129,0.008776293,2953.6628,2953.6628,2176.572
4130,0.008777956,1111.7964,1111.7964,686.86096
4131,0.008779591,-385.85776,1511.2091,-385.85776
4132,0.00878121,-1015.45197,-1015.45197,-808.67804
4133,0.008782842,-702.76044,-702.76044,491.39224
4134,0.008784503,563.22034,563.22034,563.22034
4135,0.008786191,2659.9875,2659.9875,-705.07654
4136,0.008787853,4818.561,4818.561,919.0954
4137,0.008789467,6217.267,6217.267,6217.267
4138,0.008791064,6503.014,6503.014,7244.2124
4139,0.008792664,6600.706,6600.706,5502.4
4140,0.008794267,7751.5874,3015.2234,7751.5874
4141,0.008795825,10684.317,10684.317,13632.673
4142,0.008797399,14708.288,14708.288,19774.018
4143,0.008799021,18751.197,18751.197,18751.197
4144,0.00880065,21459.074,21459.074,17761.916
4145,0.008802281,21618.41,21618.41,18149.393
4146,0.008803912,18045.447,18045.447,18045.447
4147,0.008805502,10494.87,10494.87,12103.572
4148,0.008807018,1528.3372,1528.3372,955.73596
4149,0.008808513,-6587.3657,-2014.9083,-6587.3657
4150,0.008810032,-12128.669,-12128.669,-11508.889
4151,0.008811592,-14802.588,-14802.588,-13754.49
4152,0.0088132,-14665.436,-14665.436,-14665.436
4153,0.008814799,-12085.755,-12085.755,-10703.896
4154,0.008816387,-8192.362,-8192.362,-6458.2095
4155,0.008817964,-4223.1777,-4223.1777,-4223.1777
4156,0.008819534,-1236.2664,-1236.2664,-5086.78
4157,0.008821066,212.97006,212.97006,-3874.5217
4158,0.008822596,-191.00621,1752.4313,-191.00621
4159,0.008824186,-2500.6409,-2500.6409,2849.6265
4160,0.008825802,-4697.17,-4697.17,-2.6702697
4161,0.008827447,-4007.7642,-4007.7642,-4007.7642
4162,0.008829076,1273.3243,1273.3243,-396.5765
4163,0.008830662,8284.66,8284.66,8545.307
4164,0.008832254,13659.485,13659.485,13659.485
4165,0.008833895,14762.398,14762.398,9397.236
4166,0.008835558,12531.241,12531.241,5756.322
4167,0.008837176,9287.307,10243.02,9287.307
4168,0.008838798,6766.7104,6766.7104,12103.681
4169,0.008840442,5392.4272,5392.4272,15064.712
4170,0.008842104,5302.986,5302.986,5302.986
4171,0.008843736,6318.344,6318.344,-438.78745
4172,0.008845302,7204.5137,7204.5137,205.30629
4173,0.008846791,6770.697,6770.697,6770.697
4174,0.00884826,4431.8315,4431.8315,6438.853
4175,0.008849783,1064.4695,1064.4695,5333.1733
4176,0.00885133,-1749.7172,1059.1097,-1749.7172
4177,0.00885288,-2735.7163,-2735.7163,-4396.8657
4178,0.008854428,-2308.6345,-2308.6345,-1263.6703
4179,0.008856006,-1282.0609,-1282.0609,-1282.0609
4180,0.00885761,-403.5824,-403.5824,-1660.2875
4181,0.008859199,9.0298815,9.0298815,163.58755
4182,0.008860809,-215.24059,-215.24059,-215.24059
4183,0.008862448,-1117.3696,-1117.3696,-401.29526
4184,0.008864107,-2019.7086,-2019.7086,99.32973
4185,0.00886575,-2027.1312,-467.62,-2027.1312
4186,0.008867356,-682.23944,-682.23944,-551.3109
4187,0.008868965,1133.4323,1133.4323,3909.244
4188,0.008870598,2207.8533,2207.8533,2207.8533
4189,0.008872292,1623.9044,1623.9044,2614.642
4190,0.008873998,250.08618,250.08618,2079.0483
4191,0.008875675,-474.3656,-474.3656,-474.3656
4192,0.008877331,278.58752,278.58752,-2889.467
4193,0.008878908,1339.5742,1339.5742,-476.32654
4194,0.008880424,1364.7125,1806.006,1364.7125
4195,0.008881924,-336.0113,-336.0113,378.37662
4196,0.00888345,-2695.5532,-2695.5532,-2862.8892
4197,0.008885007,-4069.3892,-4069.3892,-4069.3892
4198,0.008886579,-3136.6106,-3136.6106,-433.0062
4199,0.00888813,-607.9897,-607.9897,2005.4938
4200,0.008889715,2433.767,2433.767,2433.767
4201,0.008891351,4969.979,4969.979,1811.9156
4202,0.008892997,6536.074,6536.074,4066.2908
4203,0.008894634,6930.76,5932.964,6930.76
4204,0.008896234,6160.8643,6160.8643,6011.4473
4205,0.008897845,4766.183,4766.183,4572.345
4206,0.008899463,3424.369,3424.369,3424.369
4207,0.00890106,2658.542,2658.542,4602.728
4208,0.008902673,2250.5725,2250.5725,6838.2515
4209,0.008904318,1822.0172,1822.0172,1822.0172
4210,0.008905957,1100.541,1100.541,-1695.717
4211,0.008907552,279.6987,279.6987,-2022.1547
4212,0.008909134,-387.07654,3347.5737,-387.07654
4213,0.008910715,-762.96356,-762.96356,-203.98277
4214,0.008912321,-1173.4407,-1173.4407,-530.0375
4215,0.008913931,-2065.2563,-2065.2563,-2065.2563
4216,0.008915559,-3693.0408,-3693.0408,-6348.326
4217,0.00891712,-5326.285,-5326.285,-8149.1855
4218,0.008918643,-6225.865,-6225.865,-6225.865
4219,0.008920207,-5958.647,-5958.647,-3653.5842
4220,0.008921804,-5157.7827,-5157.7827,-2955.4517
4221,0.008923429,-4865.5376,-4010.413,-4865.5376
4222,0.008925039,-5747.8833,-5747.8833,-871.3578
4223,0.008926574,-6724.4604,-6724.4604,687.23596
4224,0.008928053,-6581.7324,-6581.7324,-6581.7324
4225,0.008929568,-4507.8193,-4507.8193,-6353.522
4226,0.008931119,-1076.2499,-1076.2499,-59.287457
4227,0.008932693,2606.5796,2606.5796,2606.5796
4228,0.008934204,5383.869,5383.869,3162.5486
4229,0.008935689,7060.6333,7060.6333,4391.525
4230,0.008937168,7519.3374,8873.826,7519.3374
4231,0.008938693,6747.0894,6747.0894,8873.86
4232,0.008940293,5482.7964,5482.7964,7290.689
4233,0.008941966,4934.2827,4934.2827,4934.2827
4234,0.008943648,6072.711,6072.711,5941.65
4235,0.008945303,7957.4443,7957.4443,8756.096
4236,0.008946928,9270.518,9270.518,9270.518
4237,0.008948529,9127.16,9127.16,7802.611
4238,0.008950155,7838.513,7838.513,6471.361
4239,0.008951856,5948.0874,6493.562,5948.0874
4240,0.008953592,4128.447,4128.447,4053.1968
4241,0.008955332,2857.946,2857.946,2957.5405
4242,0.008957046,2518.447,2518.447,2518.447
4243,0.008958731,3200.3303,3200.3303,5922.072
4244,0.008960399,4120.5596,4120.5596,7056.8296
4245,0.008962072,4326.697,4326.697,4326.697
4246,0.008963767,3211.459,3211.459,834.1266
4247,0.008965451,1735.0516,1735.0516,-360.35776
4248,0.008967085,1211.2516,1192.2502,1211.2516
4249,0.008968635,2279.2695,2279.2695,3556.8843
4250,0.008970132,3977.42,3977.42,5176.6895
4251,0.008971602,5206.6816,5206.6816,5206.6816
4252,0.008973078,5193.6333,5193.6333,5141.447
4253,0.00897458,4074.1804,4074.1804,5895.853
4254,0.008976127,2212.1033,2212.1033,2212.1033
4255,0.00897765,118.33571,118.33571,-488.389
4256,0.008979143,-1820.9901,-1820.9901,-470.65463
4257,0.008980636,-3307.3342,-3009.502,-3307.3342
4258,0.008982142,-4111.7627,-4111.7627,-4787.014
4259,0.008983693,-4416.284,-4416.284,-5017.022
4260,0.008985301,-4518.9595,-4518.9595,-4518.9595
4261,0.008986951,-4585.725,-4585.725,-3222.2092
4262,0.008988592,-4049.1611,-4049.1611,-4962.7095
4263,0.008990206,-2205.9045,-2205.9045,-2205.9045
4264,0.008991802,1198.9966,1198.9966,-1369.4436
4265,0.008993402,4857.0566,4857.0566,4217.3765
4266,0.008995027,7028.7754,7462.58,7028.7754
4267,0.008996674,6326.464,6326.464,4157.392
4268,0.008998326,3533.516,3533.516,488.35318
4269,0.008999951,101.29848,101.29848,101.29848
4270,0.009001544,-2806.7874,-2806.7874,-442.03748
4271,0.00900312,-4859.8135,-4859.8135,-6256.819
4272,0.009004694,-5893.897,-5893.897,-5893.897
4273,0.009006274,-5814.953,-5814.953,-6323.506
4274,0.009007873,-4920.113,-4920.113,-2077.6548
4275,0.009009437,-3668.3577,-2684.0632,-3668.3577
4276,0.009010951,-2480.2483,-2480.2483,-389.45932
4277,0.009012428,-1659.293,-1659.293,762.4469
4278,0.009013905,-1469.6234,-1469.6234,-1469.6234
4279,0.009015396,-2063.1416,-2063.1416,-3131.4749
4280,0.009016963,-3015.0142,-3015.0142,-3138.4126
4281,0.009018567,-3588.014,-3588.014,-3588.014
4282,0.009020153,-3269.223,-3269.223,-1162.389
4283,0.009021753,-2681.8452,-2681.8452,-1151.8422
4284,0.009023343,-2735.8733,-1012.2231,-2735.8733
4285,0.009024941,-3976.65,-3976.65,-3866.9202
4286,0.009026543,-5508.7964,-5508.7964,-5458.8657
4287,0.009028146,-6057.795,-6057.795,-6057.795
4288,0.00902975,-4773.052,-4773.052,-6018.897
4289,0.00903136,-2504.8755,-2504.8755,-4721.7173
4290,0.009032961,-563.9125,-563.9125,-563.9125
4291,0.009034556,117.404495,117.404495,1779.486
4292,0.009036146,-51.27036,-51.27036,1244.7906
4293,0.00903776,-341.1156,463.07776,-341.1156
4294,0.009039373,-151.74313,-151.74313,1082.025
4295,0.009040989,494.02194,494.02194,2368.3533
4296,0.009042609,1417.2672,1417.2672,1417.2672
4297,0.009044222,2423.1138,2423.1138,-949.2718
4298,0.009045805,3288.0605,3288.0605,578.525
4299,0.009047407,3826.5642,3826.5642,3826.5642
4300,0.009049066,3946.8806,3946.8806,3447.033
4301,0.009050708,4121.136,4121.136,4196.5405
4302,0.009052296,4938.2437,2086.2764,4938.2437
4303,0.009053836,6591.478,6591.478,4959.6343
4304,0.009055357,8127.2227,8127.2227,6936.2983
4305,0.00905688,8358.696,8358.696,8358.696
4306,0.009058392,6598.429,6598.429,7668.2124
4307,0.009059914,4123.8794,4123.8794,5212.869
4308,0.009061505,2746.447,2746.447,2746.447
4309,0.009063158,4061.0322,4061.0322,3310.072
4310,0.00906485,6774.081,6774.081,6449.9233
4311,0.009066545,8530.604,6742.129,8530.604
4312,0.009068225,7655.241,7655.241,6938.228
4313,0.009069908,5181.9443,5181.9443,4473.7593
4314,0.009071601,2788.7983,2788.7983,2788.7983
4315,0.009073271,1733.1805,1733.1805,3465.8452
4316,0.009074928,1321.8027,1321.8027,1607.3688
4317,0.00907658,449.53284,449.53284,449.53284
4318,0.009078251,-1646.8458,-1646.8458,-2296.186
4319,0.009079915,-4247.446,-4247.446,-4042.983
4320,0.009081579,-6302.1543,-4801.0547,-6302.1543
4321,0.00908323,-7012.145,-7012.145,-6465.9595
4322,0.009084865,-6633.244,-6633.244,-8458.561
4323,0.009086516,-5635.0845,-5635.0845,-5635.0845
4324,0.009088193,-4370.343,-4370.343,-4081.139
4325,0.009089868,-2802.3362,-2802.3362,-3442.7017
4326,0.009091563,-740.70935,-740.70935,-740.70935
4327,0.009093273,1870.1956,1870.1956,-2153.2249
4328,0.009094981,4572.2627,4572.2627,3998.7126
4329,0.009096657,6774.611,3977.115,6774.611
4330,0.009098303,8104.589,8104.589,6998.8145
4331,0.009099921,8675.424,8675.424,6899.01
4332,0.009101576,8690.596,8690.596,8690.596
4333,0.009103253,8255.548,8255.548,14185.432
4334,0.009104945,7265.3594,7265.3594,13752.313
4335,0.009106579,5642.127,5642.127,5642.127
4336,0.009108165,3403.3818,3403.3818,-1231.1234
4337,0.009109775,818.58594,818.58594,-4683.514
4338,0.009111416,-1665.5297,3645.355,-1665.5297
4339,0.009113078,-3588.894,-3588.894,-2525.006
4340,0.009114747,-4703.3438,-4703.3438,-4471.3267
4341,0.009116421,-4836.717,-4836.717,-4836.717
4342,0.009118104,-3856.368,-3856.368,-1912.4125
4343,0.009119756,-1858.3029,-1858.3029,1160.4
4344,0.009121407,1072.0563,1072.0563,1072.0563
4345,0.009123012,4585.97,4585.97,2140.7048
4346,0.009124607,7936.2427,7936.2427,5022.7905
4347,0.009126187,10206.212,5831.6846,10206.212
4348,0.009127745,10795.291,10795.291,11026.432
4349,0.00912925,10172.248,10172.248,8343.643
4350,0.009130739,8977.486,8977.486,8977.486
4351,0.009132261,7724.852,7724.852,10352.713
4352,0.009133831,6908.4727,6908.4727,10216.337
4353,0.009135401,7077.431,7077.431,7077.431
4354,0.009136956,8407.14,8407.14,6718.72
4355,0.009138461,9815.25,9815.25,7744.322
4356,0.009139933,10117.97,7544.242,10117.97
4357,0.009141405,8553.49,8553.49,11202.846
4358,0.00914291,5657.2173,5657.2173,6233.103
4359,0.009144468,2359.236,2359.236,2359.236
4360,0.009146082,-385.10077,-385.10077,-727.0375
4361,0.009147702,-2214.7869,-2214.7869,-19.435896
4362,0.009149353,-3080.3342,-3080.3342,-3080.3342
4363,0.009151028,-2933.299,-2933.299,-5309.0996
4364,0.009152653,-2009.5488,-2009.5488,-5425.951
4365,0.009154306,-539.02185,-1625.334,-539.02185
4366,0.009155973,1174.6499,1174.6499,2721.4158
4367,0.009157628,2605.1829,2605.1829,4986.674
4368,0.009159273,3220.5874,3220.5874,3220.5874
4369,0.009160915,2758.7256,2758.7256,2321.0955
4370,0.009162503,2005.2283,2005.2283,2083.0876
4371,0.009164054,1874.4156,1874.4156,1874.4156
4372,0.0091656,2889.4226,2889.4226,1476.9391
4373,0.009167178,4361.678,4361.678,3256.0562
4374,0.009168826,5194.0645,5775.119,5194.0645
4375,0.009170513,4473.102,4473.102,6266.83
4376,0.009172213,3091.778,3091.778,4164.267
4377,0.009173899,2469.7202,2469.7202,2469.7202
4378,0.009175569,3405.1807,3405.1807,1548.111
4379,0.009177198,4473.666,4473.666,3391.314
4380,0.009178802,3902.4624,3902.4624,3902.4624
4381,0.009180393,705.78613,705.78613,290.3219
4382,0.009181976,-3419.3582,-3419.3582,-4493.2485
4383,0.009183547,-6162.701,-4305.559,-6162.701
4384,0.009185128,-5989.947,-5989.947,-6116.944
4385,0.009186717,-4140.0693,-4140.0693,-4488.1
4386,0.009188322,-2618.256,-2618.256,-2618.256
4387,0.009189951,-2929.8726,-2929.8726,-6109.4746
4388,0.009191604,-4142.9277,-4142.9277,-5643.975
4389,0.009193216,-4597.639,-4597.639,-4597.639
4390,0.009194814,-3218.0874,-3218.0874,336.11877
4391,0.009196395,-661.3189,-661.3189,3711.1187
4392,0.009197952,2027.8688,966.29956,2027.8688
4393,0.009199518,3989.6763,3989.6763,945.3532
4394,0.009201084,4561.7666,4561.7666,493.37662
4395,0.009202619,3215.642,3215.642,3215.642
4396,0.009204149,-176.7463,-176.7463,1887.0797
4397,0.009205702,-4346.863,-4346.863,-974.76404
4398,0.009207282,-7512.944,-7512.944,-7512.944
4399,0.009208854,-8252.213,-8252.213,-6576.061
4400,0.009210397,-7329.357,-7329.357,-6857.733
4401,0.009211946,-5940.8813,-3614.3794,-5940.8813
4402,0.009213476,-5025.221,-5025.221,-2628.1702
4403,0.009215005,-4498.965,-4498.965,-2823.8735
4404,0.00921656,-4045.6392,-4045.6392,-4045.6392
4405,0.009218195,-3355.9639,-3355.9639,-4128.639
4406,0.009219879,-2291.9644,-2291.9644,-2892.6233
4407,0.009221537,-816.20154,-816.20154,-816.20154
4408,0.009223169,996.46655,996.46655,-1488.0531
4409,0.009224731,2534.7185,2534.7185,2426.111
4410,0.009226275,3250.5405,5308.1104,3250.5405
4411,0.00922785,2788.8972,2788.8972,5806.392
4412,0.009229424,1768.2607,1768.2607,949.19696
4413,0.009231001,1084.5328,1084.5328,1084.5328
4414,0.009232604,1493.6644,1493.6644,2661.689
4415,0.00923423,3131.5151,3131.5151,6569.6577
4416,0.009235881,5965.095,5965.095,5965.095
4417,0.009237511,9544.838,9544.838,5045.8296
4418,0.009239117,12354.456,12354.456,8679.064
4419,0.00924068,12755.541,10821.766,12755.541
4420,0.009242225,9941.238,9941.238,8967.072
4421,0.009243763,5527.8765,5527.8765,5429.595
4422,0.009245316,1649.4313,1649.4313,1649.4313
4423,0.00924687,-50.87707,-50.87707,-432.68588
4424,0.009248422,-471.93988,-471.93988,324.09534
4425,0.009249988,-1153.1156,-1153.1156,-1153.1156
4426,0.00925155,-3112.1343,-3112.1343,-1785.4672
4427,0.009253149,-5290.6924,-5290.6924,-4233.8267
4428,0.009254724,-5921.1313,-5186.387,-5921.1313
4429,0.009256274,-4041.1677,-4041.1677,-6610.5063
4430,0.009257833,-1059.1392,-1059.1392,-4018.9905
4431,0.009259424,1007.4079,1007.4079,1007.4079
4432,0.009261093,501.09268,501.09268,2015.0641
4433,0.009262794,-1610.9988,-1610.9988,-1766.7328
4434,0.009264484,-3347.7642,-3347.7642,-3347.7642
4435,0.009266169,-3339.4236,-3339.4236,-4194.569
4436,0.009267874,-2482.764,-2482.764,-4121.7563
4437,0.009269587,-2289.522,-109.07228,-2289.522
4438,0.009271255,-3649.1921,-3649.1921,-3830.5764
4439,0.009272879,-5135.684,-5135.684,-4354.1626
4440,0.009274481,-4996.28,-4996.28,-4996.28
4441,0.009276083,-2263.7876,-2263.7876,-4451.772
4442,0.009277647,1067.6545,1067.6545,1359.4781
4443,0.009279153,2570.369,2570.369,2570.369
4444,0.009280665,857.6482,857.6482,-799.2406
4445,0.009282222,-2868.9253,-2868.9253,-5972.928
4446,0.009283844,-6490.1235,-5350.93,-6490.1235
4447,0.009285502,-7920.435,-7920.435,-4491.2954
4448,0.009287178,-7319.445,-7319.445,-4281.3105
4449,0.009288848,-5550.4043,-5550.4043,-5550.4043
4450,0.009290539,-3450.3674,-3450.3674,-8555.857
4451,0.009292228,-1866.5779,-1866.5779,-5426.897
4452,0.009293866,-1587.639,-1587.639,-1587.639
4453,0.009295478,-2841.4155,-2841.4155,-1211.2092
4454,0.009297034,-4254.2324,-4254.2324,-3658.553
4455,0.009298583,-4298.053,-2740.66,-4298.053
4456,0.009300141,-2018.7244,-2018.7244,-1037.6
4457,0.009301668,1089.299,1089.299,2730.6501
4458,0.009303145,3097.1501,3097.1501,3097.1501
4459,0.009304631,2856.287,2856.287,155.83754
4460,0.009306163,1059.2258,1059.2258,-1950.3656
4461,0.009307708,-932.7562,-932.7562,-932.7562
4462,0.009309276,-1976.1556,-1976.1556,3146.2126
4463,0.009310797,-2108.1912,-2108.1912,3034.986
4464,0.00931234,-1713.4672,-1811.9247,-1713.4672
4465,0.009313907,-1064.14,-1064.14,-3465.8892
4466,0.00931549,-172.21776,-172.21776,-2987.8108
4467,0.009317075,1011.80634,1011.80634,1011.80634
4468,0.009318653,2415.9307,2415.9307,3251.5093
4469,0.009320244,3518.2231,3518.2231,2598.4705
4470,0.009321876,3626.275,3626.275,3626.275
4471,0.009323508,2294.2969,2294.2969,2108.0952
4472,0.009325114,374.32822,374.32822,1684.3298
4473,0.009326733,-1073.9984,32.60318,-1073.9984
4474,0.009328384,-1219.0176,-1219.0176,-2772.022
4475,0.009330039,-413.38873,-413.38873,462.6735
4476,0.009331652,611.1813,611.1813,611.1813
4477,0.00933321,1235.3469,1235.3469,-1910.7015
4478,0.009334765,1065.6337,1065.6337,-3110.1624
4479,0.009336355,-338.389,-338.389,-338.389
4480,0.009337965,-3093.1597,-3093.1597,196.03285
4481,0.009339513,-5727.888,-5727.888,-2526.9045
4482,0.009341002,-6786.9126,-5340.209,-6786.9126
4483,0.009342471,-5577.9233,-5577.9233,-6989.686
4484,0.009343953,-3418.6165,-3418.6165,-4743.975
4485,0.009345484,-2191.1548,-2191.1548,-2191.1548
4486,0.009347067,-3443.7227,-3443.7227,-1881.1078
4487,0.009348617,-5816.247,-5816.247,-5819.209
4488,0.009350167,-7319.7563,-7319.7563,-7319.7563
4489,0.00935174,-6576.7197,-6576.7197,-5681.795
4490,0.009353291,-4813.3286,-4813.3286,-3003.0142
4491,0.009354817,-3855.4438,-2232.7266,-3855.4438
4492,0.009356306,-4797.164,-4797.164,-7250.1157
4493,0.009357775,-6518.9688,-6518.9688,-9121.951
4494,0.009359244,-7492.303,-7492.303,-7492.303
4495,0.00936076,-6528.259,-6528.259,-6337.584
4496,0.009362345,-3945.1196,-3945.1196,-707.3421
4497,0.009363977,-717.85,-717.85,-717.85
4498,0.009365611,2019.6986,2019.6986,-1356.3265
4499,0.009367201,3524.9773,3524.9773,2843.15
4500,0.009368775,3316.4702,3695.142,3316.4702
4501,0.009370381,1137.482,1137.482,2275.142
4502,0.009372044,-1923.4503,-1923.4503,-824.6
4503,0.009373743,-4110.678,-4110.678,-4110.678
4504,0.009375478,-4015.6116,-4015.6116,-746.8265
4505,0.009377211,-2417.9072,-2417.9072,4516.1187
4506,0.009378925,-731.1077,-731.1077,-731.1077
4507,0.009380626,97.16232,97.16232,-1933.5687
4508,0.009382295,684.7707,684.7707,-703.5531
4509,0.009383952,1992.7281,792.00494,1992.7281
4510,0.00938561,4519.7246,4519.7246,5028.963
4511,0.009387241,6972.7695,6972.7695,7185.0176
4512,0.009388744,7801.08,7801.08,7801.08
4513,0.009390221,6467.0513,6467.0513,9732.47
4514,0.00939174,3989.9946,3989.9946,8788.9
4515,0.009393345,1957.8531,1957.8531,1957.8531
4516,0.009394934,1887.9811,1887.9811,3036.228
4517,0.009396517,3032.929,3032.929,3984.0251
4518,0.009398136,4183.103,2832.7056,4183.103
4519,0.009399796,4314.1167,4314.1167,2351.3452
4520,0.009401477,3630.6296,3630.6296,3032.3298
4521,0.009403149,2732.5095,2732.5095,2732.5095
4522,0.00940479,2037.4292,2037.4292,5082.072
4523,0.009406416,1210.8467,1210.8467,4533.853
4524,0.009408024,-225.27965,-225.27965,-225.27965
4525,0.009409618,-2471.0771,-2471.0771,-6870.287
4526,0.009411257,-4776.2124,-4776.2124,-8960.796
4527,0.009412888,-5925.951,-3464.7573,-5925.951
4528,0.009414486,-5115.4414,-5115.4414,-489.77963
4529,0.009416041,-2758.427,-2758.427,-560.88904
4530,0.009417581,582.4,582.4,582.4
4531,0.009419114,4269.7134,4269.7134,3611.4
4532,0.009420647,7175.042,7175.042,5192.3145
4533,0.00942215,8039.4077,8039.4077,8039.4077
4534,0.009423672,6232.26,6232.26,4371.0483
4535,0.009425248,3144.9563,3144.9563,1452.3064
4536,0.009426842,1085.6266,2397.684,1085.6266
4537,0.009428452,1810.4225,1810.4225,3032.8533
4538,0.009430079,4354.9854,4354.9854,6072.6187
4539,0.00943169,6932.611,6932.611,6932.611
4540,0.009433297,8186.9214,8186.9214,6684.9395
4541,0.009434946,8130.7266,8130.7266,6758.6035
4542,0.009436623,7083.72,7083.72,7083.72
4543,0.009438267,5507.497,5507.497,7289.9
4544,0.009439922,3868.2546,3868.2546,6490.0405
4545,0.009441598,2683.322,1117.3994,2683.322
4546,0.009443224,2318.5322,2318.5322,-1200.9047
4547,0.009444849,2325.9758,2325.9758,-244.91246
4548,0.009446516,2111.2751,2111.2751,2111.2751
4549,0.009448171,1228.6293,1228.6293,342.9547
4550,0.009449818,-94.82242,-94.82242,-1486.8187
4551,0.0094514,-1429.1,-1429.1,-1429.1
4552,0.009452996,-2541.1416,-2541.1416,-3874.2017
4553,0.00945457,-3321.1787,-3321.1787,-3974.4048
4554,0.009456131,-3748.4517,-5259.033,-3748.4517
4555,0.009457703,-3779.6077,-3779.6077,-2434.1936
4556,0.009459304,-3285.92,-3285.92,-4391.0454
4557,0.009460924,-2112.7249,-2112.7249,-2112.7249
4558,0.009462499,-314.41513,-314.41513,3415.244
4559,0.00946408,1658.3895,1658.3895,3714.158
4560,0.009465701,3219.0955,3219.0955,3219.0955
4561,0.009467354,3947.2615,3947.2615,6262.4395
4562,0.009468989,4563.4863,4563.4863,5413.6113
4563,0.009470574,6035.8687,4063.0894,6035.8687
4564,0.009472158,8886.017,8886.017,10445.416
4565,0.009473763,11951.895,11951.895,9193.626
4566,0.009475405,13521.017,13521.017,13521.017
4567,0.009477045,12234.436,12234.436,12942.978
4568,0.009478713,8820.197,8820.197,11724.611
4569,0.009480369,4683.2437,4683.2437,4683.2437
4570,0.009482001,1030.0763,1030.0763,525.361
4571,0.009483652,-1755.5977,-1755.5977,-4020.8813
4572,0.009485325,-3325.1392,-421.41098,-3325.1392
4573,0.00948698,-3534.4934,-3534.4934,-333.5687
4574,0.009488613,-3176.54,-3176.54,2765.0564
4575,0.009490251,-3205.4827,-3205.4827,-3205.4827
4576,0.009491823,-4156.652,-4156.652,-5237.475
4577,0.009493342,-5215.9307,-5215.9307,-7636.264
4578,0.009494844,-5417.78,-5417.78,-5417.78
4579,0.009496327,-4183.5293,-4183.5293,-1318.2797
4580,0.009497839,-2213.8462,-2213.8462,1904.2125
4581,0.009499414,-600.1156,-2671.2493,-600.1156
4582,0.009501074,-434.25726,-434.25726,-1352.8577
4583,0.009502762,-1703.851,-1703.851,-3019.1782
4584,0.009504454,-3926.9202,-3926.9202,-3926.9202
4585,0.009506146,-6531.6763,-6531.6763,-2073.561
4586,0.00950784,-8705.268,-8705.268,-2448.272
4587,0.009509561,-9563.951,-9563.951,-9563.951
4588,0.009511231,-8575.479,-8575.479,-14136.89
4589,0.009512852,-6736.711,-6736.711,-11743.748
4590,0.009514442,-5194.631,-5375.052,-5194.631
4591,0.009516007,-4646.507,-4646.507,-4502.4517
4592,0.009517584,-4443.4526,-4443.4526,-6372.4204
4593,0.009519168,-3620.9673,-3620.9673,-3620.9673
4594,0.009520734,-1575.3722,-1575.3722,-422.73276
4595,0.009522265,917.47034,917.47034,2632.7283
4596,0.009523845,2944.283,2944.283,2944.283
4597,0.009525506,3644.9534,3644.9534,6427.135
4598,0.009527145,3377.5671,3377.5671,5414.072
4599,0.009528757,2960.9783,3568.8484,2960.9783
4600,0.009530351,2999.1606,2999.1606,3547.978
4601,0.009531955,3493.634,3493.634,3782.486
4602,0.009533579,4311.2593,4311.2593,4311.2593
4603,0.009535198,5228.428,5228.428,1620.6031
4604,0.009536771,5765.132,5765.132,4607.8374
4605,0.009538361,5440.5874,5440.5874,5440.5874
4606,0.009539959,3930.2026,3930.2026,6970.064
4607,0.009541551,1772.7069,1772.7069,3186.9236
4608,0.009543137,-295.1859,-111.057365,-295.1859
4609,0.009544735,-1710.6953,-1710.6953,-2190.8423
4610,0.009546304,-2458.653,-2458.653,-4057.6624
4611,0.009547879,-2724.2249,-2724.2249,-2724.2249
4612,0.009549475,-2664.1055,-2664.1055,-592.68585
4613,0.009551091,-2474.8457,-2474.8457,-581.08435
4614,0.009552716,-2378.022,-2378.022,-2378.022
4615,0.009554341,-2476.8933,-2476.8933,-940.9515
4616,0.009555978,-2375.9612,-2375.9612,-4272.6855
4617,0.009557601,-1558.6469,-3650.999,-1558.6469
4618,0.009559182,183.54881,183.54881,1398.4313
4619,0.00956073,2135.231,2135.231,4077.4468
4620,0.009562262,3452.8064,3452.8064,3452.8064
4621,0.009563758,3497.4392,3497.4392,-2093.9983
4622,0.009565291,2245.1396,2245.1396,-3617.522
4623,0.009566898,-325.47498,-325.47498,-325.47498
4624,0.00956849,-3764.4768,-3764.4768,-2109.5686
4625,0.009570087,-6840.354,-6840.354,-6438.5454
4626,0.009571701,-8049.6626,-7755.3535,-8049.6626
4627,0.009573292,-6377.296,-6377.296,-3131.7874
4628,0.009574874,-2897.0312,-2897.0312,768.9547
4629,0.009576487,970.06415,970.06415,970.06415
4630,0.009578113,3699.877,3699.877,-643.61554
4631,0.009579768,4116.255,4116.255,2230.9624
4632,0.009581414,1101.6266,1101.6266,1101.6266
4633,0.009583049,-5417.3364,-5417.3364,-7086.787
4634,0.009584605,-11672.997,-11672.997,-11078.467
4635,0.00958614,-14095.374,-12597.098,-14095.374
4636,0.009587704,-10283.842,-10283.842,-6224.3184
4637,0.009589314,-2897.8516,-2897.8516,-518.2562
4638,0.009590864,3155.0874,3155.0874,3155.0874
4639,0.009592343,4934.538,4934.538,3473.4236
4640,0.00959383,3600.3093,3600.3093,971.0876
4641,0.00959537,801.2985,801.2985,801.2985
4642,0.009596973,-1810.7144,-1810.7144,-18.599957
4643,0.009598608,-3228.3298,-3228.3298,-3316.6077
4644,0.00960018,-2753.7485,-158.92441,-2753.7485
4645,0.0096017,-322.57883,-322.57883,2359.6187
4646,0.009603219,2927.7432,2927.7432,6611.072
4647,0.009604762,5574.1113,5574.1113,5574.1113
4648,0.009606336,6457.6675,6457.6675,503.61877
4649,0.009607901,6079.134,6079.134,3227.5095
4650,0.009609436,5438.306,5438.306,5438.306
4651,0.009610963,5355.4795,5355.4795,9744.407
4652,0.009612518,6251.0835,6251.0835,11535.329
4653,0.009614111,8517.196,7892.461,8517.196
4654,0.009615696,12031.043,12031.043,8046.1895
4655,0.009617272,14997.351,14997.351,10755.557
4656,0.009618872,15226.674,15226.674,15226.674
4657,0.009620442,11345.583,11345.583,12043.4
4658,0.009621961,5488.5513,5488.5513,7731.572
4659,0.009623504,-29.318707,-29.318707,-29.318707
4660,0.00962506,-3238.2007,-3238.2007,-5890.889
4661,0.009626656,-4877.4116,-4877.4116,-4588.67
4662,0.009628266,-6397.662,-5701.7896,-6397.662
4663,0.009629883,-8895.856,-8895.856,-6011.28
4664,0.009631505,-11519.904,-11519.904,-8706.717
4665,0.009633109,-12901.265,-12901.265,-12901.265
4666,0.009634703,-12204.692,-12204.692,-13209.49
4667,0.009636289,-10315.449,-10315.449,-14173.483
4668,0.009637877,-8505.436,-8505.436,-8505.436
4669,0.009639483,-7627.571,-7627.571,-7207.5215
4670,0.00964106,-6879.7964,-6879.7964,-6958.5215
4671,0.009642667,-4972.834,-3610.9424,-4972.834
4672,0.009644303,-1065.255,-1065.255,-3069.889
4673,0.00964593,3465.7754,3465.7754,580.7594
4674,0.00964755,6787.2437,6787.2437,6787.2437
4675,0.009649198,7626.632,7626.632,5560.025
4676,0.00965084,6784.475,6784.475,4832.5015
4677,0.009652426,5705.4707,5705.4707,5705.4707
4678,0.009653973,5354.681,5354.681,6827.158
4679,0.009655504,5502.9033,5502.9033,7834.556
4680,0.009657051,5683.994,4809.0815,5683.994
4681,0.009658626,5551.8013,5551.8013,3477.564
4682,0.009660244,5289.8276,5289.8276,3826.9546
4683,0.009661887,5260.017,5260.017,5260.017
4684,0.009663544,5744.9375,5744.9375,8672.268
4685,0.009665191,6592.0747,6592.0747,8128.181
4686,0.009666848,7557.3687,7557.3687,7557.3687
4687,0.009668512,8393.291,8393.291,6668.6113
4688,0.009670171,8884.0625,8884.0625,6522.76
4689,0.009671797,8840.478,7375.604,8840.478
4690,0.009673441,8158.763,8158.763,9581.407
4691,0.009675107,7042.727,7042.727,7544.1035
4692,0.009676763,5822.931,5822.931,5822.931
4693,0.009678457,4666.5923,4666.5923,5356.486
4694,0.009680143,3336.473,3336.473,3767.5483
4695,0.009681807,1468.5719,1468.5719,1468.5719
4696,0.009683485,-1088.1876,-1088.1876,1066.2985
4697,0.009685175,-3385.3064,-3385.3064,-1731.5062
4698,0.009686858,-4167.514,-2648.0513,-4167.514
4699,0.009688514,-2676.064,-2676.064,-1642.8577
4700,0.009690137,182.4781,182.4781,2672.869
4701,0.009691737,3236.0173,3236.0173,3236.0173
4702,0.009693342,5519.2354,5519.2354,2408.3062
4703,0.009694949,6363.8955,6363.8955,5000.7046
4704,0.009696566,5179.9624,5179.9624,5179.9624
4705,0.009698205,1778.8168,1778.8168,191.39223
4706,0.009699854,-2081.6484,-2081.6484,-3639.225
4707,0.00970149,-4088.4045,-2447.811,-4088.4045
4708,0.009703058,-2940.5806,-2940.5806,-633.1077
4709,0.009704584,-435.27222,-435.27222,2783.2283
4710,0.00970614,1304.5016,1304.5016,1304.5016
4711,0.009707764,533.8041,533.8041,-1987.8264
4712,0.009709395,-1855.0547,-1855.0547,-3674.4204
4713,0.009711001,-4087.35,-4087.35,-4087.35
4714,0.009712627,-4852.3706,-4852.3706,-1966.6156
4715,0.009714283,-4089.292,-4089.292,-283.95154
4716,0.009715954,-2108.436,-1793.4414,-2108.436
4717,0.009717626,664.19714,664.19714,-913.06085
4718,0.009719299,3582.143,3582.143,3510.244
4719,0.009720927,5890.588,5890.588,5890.588
4720,0.009722556,7183.247,7183.247,1305.8922
4721,0.00972422,7620.5625,7620.5625,3978.2205
4722,0.009725889,7504.892,7504.892,7504.892
4723,0.009727557,7170.1704,7170.1704,4994.7983
4724,0.009729203,6915.254,6915.254,5181.853
4725,0.009730841,7011.0015,5840.147,7011.0015
4726,0.009732481,7560.7334,7560.7334,6779.1187
4727,0.009734107,7993.25,7993.25,9091.4
4728,0.009735724,7597.3374,7597.3374,7597.3374
4729,0.009737332,5937.611,5937.611,8206.299
4730,0.009738904,3638.7605,3638.7605,4369.181
4731,0.009740481,1439.9703,1439.9703,1439.9703
4732,0.009742136,-8.906548,-8.906548,-2683.889
4733,0.009743826,-204.65274,-204.65274,-1764.5139
4734,0.009745466,1115.5953,1140.0765,1115.5953
4735,0.009747092,3883.9814,3883.9814,6799.6343
4736,0.009748716,7006.665,7006.665,9192.471
4737,0.009750324,9114.643,9114.643,9114.643
4738,0.009751953,9278.517,9278.517,8930.189
4739,0.00975359,7996.662,7996.662,7306.3066
4740,0.009755195,6237.713,6237.713,6237.713
4741,0.009756792,4729.863,4729.863,7321.267
4742,0.009758368,3608.706,3608.706,6078.119
4743,0.009759961,2829.0173,3351.241,2829.0173
4744,0.009761594,2300.2024,2300.2024,2303.728
4745,0.00976324,1616.5374,1616.5374,1314.7126
4746,0.009764885,268.67346,268.67346,268.67346
4747,0.009766526,-1986.3123,-1986.3123,-2675.1392
4748,0.00976821,-4395.229,-4395.229,-5014.6626
4749,0.009769958,-5766.0376,-5766.0376,-5766.0376
4750,0.009771679,-5188.0977,-5188.0977,-5160.584
4751,0.009773389,-3673.3423,-3673.3423,-2256.4126
4752,0.009775071,-2613.9514,-2867.213,-2613.9514
4753,0.009776737,-2845.7192,-2845.7192,-1417.3187
4754,0.009778437,-3435.8826,-3435.8826,-1999.4281
4755,0.009780132,-2946.7483,-2946.7483,-2946.7483
4756,0.009781789,-612.54395,-612.54395,-473.52966
4757,0.009783424,2050.0886,2050.0886,1570.1891
4758,0.009785003,3107.4626,3107.4626,3107.4626
4759,0.009786596,1499.0115,1499.0115,-1102.4906
4760,0.009788193,-1353.8846,-1353.8846,-2260.7405
4761,0.009789749,-3312.0374,-1358.7712,-3312.0374
4762,0.009791288,-3129.8757,-3129.8757,-612.01404
4763,0.009792837,-2005.367,-2005.367,745.10315
4764,0.009794412,-1770.2483,-1770.2483,-1770.2483
4765,0.009796005,-3676.7239,-3676.7239,-4418.772
4766,0.009797588,-6037.9404,-6037.9404,-5857.6074
4767,0.00979914,-6508.186,-6508.186,-6508.186
4768,0.00980068,-3756.8179,-3756.8179,-5210.881
4769,0.009802214,327.0906,327.0906,-3168.7017
4770,0.009803724,3089.2908,1762.6344,3089.2908
4771,0.009805238,2823.2754,2823.2754,1826.1033
4772,0.009806721,827.5475,827.5475,-586.15466
4773,0.009808181,-954.8031,-954.8031,-954.8031
4774,0.009809654,-1165.887,-1165.887,2711.8218
4775,0.009811223,-82.82298,-82.82298,4671.0645
4776,0.009812891,1443.9314,1443.9314,1443.9314
4777,0.009814549,2427.37,2427.37,893.2985
4778,0.009816168,2951.9495,2951.9495,1088.2203
4779,0.009817788,3365.2437,5271.535,3365.2437
4780,0.009819397,3906.3826,3906.3826,6700.056
4781,0.00982096,4511.6436,4511.6436,4681.2983
4782,0.009822527,5085.0796,5085.0796,5085.0796
4783,0.009824104,5501.4956,5501.4956,4167.689
4784,0.009825692,5570.4395,5570.4395,2150.5564
4785,0.009827279,5084.8296,5084.8296,5084.8296
4786,0.009828812,4036.0188,4036.0188,5216.111
4787,0.009830354,2917.7212,2917.7212,3100.3374
4788,0.009831919,2389.15,3218.3018,2389.15
4789,0.009833501,2902.123,2902.123,880.72034
4790,0.009835086,3834.2346,3834.2346,5005.5405
4791,0.009836612,4280.674,4280.674,4280.674
4792,0.009838132,3736.3274,3736.3274,1828.8375
4793,0.009839683,2711.0461,2711.0461,1267.3141
4794,0.009841249,2044.9469,2044.9469,2044.9469
4795,0.009842775,2359.0146,2359.0146,4540.236
4796,0.009844331,3367.4385,3367.4385,7571.353
4797,0.009845911,4560.572,4860.465,4560.572
4798,0.009847485,5373.6255,5373.6255,2875.6968
4799,0.00984905,5283.832,5283.832,3004.7986
4800,0.009850617,3775.4233,3775.4233,3775.4233
4801,0.009852207,578.3577,578.3577,702.1188
4802,0.009853752,-3141.159,-3141.159,-2733.389
4803,0.00985526,-6139.4517,-6139.4517,-6139.4517
4804,0.009856761,-7611.7207,-7611.7207,-7594.9517
4805,0.009858252,-7807.449,-7807.449,-5740.983
4806,0.009859712,-7256.186,-7056.097,-7256.186
4807,0.009861137,-6450.5635,-6450.5635,-12318.726
4808,0.009862538,-5780.638,-5780.638,-8922.998
4809,0.009863953,-5595.7876,-5595.7876,-5595.7876
4810,0.009865431,-6146.1816,-6146.1816,-1134.3265
4811,0.009866977,-6984.0854,-6984.0854,-4770.092
4812,0.009868571,-7308.858,-7308.858,-7308.858
4813,0.009870193,-6450.8486,-6450.8486,-6495.373
4814,0.009871877,-4688.5757,-4688.5757,-2997.2795
4815,0.009873579,-2702.8813,-2952.0325,-2702.8813
4816,0.009875205,-1139.946,-1139.946,-1370.639
4817,0.009876802,92.280624,92.280624,932.9548
4818,0.009878431,1190.5641,1190.5641,1190.5641
4819,0.00988006,2241.5872,2241.5872,383.05627
4820,0.009881636,3173.5183,3173.5183,4025.9548
4821,0.009883191,3937.908,3937.908,3937.908
4822,0.009884712,4474.1816,4474.1816,5711.197
4823,0.009886231,4766.4707,4766.4707,5627.728
4824,0.009887797,4784.0015,3861.3713,4784.0015
4825,0.009889383,4457.0986,4457.0986,1628.9156
4826,0.009890967,3652.194,3652.194,-476.85776
4827,0.009892516,2256.2517,2256.2517,2256.2517
4828,0.009894059,288.77942,288.77942,5068.7827
4829,0.009895605,-1577.0645,-1577.0645,1650.611
4830,0.009897191,-2491.7407,-2491.7407,-2491.7407
4831,0.009898819,-1723.0264,-1723.0264,-2725.2014
4832,0.009900449,268.6509,268.6509,-2386.4905
4833,0.009902067,2658.5408,2282.9475,2658.5408
4834,0.009903681,4745.9756,4745.9756,3514.5796
4835,0.00990525,6134.3477,6134.3477,5531.627
4836,0.009906809,6619.822,6619.822,6619.822
4837,0.009908357,6057.9565,6057.9565,5528.408
4838,0.009909913,4682.7026,4682.7026,2828.158
4839,0.009911492,2804.775,2804.775,2804.775
4840,0.009913095,818.36554,818.36554,1352.6422
4841,0.009914692,-606.3643,-606.3643,-821.2015
4842,0.00991629,-789.4125,307.4653,-789.4125
4843,0.009917925,712.50244,712.50244,3878.5483
4844,0.009919581,3113.4695,3113.4695,7421.845
4845,0.009921202,5173.213,5173.213,5173.213
4846,0.009922817,6124.343,6124.343,2931.244
4847,0.009924462,6415.6733,6415.6733,5687.197
4848,0.009926093,6800.65,6800.65,6800.65
4849,0.009927722,7833.4814,7833.4814,4905.377
4850,0.009929321,9175.587,9175.587,10918.838
4851,0.00993091,10333.22,10903.878,10333.22
4852,0.009932519,10742.22,10742.22,11799.393
4853,0.009934111,9499.515,9499.515,9529.963
4854,0.009935667,5776.3374,5776.3374,5776.3374
4855,0.009937208,-498.43863,-498.43863,-115.86558
4856,0.009938751,-6499.613,-6499.613,-8108.295
4857,0.009940282,-8615.35,-8615.35,-8615.35
4858,0.009941853,-4432.0815,-4432.0815,-9089.279
4859,0.009943482,3631.1616,3631.1616,2531.4858
4860,0.009945104,10867.439,6546.999,10867.439
4861,0.009946708,13808.298,13808.298,12867.338
4862,0.009948333,13431.004,13431.004,13113.424
4863,0.009949957,11716.455,11716.455,11716.455
4864,0.009951561,10301.619,10301.619,11114.306
4865,0.009953159,9101.142,9101.142,8301.736
4866,0.009954737,7654.5254,7654.5254,7654.5254
4867,0.009956311,5644.515,5644.515,8098.267
4868,0.009957889,3356.2246,3356.2246,5719.556
4869,0.009959478,1228.1891,490.7665,1228.1891
4870,0.009961073,-344.29022,-344.29022,-3144.5767
4871,0.009962685,-1261.7395,-1261.7395,-3801.8577
4872,0.009964307,-1478.3734,-1478.3734,-1478.3734
4873,0.009965941,-996.43726,-996.43726,1204.7203
4874,0.009967559,-6.6627865,-6.6627865,511.29846
4875,0.009969167,1265.3922,1265.3922,1265.3922
4876,0.009970802,2625.9175,2625.9175,2930.1814
4877,0.00997243,3795.9773,3795.9773,1365.6031
4878,0.00997401,4510.986,4516.426,4510.986
4879,0.00997556,4677.808,4677.808,6994.3535
4880,0.009977094,4581.971,4581.971,4663.6343
4881,0.009978673,4585.5483,4585.5483,4585.5483
4882,0.009980277,4976.802,4976.802,6121.9004
4883,0.009981841,5590.1274,5590.1274,6763.2515
4884,0.009983392,6183.4546,6183.4546,6183.4546
4885,0.009984989,6559.7974,6559.7974,5818.6187
4886,0.009986622,6594.711,6594.711,6698.47
4887,0.009988306,6180.8765,6554.6157,6180.8765
4888,0.009989991,5232.3145,5232.3145,5635.814
4889,0.009991681,3684.1748,3684.1748,2908.6968
4890,0.00999341,1424.275,1424.275,1424.275
4891,0.009995123,-1329.7919,-1329.7919,1045.6735
4892,0.009996818,-3552.125,-3552.125,-1304.8578
4893,0.009998499,-4070.9595,-4070.9595,-4070.9595
4894,0.010000157,-2271.1973,-2271.1973,-4310.076
4895,0.010001783,491.89044,491.89044,-251.63902
4896,0.010003371,2541.2827,1460.469,2541.2827
4897,0.010004939,2759.7695,2759.7695,2619.8296
4898,0.010006513,1431.5189,1431.5189,544.40784
4899,0.010008117,-881.09216,-881.09216,-881.09216
4900,0.010009753,-3602.8552,-3602.8552,-4874.3735
4901,0.010011395,-6196.605,-6196.605,-6801.0215
4902,0.01001301,-8151.701,-8151.701,-8151.701
4903,0.010014589,-9131.462,-9131.462,-8394.678
4904,0.010016146,-9154.048,-9154.048,-6346.4595
4905,0.010017715,-8265.084,-4354.139,-8265.084
4906,0.010019294,-6560.272,-6560.272,-4814.951
4907,0.010020884,-4450.886,-4450.886,-1377.8344
4908,0.010022484,-2446.2798,-2446.2798,-2446.2798
4909,0.010024078,-996.7134,-996.7134,-4657.9985
4910,0.010025707,-166.2151,-166.2151,-2783.506
4911,0.010027343,9.212543,9.212543,9.212543
4912,0.010028913,-406.93375,-406.93375,-2374.7173
4913,0.010030442,-1202.7255,-1202.7255,-3163.4204
4914,0.010031985,-2206.936,-2410.2861,-2206.936
4915,0.010033523,-3128.3928,-3128.3928,-311.389
4916,0.010035045,-3324.3545,-3324.3545,-335.02182
4917,0.010036564,-2090.4045,-2090.4045,-2090.4045
4918,0.010038104,925.3826,925.3826,-4011.9124
4919,0.010039698,4431.2227,4431.2227,769.9548
4920,0.01004129,6334.7905,6334.7905,6334.7905
4921,0.01004285,5324.076,5324.076,7442.041
4922,0.010044442,2552.1064,2552.1064,4329.9624
4923,0.010046043,-129.40465,-783.6215,-129.40465
4924,0.010047582,-1276.4192,-1276.4192,-4421.428
4925,0.010049087,-1505.1062,-1505.1062,-5164.217
4926,0.010050581,-1731.1,-1731.1,-1731.1
4927,0.010052069,-2533.9734,-2533.9734,1040.7281
4928,0.010053584,-3396.0713,-3396.0713,-324.11557
4929,0.01005514,-3442.0532,-3442.0532,-3442.0532
4930,0.010056741,-2020.93,-2020.93,-2115.9827
4931,0.010058372,21.173866,21.173866,-759.83435
4932,0.010059973,1309.4391,1125.8035,1309.4391
4933,0.010061511,1072.1814,1072.1814,2450.1265
4934,0.010063051,197.97617,197.97617,-432.014
4935,0.010064644,-87.3109,-87.3109,-87.3109
4936,0.01006623,1165.5358,1165.5358,1786.15
4937,0.010067822,3263.1697,3263.1697,4027.2673
4938,0.010069427,5099.7983,5099.7983,5099.7983
4939,0.010071032,5713.7627,5713.7627,2706.822
4940,0.010072634,4944.5244,4944.5244,1768.4547
4941,0.01007419,2906.2283,5034.8955,2906.2283
4942,0.010075698,-41.85352,-41.85352,1305.8531
4943,0.01007722,-2872.4895,-2872.4895,-2696.8342
4944,0.010078786,-4222.725,-4222.725,-4222.725
4945,0.010080399,-3051.0786,-3051.0786,-2200.967
4946,0.010081997,-825.91034,-825.91034,484.46255
4947,0.010083586,366.49377,366.49377,366.49377
4948,0.010085178,-878.2907,-878.2907,-1925.0219
4949,0.010086806,-3472.3481,-3472.3481,-3413.0686
4950,0.010088443,-5505.569,-2081.4253,-5505.569
4951,0.010090098,-5486.308,-5486.308,-4852.6626
4952,0.010091769,-3832.3586,-3832.3586,-2913.6313
4953,0.010093383,-1603.5609,-1603.5609,-1603.5609
4954,0.010094936,390.69458,390.69458,-1065.6781
4955,0.010096467,1950.169,1950.169,-393.33432
4956,0.010098009,2963.5562,2963.5562,2963.5562
4957,0.01009957,3363.3892,3363.3892,1962.4
4958,0.010101144,3461.194,3461.194,1745.0955
4959,0.010102684,3676.2283,2138.617,3676.2283
4960,0.010104231,4249.9565,4249.9565,5406.541
4961,0.010105795,4725.274,4725.274,3797.533
4962,0.010107364,4440.5015,4440.5015,4440.5015
4963,0.010108911,3043.075,3043.075,5954.7437
4964,0.010110454,1273.366,1273.366,4128.314
4965,0.010111993,129.29066,129.29066,129.29066
4966,0.010113554,203.50974,203.50974,-1320.5217
4967,0.010115123,467.1146,467.1146,-1442.6547
4968,0.010116702,-582.4984,1394.5281,-582.4984
4969,0.010118257,-3784.985,-3784.985,-2360.0686
4970,0.010119804,-7600.8003,-7600.8003,-7380.3574
4971,0.010121374,-9967.905,-9967.905,-9967.905
4972,0.010122984,-9246.015,-9246.015,-7957.9985
4973,0.010124603,-6471.512,-6471.512,-3455.5923
4974,0.010126229,-3502.2173,-3502.2173,-3502.2173
4975,0.010127834,-1850.4786,-1850.4786,-6893.1313
4976,0.010129439,-1341.8474,-1341.8474,-5887.9204
4977,0.01013105,-1452.3422,-128.65825,-1452.3422
4978,0.01013261,-1696.4652,-1696.4652,1694.2205
4979,0.01013413,-1809.8767,-1809.8767,10.282855
4980,0.010135666,-1592.7562,-1592.7562,-1592.7562
4981,0.010137206,-959.3908,-959.3908,497.01724
4982,0.010138761,-331.4317,-331.4317,3319.6265
4983,0.010140341,-289.49057,-289.49057,-289.49057
4984,0.010141941,-1238.2916,-1238.2916,-5086.6777
4985,0.010143567,-2682.072,-2682.072,-9103.498
4986,0.01014523,-3839.389,-1747.4728,-3839.389
4987,0.010146882,-4008.6108,-4008.6108,-1473.9203
4988,0.010148487,-3246.7559,-3246.7559,-768.37335
4989,0.010150063,-1772.8656,-1772.8656,-1772.8656
4990,0.010151645,168.56293,168.56293,1404.4781
4991,0.010153263,1936.0759,1936.0759,2876.4626
4992,0.010154917,2663.5093,2663.5093,2663.5093
4993,0.010156535,1856.9531,1856.9531,1751.9313
4994,0.010158119,628.51196,628.51196,1357.3455
4995,0.010159657,307.46252,600.3837,307.46252
4996,0.010161176,1596.7532,1596.7532,2454.3687
4997,0.010162698,3399.6846,3399.6846,3483.9236
4998,0.010164198,4166.4077,4166.4077,4166.4077
4999,0.010165692,2949.458,2949.458,2586.2908
5000,0.010167156,823.0117,823.0117,653.7516
5001,0.010168517,-718.3578,-718.3578,-718.3578
5002,0.010169907,-934.0517,-934.0517,480.1344
5003,0.010171407,32.32268,32.32268,2105.0095
5004,0.010173013,1632.3219,622.335,1632.3219
5005,0.010174618,3063.9744,3063.9744,384.18127
5006,0.01017622,4077.4067,4077.4067,1885.3688
5007,0.010177838,4558.955,4558.955,4558.955
5008,0.010179429,4463.9595,4463.9595,7208.7593
5009,0.010181041,4086.6174,4086.6174,6482.869
5010,0.010182698,3803.6345,3803.6345,3803.6345
5011,0.010184264,3876.0237,3876.0237,3950.5876
5012,0.010185774,3989.213,3989.213,4803.5327
5013,0.010187316,3751.5955,3644.267,3751.5955
5014,0.010188854,2850.2583,2850.2583,1286.5955
5015,0.010190406,1312.689,1312.689,414.40784
5016,0.010191981,-753.38904,-753.38904,-753.38904
5017,0.010193584,-3167.504,-3167.504,-2696.2092
5018,0.010195198,-5432.142,-5432.142,-4659.53
5019,0.010196825,-6983.78,-6983.78,-6983.78
5020,0.010198452,-7378.412,-7378.412,-7201.522
5021,0.01020006,-6782.7744,-6782.7744,-6797.155
5022,0.01020166,-5505.4907,-3090.7344,-5505.4907
5023,0.010203255,-3841.8022,-3841.8022,-8240.561
5024,0.010204835,-2113.4482,-2113.4482,-5401.3496
5025,0.010206412,-614.0999,-614.0999,-614.0999
5026,0.010207999,402.31122,402.31122,1722.861
5027,0.01020956,827.3823,827.3823,766.0719
5028,0.010211108,635.98596,635.98596,635.98596
5029,0.010212658,-146.0087,-146.0087,-1833.8109
5030,0.010214204,-1211.5901,-1211.5901,-1658.5531
5031,0.010215752,-2190.889,-1594.4999,-2190.889
5032,0.010217323,-2766.4458,-2766.4458,-1282.6547
5033,0.010218925,-2802.4468,-2802.4468,-2575.9204
5034,0.010220561,-2199.897,-2199.897,-2199.897
5035,0.010222179,-1002.66626,-1002.66626,-174.96713
5036,0.010223797,359.6996,359.6996,1820.3064
5037,0.010225417,1355.9313,1355.9313,1355.9313
5038,0.010227024,1480.1887,1480.1887,3.259418
5039,0.010228606,378.61172,378.61172,-441.06873
5040,0.010230179,-2269.4202,56.878323,-2269.4202
5041,0.010231731,-6386.231,-6386.231,-5829.936
5042,0.010233253,-10505.658,-10505.658,-7860.108
5043,0.010234764,-13017.561,-13017.561,-13017.561
5044,0.010236262,-12864.904,-12864.904,-14350.85
5045,0.010237762,-11087.038,-11087.038,-12930.631
5046,0.010239286,-9198.436,-9198.436,-9198.436
5047,0.010240871,-8444.624,-8444.624,-9428.311
5048,0.010242468,-8593.129,-8593.129,-12561.826
5049,0.010244057,-8890.897,-8462.564,-8890.897
5050,0.010245611,-8782.337,-8782.337,-11900.108
5051,0.010247122,-8473.989,-8473.989,-13042.991
5052,0.010248621,-8308.287,-8308.287,-8308.287
5053,0.010250104,-8423.593,-8423.593,-6900.201
5054,0.010251605,-8209.714,-8209.714,-8632.607
5055,0.010253148,-6791.92,-6791.92,-6791.92
5056,0.01025472,-3572.8806,-3572.8806,-2696.6702
5057,0.010256316,533.1336,533.1336,1569.361
5058,0.010257912,4085.5876,2887.9546,4085.5876
5059,0.010259506,5979.5957,5979.5957,9345.274
5060,0.010261075,6325.7236,6325.7236,7131.564
5061,0.010262635,5557.033,5557.033,5557.033
5062,0.010264155,4143.0938,4143.0938,5154.1343
5063,0.010265662,2651.7937,2651.7937,3116.439
5064,0.01026718,1660.8453,1660.8453,1660.8453
5065,0.010268698,1592.53,1592.53,-2072.725
5066,0.010270223,2085.8723,2085.8723,-24.943708
5067,0.010271777,2583.9314,2740.4778,2583.9314
5068,0.010273306,2665.2578,2665.2578,4962.142
5069,0.01027485,2634.1245,2634.1245,3629.7126
5070,0.010276417,2978.3452,2978.3452,2978.3452
5071,0.01027798,4007.8164,4007.8164,6909.127
5072,0.010279576,5303.23,5303.23,9845.681
5073,0.010281139,6166.9473,6166.9473,6166.9473
5074,0.010282671,6115.5337,6115.5337,3811.7126
5075,0.010284176,5128.5835,5128.5835,3771.5562
5076,0.010285666,3270.6577,2971.2283,3270.6577
5077,0.010287199,619.31775,619.31775,3026.0718
5078,0.010288769,-2105.444,-2105.444,-651.3187
5079,0.010290316,-3890.2952,-3890.2952,-3890.2952
5080,0.010291843,-4170.303,-4170.303,-6291.5767
5081,0.010293417,-3474.7466,-3474.7466,-4311.014
5082,0.010295019,-2641.3423,-2641.3423,-2641.3423
5083,0.010296643,-2360.5747,-2360.5747,-1757.9749
5084,0.010298252,-2347.6162,-2347.6162,-2684.2795
5085,0.010299847,-2066.2407,-4448.327,-2066.2407
5086,0.010301453,-1190.053,-1190.053,-703.4281
5087,0.010303067,-220.17293,-220.17293,-690.5609
5088,0.010304571,129.51723,129.51723,129.51723
5089,0.010306029,-409.3338,-409.3338,-1328.0062
5090,0.010307526,-1379.428,-1379.428,-1676.4358
5091,0.010309066,-2073.256,-2073.256,-2073.256
5092,0.010310618,-1989.0698,-1989.0698,-4279.3735
5093,0.010312186,-1871.0753,-1871.0753,-4174.85
5094,0.010313805,-2868.3032,-2455.6545,-2868.3032
5095,0.01031536,-5381.2007,-5381.2007,-4074.0298
5096,0.010316835,-7337.2075,-7337.2075,-6400.444
5097,0.010318286,-6617.287,-6617.287,-6617.287
5098,0.010319773,-1858.8613,-1858.8613,-1131.6156
5099,0.010321332,4726.898,4726.898,7348.002
5100,0.010322834,8921.424,8921.424,8921.424
5101,0.010324301,8487.453,8487.453,4605.806
5102,0.010325806,5076.7456,5076.7456,-1126.8578
5103,0.010327325,1430.2047,3337.6611,1430.2047
5104,0.010328768,-108.876884,-108.876884,5685.3765
5105,0.010330184,149.04489,149.04489,4939.7124
5106,0.010331608,1592.9235,1592.9235,1592.9235
5107,0.01033309,3649.8481,3649.8481,249.07191
5108,0.010334611,5241.039,5241.039,3240.7515
5109,0.01033619,5018.26,5018.26,5018.26
5110,0.0103378,2015.2769,2015.2769,1297.736
5111,0.010339435,-2266.0564,-2266.0564,-4947.6235
5112,0.010341101,-5537.256,-1678.5848,-5537.256
5113,0.010342722,-5968.019,-5968.019,-4461.889
5114,0.010344312,-4493.201,-4493.201,-3453.2485
5115,0.010345888,-2473.7563,-2473.7563,-2473.7563
5116,0.010347435,-977.57904,-977.57904,-571.3812
5117,0.010348947,-136.67975,-136.67975,-415.27963
5118,0.010350433,140.95473,140.95473,140.95473
5119,0.010351916,17.615833,17.615833,-520.2406
5120,0.010353412,12.240881,12.240881,146.10316
5121,0.010354922,762.2673,-869.9784,762.2673
5122,0.01035645,2663.7178,2663.7178,2307.2986
5123,0.010358021,5013.5415,5013.5415,4160.5874
5124,0.010359635,6661.822,6661.822,6661.822
5125,0.010361225,6669.536,6669.536,4223.0093
5126,0.010362829,5532.3164,5532.3164,2710.2515
5127,0.010364392,4104.2905,4104.2905,4104.2905
5128,0.010365906,3009.132,3009.132,5772.775
5129,0.010367412,2206.1377,2206.1377,1900.6422
5130,0.010368939,1542.4391,122.07029,1542.4391
5131,0.0103705,860.9335,860.9335,2796.0564
5132,0.010372072,-39.200176,-39.200176,2122.7983
5133,0.010373634,-1368.1937,-1368.1937,-1368.1937
5134,0.010375221,-3237.6726,-3237.6726,-6482.155
5135,0.010376827,-5119.753,-5119.753,-5623.9204
5136,0.010378446,-6291.983,-6291.983,-6291.983
5137,0.010380083,-6187.2803,-6187.2803,-5208.897
5138,0.010381693,-5004.137,-5004.137,-3822.0764
5139,0.010383288,-3131.131,-2732.5042,-3131.131
5140,0.010384908,-864.2079,-864.2079,-4586.553
5141,0.010386555,1499.5695,1499.5695,-2059.4983
5142,0.010388169,3573.0093,3573.0093,3573.0093
5143,0.010389751,5101.491,5101.491,10059.985
5144,0.010391349,5936.7246,5936.7246,5800.3457
5145,0.010392963,5868.2437,5868.2437,5868.2437
5146,0.010394547,4762.6284,4762.6284,1527.7438
5147,0.010396108,2672.345,2672.345,756.111
5148,0.010397618,-254.6859,3534.7239,-254.6859
5149,0.010399102,-3748.2097,-3748.2097,-1836.5922
5150,0.010400605,-6781.4365,-6781.4365,-5994.233
5151,0.010402152,-7941.4126,-7941.4126,-7941.4126
5152,0.010403739,-6053.9585,-6053.9585,-4387.936
5153,0.010405297,-2201.6692,-2201.6692,2988.486
5154,0.010406817,2011.1422,2011.1422,2011.1422
5155,0.010408336,5486.312,5486.312,1008.60315
5156,0.010409863,7990.351,7990.351,4800.0327
5157,0.010411386,9483.705,7014.0786,9483.705
5158,0.010412955,10013.568,10013.568,10587.47
5159,0.010414548,9778.959,9778.959,9244.166
5160,0.010416143,9102.783,9102.783,9102.783
5161,0.010417739,8236.376,8236.376,6226.9233
5162,0.01041935,7063.989,7063.989,6178.26
5163,0.010420952,5406.478,5406.478,5406.478
5164,0.010422548,3239.5896,3239.5896,5766.1187
5165,0.010424171,1163.4147,1163.4147,3598.8687
5166,0.010425815,47.431293,-528.8083,47.431293
5167,0.010427396,412.2569,412.2569,-824.77185
5168,0.010428965,1415.1116,1415.1116,856.41565
5169,0.01043056,2000.2047,2000.2047,2000.2047
5170,0.01043218,1421.8517,1421.8517,2623.7358
5171,0.01043377,558.41785,558.41785,544.41565
5172,0.010435307,600.0797,600.0797,600.0797
5173,0.01043683,2151.713,2151.713,2002.5016
5174,0.010438353,4099.4243,4099.4243,4177.8765
5175,0.010439845,4903.611,4638.6772,4903.611
5176,0.010441324,3643.7375,3643.7375,4657.7046
5177,0.010442819,1194.2023,1194.2023,1226.9547
5178,0.010444345,-1084.1,-1084.1,-1084.1
5179,0.01044589,-2033.0157,-2033.0157,-2756.7249
5180,0.010447486,-1951.029,-1951.029,-1754.9983
5181,0.010449091,-1571.928,-1571.928,-1571.928
5182,0.010450702,-1512.2122,-1512.2122,-3739.7952
5183,0.010452307,-1638.6198,-1638.6198,-4208.108
5184,0.010453868,-1634.639,-2223.1897,-1634.639
5185,0.010455421,-1286.0079,-1286.0079,-941.9124
5186,0.010457003,-661.4877,-661.4877,284.9547
5187,0.010458646,99.83754,99.83754,99.83754
5188,0.010460309,790.7455,790.7455,-306.37338
5189,0.010461949,1155.7393,1155.7393,-1035.1
5190,0.010463589,960.2125,960.2125,960.2125
5191,0.010465238,111.72737,111.72737,166.08754
5192,0.010466881,-832.1814,-832.1814,-991.08435
5193,0.010468422,-1175.389,487.15225,-1175.389
5194,0.010469925,-596.77496,-596.77496,-1135.5375
5195,0.010471471,652.6042,652.6042,-739.3109
5196,0.010473073,2144.658,2144.658,2144.658
5197,0.010474661,3295.1313,3295.1313,3147.939
5198,0.010476229,3542.8862,3542.8862,2328.0173
5199,0.010477791,2343.8765,2343.8765,2343.8765
5200,0.010479342,-490.4712,-490.4712,990.8844
5201,0.010480884,-3792.297,-3792.297,-2754.7327
5202,0.010482466,-6139.655,-4664.509,-6139.655
5203,0.010484085,-6228.8115,-6228.8115,-6418.7407
5204,0.010485726,-4340.586,-4340.586,-4151.7563
5205,0.010487339,-1353.7484,-1353.7484,-1353.7484
5206,0.010488848,1710.187,1710.187,1229.2672
5207,0.010490275,4088.0261,4088.0261,4875.1187
5208,0.010491688,5217.502,5217.502,5217.502
5209,0.010493157,4651.5786,4651.5786,2826.0874
5210,0.0104947,3000.0479,3000.0479,639.00165
5211,0.010496272,1481.4158,1326.1093,1481.4158
5212,0.010497888,1171.3002,1171.3002,2811.9314
5213,0.010499458,1981.4266,1981.4266,5553.5254
5214,0.010500988,3461.064,3461.064,3461.064
5215,0.0105025,5133.5815,5133.5815,2217.2126
5216,0.01050403,6108.846,6108.846,4037.2908
5217,0.010505587,5271.9077,5271.9077,5271.9077
5218,0.010507157,2045.4967,2045.4967,3964.9314
5219,0.010508756,-1711.9535,-1711.9535,-69.28745
5220,0.010510357,-3288.2249,-2792.41,-3288.2249
5221,0.01051196,-957.128,-957.128,-1795.1859
5222,0.010513585,3183.3264,3183.3264,2453.8142
5223,0.010515219,5877.017,5877.017,5877.017
5224,0.010516883,4787.415,4787.415,4590.111
5225,0.010518565,1805.9075,1805.9075,1406.2673
5226,0.010520198,119.15004,119.15004,119.15004
5227,0.010521775,1557.501,1557.501,3646.2517
5228,0.010523328,4447.491,4447.491,6031.939
5229,0.010524872,6520.947,5870.1006,6520.947
5230,0.01052646,6165.668,6165.668,5989.8765
5231,0.010528116,4242.109,4242.109,4797.814
5232,0.010529781,2648.9,2648.9,2648.9
5233,0.010531427,2819.0356,2819.0356,2355.2827
5234,0.010533052,3999.852,3999.852,2398.9468
5235,0.010534629,4976.2363,4976.2363,4976.2363
5236,0.010536193,4974.3467,4974.3467,5377.9316
5237,0.010537767,4324.072,4324.072,4924.2515
5238,0.010539335,3637.2593,4127.734,3637.2593
5239,0.010540945,3282.9407,3282.9407,688.67346
5240,0.010542586,2689.922,2689.922,489.27505
5241,0.010544211,1025.5485,1025.5485,1025.5485
5242,0.010545818,-2103.7764,-2103.7764,-1324.9828
5243,0.010547331,-5350.029,-5350.029,-5704.9824
5244,0.010548851,-7549.4204,-7549.4204,-7549.4204
5245,0.01055038,-7738.2485,-7738.2485,-7498.983
5246,0.010551873,-6563.65,-6563.65,-6179.983
5247,0.010553354,-5019.733,-7405.108,-5019.733
5248,0.010554771,-3912.2449,-3912.2449,-4427.4595
5249,0.010556205,-3292.2888,-3292.2888,-3611.139
5250,0.010557691,-3161.897,-3161.897,-3161.897
5251,0.010559205,-3442.5217,-3442.5217,-4527.006
5252,0.010560817,-3603.8833,-3603.8833,-2859.8188
5253,0.010562474,-2836.3188,-2836.3188,-2836.3188
5254,0.010564111,-704.72845,-704.72845,-2224.631
5255,0.010565714,1753.3593,1753.3593,2046.4469
5256,0.010567307,3296.611,4137.663,3296.611
5257,0.010568915,3153.9495,3153.9495,4592.2437
5258,0.01057058,2397.4487,2397.4487,3953.0095
5259,0.010572268,2785.9705,2785.9705,2785.9705
5260,0.010573971,5477.032,5477.032,4190.1816
5261,0.010575676,8670.573,8670.573,8961.564
5262,0.010577403,9799.384,9799.384,9799.384
5263,0.010579107,7166.364,7166.364,5871.1265
5264,0.010580752,2956.5217,2956.5217,809.8766
5265,0.010582318,-148.38902,-1551.0621,-148.38902
5266,0.010583848,-701.32904,-701.32904,762.90784
5267,0.010585389,459.57297,459.57297,1657.3531
5268,0.010586951,2003.236,2003.236,2003.236
5269,0.01058847,2720.8298,2720.8298,1800.8766
5270,0.010589981,2374.2405,2374.2405,3355.1577
5271,0.010591521,847.5407,847.5407,847.5407
5272,0.010593089,-1813.7203,-1813.7203,-2474.9048
5273,0.010594704,-4764.415,-4764.415,-4941.3813
5274,0.010596356,-6755.0376,-3870.3992,-6755.0376
5275,0.010597978,-6870.5576,-6870.5576,-7538.8574
5276,0.010599582,-6014.8247,-6014.8247,-6596.4595
5277,0.010601173,-5416.131,-5416.131,-5416.131
5278,0.010602757,-5888.823,-5888.823,-6969.6465
5279,0.010604285,-6774.1147,-6774.1147,-7060.069
5280,0.010605796,-7186.9277,-7186.9277,-7186.9277
5281,0.010607332,-6511.952,-6511.952,-4480.7954
5282,0.01060891,-5105.377,-5105.377,-2245.35
5283,0.010610554,-3649.7405,-4448.023,-3649.7405
5284,0.010612213,-2869.3154,-2869.3154,-8277.514
5285,0.010613819,-2873.4814,-2873.4814,-7003.155
5286,0.010615431,-3591.7876,-3591.7876,-3591.7876
5287,0.010617047,-4824.215,-4824.215,-2440.4517
5288,0.010618663,-5689.889,-5689.889,-5035.139
5289,0.010620286,-5133.35,-5133.35,-5133.35
5290,0.010621915,-2586.4932,-2586.4932,-4325.3345
5291,0.010623554,459.0361,459.0361,942.9313
5292,0.010625197,1930.3766,2544.3025,1930.3766
5293,0.010626847,505.85147,505.85147,-868.8734
5294,0.010628517,-2036.1329,-2036.1329,-3369.8108
5295,0.010630192,-2997.647,-2997.647,-2997.647
5296,0.010631839,-589.4545,-589.4545,-467.28745
5297,0.010633465,3523.2297,3523.2297,4495.3843
5298,0.010635097,7043.447,7043.447,7043.447
5299,0.010636746,8193.47,8193.47,6599.2437
5300,0.010638405,7480.4194,7480.4194,8021.986
5301,0.010640072,6057.181,5234.965,6057.181
5302,0.010641731,4860.742,4860.742,8782.049
5303,0.010643405,3769.6643,3769.6643,4382.392
5304,0.0106451,2405.5642,2405.5642,2405.5642
5305,0.010646767,619.82385,619.82385,-606.49054
5306,0.010648405,-1038.0061,-1038.0061,200.01723
5307,0.010650034,-1904.8812,-1904.8812,-1904.8812
5308,0.010651645,-1545.528,-1545.528,-2576.389
5309,0.010653226,-423.5615,-423.5615,161.69691
5310,0.010654824,864.2829,-554.0766,864.2829
5311,0.010656415,1794.5431,1794.5431,2013.8844
5312,0.010658039,2321.8962,2321.8962,1093.3375
5313,0.0106597,2479.2202,2479.2202,2479.2202
5314,0.010661304,2352.2651,2352.2651,5083.6265
5315,0.010662856,2166.532,2166.532,5741.5176
5316,0.010664431,2140.8374,2140.8374,2140.8374
5317,0.010665999,2428.9053,2428.9053,2659.861
5318,0.010667576,2888.644,2888.644,1293.6033
5319,0.010669134,3293.9392,3586.0283,3293.9392
5320,0.010670689,3466.2751,3466.2751,3421.9236
5321,0.01067226,3341.708,3341.708,78.41567
5322,0.010673812,2891.8608,2891.8608,2891.8608
5323,0.01067536,2082.6084,2082.6084,5591.611
5324,0.010676919,844.528,844.528,2665.119
5325,0.010678532,-952.4437,-952.4437,-952.4437
5326,0.010680189,-3253.211,-3253.211,-6660.4434
5327,0.010681828,-5244.732,-5244.732,-6556.3657
5328,0.010683444,-6059.4985,-6895.064,-6059.4985
5329,0.010685028,-5268.983,-5268.983,-4179.6626
5330,0.010686556,-3874.9143,-3874.9143,-2512.5764
5331,0.01068806,-3017.7327,-3017.7327,-3017.7327
5332,0.010689581,-3383.238,-3383.238,-5119.3657
5333,0.010691148,-4111.273,-4111.273,-6038.436
5334,0.010692782,-3740.4045,-3740.4045,-3740.4045
5335,0.01069435,-1337.2166,-1337.2166,48.939106
5336,0.010695935,2023.646,2023.646,3142.4392
5337,0.010697594,4760.642,5733.6704,4760.642
5338,0.010699283,5360.8833,5360.8833,758.1579
5339,0.010700996,4534.3096,4534.3096,198.61098
5340,0.010702665,3668.6343,3668.6343,3668.6343
5341,0.010704325,3682.8833,3682.8833,6568.3457
5342,0.010705944,4039.1697,4039.1697,7226.947
5343,0.010707582,3896.5952,3896.5952,3896.5952
5344,0.0107093,2669.3862,2669.3862,316.88443
5345,0.010710983,1343.1786,1343.1786,-357.77966
5346,0.010712646,1182.1266,868.49866,1182.1266
5347,0.010714302,2938.5767,2938.5767,3704.5405
5348,0.010715959,5550.4683,5550.4683,5013.322
5349,0.010717608,7492.017,7492.017,7492.017
5350,0.010719217,7758.627,7758.627,6545.939
5351,0.010720783,7230.105,7230.105,4171.1577
5352,0.010722325,7075.0483,7075.0483,7075.0483
5353,0.010723836,7952.046,7952.046,11475.877
5354,0.010725328,8957.057,8957.057,10610.658
5355,0.010726792,8892.985,5948.403,8892.985
5356,0.010728219,7055.2207,7055.2207,5434.361
5357,0.010729649,4053.784,4053.784,1570.6578
5358,0.010731115,755.3297,755.3297,755.3297
5359,0.010732691,-2093.8525,-2093.8525,-983.9671
5360,0.010734306,-4030.5989,-4030.5989,-2491.4438
5361,0.010735926,-4925.709,-4925.709,-4925.709
5362,0.010737556,-4772.805,-4772.805,-2802.9514
5363,0.010739194,-3779.9094,-3779.9094,-2827.3813
5364,0.010740829,-2230.4124,-2708.4194,-2230.4124
5365,0.010742404,-446.6542,-446.6542,-1098.35
5366,0.010743941,1449.5903,1449.5903,2103.986
5367,0.010745493,3427.892,3427.892,3427.892
5368,0.010747073,5391.9546,5391.9546,3855.9624
5369,0.010748617,7073.32,7073.32,3815.7983
5370,0.010750183,8327.532,8327.532,8327.532
5371,0.010751718,8884.412,8884.412,10354.572
5372,0.010753227,8454.029,8454.029,8914.822
5373,0.010754717,6736.744,7339.9185,6736.744
5374,0.010756244,3601.855,3601.855,1722.5876
5375,0.010757854,98.17328,98.17328,-1169.6469
5376,0.0107594,-1863.2719,-1863.2719,-1863.2719
5377,0.010760894,-1464.7775,-1464.7775,-747.0609
5378,0.010762408,186.58537,186.58537,1459.1735
5379,0.010763992,1547.9783,1547.9783,1547.9783
5380,0.010765629,1203.4204,1203.4204,794.2516
5381,0.010767219,-175.32677,-175.32677,-590.27966
5382,0.010768766,-1425.0765,-1233.5635,-1425.0765
5383,0.010770287,-1859.1545,-1859.1545,-1688.7172
5384,0.010771824,-2052.8022,-2052.8022,-1269.3031
5385,0.01077341,-2923.5999,-2923.5999,-2923.5999
5386,0.010775048,-5153.4136,-5153.4136,-3952.9827
5387,0.010776695,-7805.9863,-7805.9863,-6639.2246
5388,0.010778341,-9511.967,-9511.967,-9511.967
5389,0.010779929,-9359.456,-9359.456,-7840.897
5390,0.010781482,-8092.109,-8092.109,-5762.4355
5391,0.010783035,-6656.1626,-8709.711,-6656.1626
5392,0.010784601,-5764.969,-5764.969,-8373.147
5393,0.010786209,-5290.019,-5290.019,-8508.507
5394,0.010787805,-4890.9434,-4890.9434,-4890.9434
5395,0.01078942,-4281.0264,-4281.0264,-3503.139
5396,0.010791074,-3557.4907,-3557.4907,-2706.2795
5397,0.010792764,-2945.022,-2945.022,-2945.022
5398,0.010794405,-2695.9373,-2695.9373,-1872.5295
5399,0.010795984,-2978.9001,-2978.9001,-2327.0452
5400,0.010797548,-3953.178,-2938.2705,-3953.178
5401,0.010799083,-5597.815,-5597.815,-8028.061
5402,0.010800603,-7275.218,-7275.218,-11226.585
5403,0.010802139,-8228.826,-8228.826,-8228.826
5404,0.010803699,-7934.6064,-7934.6064,-5747.8105
5405,0.010805272,-7119.312,-7119.312,-5287.78
5406,0.010806847,-6881.6074,-6881.6074,-6881.6074
5407,0.010808402,-7880.857,-7880.857,-8836.912
5408,0.010809898,-9072.176,-9072.176,-11007.319
5409,0.010811397,-9210.576,-9064.713,-9210.576
5410,0.010812957,-7295.3516,-7295.3516,-4288.475
5411,0.010814542,-3933.4778,-3933.4778,-780.225
5412,0.010816139,-295.73276,-295.73276,-295.73276
5413,0.010817719,2545.2302,2545.2302,2167.572
5414,0.010819281,4333.1465,4333.1465,4878.3687
5415,0.010820811,5003.947,5003.947,5003.947
5416,0.010822336,4675.1514,4675.1514,4634.72
5417,0.010823851,4064.297,4064.297,2853.8923
5418,0.010825397,4037.4077,3931.6707,4037.4077
5419,0.010826961,5211.13,5211.13,6573.6426
5420,0.010828591,6929.59,6929.59,9328.853
5421,0.010830287,7981.4624,7981.4624,7981.4624
5422,0.010831982,7386.366,7386.366,5459.595
5423,0.010833603,6035.335,6035.335,4414.517
5424,0.01083519,5051.7905,5051.7905,5051.7905
5425,0.010836781,5096.18,5096.18,6782.455
5426,0.010838369,5436.8384,5436.8384,6868.5483
5427,0.010839982,4969.072,3464.1587,4969.072
5428,0.01084161,2916.4133,2916.4133,913.9157
5429,0.01084323,128.80276,128.80276,-855.90466
5430,0.010844861,-2190.5764,-2190.5764,-2190.5764
5431,0.010846481,-3150.3206,-3150.3206,-3258.5845
5432,0.010848077,-3382.8079,-3382.8079,-3326.0295
5433,0.0108497,-3868.7795,-3868.7795,-3868.7795
5434,0.010851371,-5344.8457,-5344.8457,-4817.7876
5435,0.010852952,-7157.619,-7157.619,-5156.076
5436,0.010854501,-8599.857,-7807.4336,-8599.857
5437,0.010856054,-9180.781,-9180.781,-10321.857
5438,0.010857634,-9041.099,-9041.099,-10969.459
5439,0.010859218,-8500.506,-8500.506,-8500.506
5440,0.010860816,-7860.1216,-7860.1216,-1904.639
5441,0.010862421,-7292.184,-7292.184,-571.0296
5442,0.010863999,-6939.5063,-6939.5063,-6939.5063
5443,0.010865577,-6875.0522,-6875.0522,-14390.241
5444,0.010867177,-6999.6934,-6999.6934,-14999.28
5445,0.0108688,-7164.2485,-6142.6636,-7164.2485
5446,0.010870381,-7209.0103,-7209.0103,-1229.1703
5447,0.010872003,-6979.366,-6979.366,-1226.2406
