,time,spline,prediction,target
0,0.002201293,1176.5254,1176.5254,1176.5254
1,0.00220284,272.0969,272.0969,-362.23236
2,0.002204407,-1037.9509,-1037.9509,784.4317
3,0.002205983,-2609.2324,-2609.2324,-2609.2324
4,0.002207551,-4278.9146,-4278.9146,2210.744
5,0.002209135,-5924.8438,-5924.8438,-3260.529
6,0.002210766,-7418.9663,-3682.3606,-7418.9663
7,0.002212406,-8514.38,-8514.38,-7456.224
8,0.002214019,-8849.323,-8849.323,-7596.857
9,0.00221557,-8126.56,-6390.373,-8126.56
10,0.002217123,-6287.8604,-6287.8604,-3283.4902
11,0.002218682,-4239.387,-4239.387,-4014.5762
12,0.002220229,-3163.584,3267.485,-3163.584
13,0.002221776,-3685.355,-3685.355,-625.02924
14,0.002223342,-4419.314,-4419.314,-1314.5526
15,0.002224955,-3324.3652,-3456.02,-3324.3652
16,0.002226585,1137.7402,1137.7402,-2212.537
17,0.002228137,7258.0244,7258.0244,5703.549
18,0.002229664,13263.736,3774.4124,13263.736
19,0.00223122,17865.486,17865.486,18943.588
20,0.002232821,20679.863,20679.863,19571.062
21,0.00223441,21534.299,17760.066,21534.299
22,0.002235993,20635.42,20635.42,17942.838
23,0.002237559,18913.518,18913.518,18397.596
24,0.00223913,17416.742,19337.125,17416.742
25,0.002240735,16948.24,16948.24,19866.96
26,0.002242346,17270.752,17270.752,19414.057
27,0.00224393,17813.604,15847.677,17813.604
28,0.002245513,18057.252,18057.252,19672.525
29,0.002247129,17535.71,17535.71,15725.299
30,0.002248769,15747.876,16270.731,15747.876
31,0.002250386,12629.168,12629.168,13014.002
32,0.002251966,9497.424,9497.424,9969.392
33,0.002253551,7800.26,9460.79,7800.26
34,0.002255128,8435.86,8435.86,10673.072
35,0.002256651,9764.68,9764.68,8701.307
36,0.002258137,9813.057,10023.6455,9813.057
37,0.002259616,7249.483,7249.483,6836.33
38,0.002261101,2535.1401,2535.1401,3290.0176
39,0.002262631,-3562.5134,3869.929,-3562.5134
40,0.002264207,-10024.392,-10024.392,-15532.045
41,0.002265789,-15319.583,-15319.583,-18888.951
42,0.002267359,-17973.576,-14097.895,-17973.576
43,0.002268964,-17059.564,-17059.564,-14673.106
44,0.002270574,-13581.484,-13581.484,-13242.764
45,0.00227218,-9197.021,-12875.336,-9197.021
46,0.002273837,-5183.66,-5183.66,-9147.075
47,0.002275483,-2150.695,-2150.695,-4275.8574
48,0.002277095,-283.2011,-2512.4648,-283.2011
49,0.00227867,408.0951,408.0951,1362.1191
50,0.002280205,281.1216,281.1216,1791.0098
51,0.002281758,-286.5761,-3397.4226,-286.5761
52,0.002283331,-1070.8516,-1070.8516,-5475.1694
53,0.002284881,-2326.558,-2326.558,-3432.576
54,0.002286449,-4494.5605,-4694.472,-4494.5605
55,0.002288065,-7856.253,-7856.253,-4546.826
56,0.002289696,-11582.263,-11582.263,-11168.865
57,0.002291329,-14554.357,-12547.847,-14554.357
58,0.002292986,-15991.948,-15991.948,-17522.553
59,0.002294612,-16322.455,-16322.455,-23088.615
60,0.002296191,-16345.889,-15215.865,-16345.889
61,0.00229776,-16628.83,-16628.83,-16070.927
62,0.002299326,-17123.758,-17123.758,-14734.232
63,0.002300855,-17628.021,-17323.59,-17628.021
64,0.002302375,-18016.27,-18016.27,-15639.475
65,0.002303995,-18359.678,-18359.678,-17598.88
66,0.002305666,-18752.676,-16920.438,-18752.676
67,0.00230733,-19253.572,-19253.572,-21320.97
68,0.002308955,-19729.074,-19729.074,-19326.303
69,0.002310558,-20025.725,-15985.207,-20025.725
70,0.002312152,-19980.041,-19980.041,-20635.033
71,0.00231371,-19382.064,-19382.064,-17823.06
72,0.002315263,-18007.068,-17941.121,-18007.068
73,0.002316803,-15763.018,-15763.018,-14837.014
74,0.002318362,-12960.271,-12960.271,-13678.514
75,0.002319898,-10148.701,-6294.1523,-10148.701
76,0.002321439,-7632.2993,-7632.2993,-10609.623
77,0.002322981,-5305.32,-5305.32,-9498.561
78,0.00232451,-2959.3965,-2288.8955,-2959.3965
79,0.002326054,-517.0051,-517.0051,-702.6933
80,0.002327606,1260.4153,1260.4153,-11.669874
81,0.002329203,1375.5332,-97.0981,1375.5332
82,0.00233083,-742.7459,-742.7459,3265.1191
83,0.002332428,-3094.384,-3094.384,-913.66986
84,0.002333997,-3257.998,36.265762,-3257.998
85,0.002335534,104.42875,104.42875,3620.6582
86,0.002337068,5115.31,5115.31,4546.572
87,0.00233862,9181.955,4270.5015,9181.955
88,0.002340205,10189.476,10189.476,7984.783
89,0.002341837,8628.496,8628.496,5590.619
90,0.002343447,5959.0176,4418.518,5959.0176
91,0.002345034,3439.537,3439.537,3024.0645
92,0.002346644,1375.6412,1375.6412,569.00977
93,0.002348275,-38.794872,584.7114,-38.794872
94,0.002349892,-765.1905,-765.1905,-282.46674
95,0.002351518,-1489.7916,-1489.7916,-2149.662
96,0.002353127,-3029.865,-1523.8468,-3029.865
97,0.002354671,-5696.2373,-5696.2373,-5928.381
98,0.002356224,-8544.975,-8544.975,-5803.1934
99,0.002357783,-10198.451,-10122.805,-10198.451
100,0.002359365,-9721.598,-9721.598,-6472.1226
101,0.002360931,-8148.8345,-8148.8345,-6591.4355
102,0.002362484,-6997.9434,-7627.488,-6997.9434
103,0.002364029,-7299.533,-7299.533,-7454.881
104,0.002365543,-8377.945,-8377.945,-9053.739
105,0.002367073,-9228.436,-4316.2754,-9228.436
106,0.002368612,-9059.298,-9059.298,-8710.544
107,0.002370163,-8093.1436,-8093.1436,-9019.591
108,0.002371711,-6837.3804,-8702.837,-6837.3804
109,0.002373281,-5632.2783,-5632.2783,-6805.99
110,0.002374867,-4241.4795,-4241.4795,-2362.545
111,0.00237644,-2295.3337,-3622.8792,-2295.3337
112,0.002378009,401.2719,401.2719,1227.5332
113,0.002379547,3197.7031,3197.7031,8449.908
114,0.00238107,5370.8613,2078.7512,5370.8613
115,0.002382592,6347.276,6347.276,4530.6973
116,0.002384138,6036.7837,6036.7837,4872.7285
117,0.002385702,4443.9863,2418.7534,4443.9863
118,0.002387208,1846.7095,1846.7095,643.9786
119,0.002388689,-1197.4597,-1197.4597,-2774.1384
120,0.002390198,-4165.365,-3817.7383,-4165.365
121,0.002391735,-6476.548,-6476.548,-2375.029
122,0.002393327,-7866.64,-7866.64,306.8223
123,0.00239492,-8074.334,-9705.012,-8074.334
124,0.002396522,-7104.8535,-7104.8535,-4064.5212
125,0.002398077,-5726.6396,-5726.6396,-3179.951
126,0.002399618,-4766.0444,-8672.39,-4766.0444
127,0.002401132,-4808.7827,-4808.7827,-7066.615
128,0.002402619,-5604.356,-5604.356,-7394.576
129,0.002404112,-6765.7246,-3414.905,-6765.7246
130,0.002405675,-7919.6323,-7919.6323,-6279.2715
131,0.002407277,-8424.764,-8424.764,-6426.623
132,0.002408879,-7580.7324,-2697.8003,-7580.7324
133,0.002410528,-5133.431,-5133.431,-5353.3965
134,0.002412212,-3011.1848,-3011.1848,-1722.7089
135,0.002413879,-3866.1072,-2300.1362,-3866.1072
136,0.002415521,-9098.908,-9098.908,-10627.389
137,0.002417128,-16048.22,-16048.22,-16628.521
138,0.002418745,-21533.072,-18835.006,-21533.072
139,0.002420321,-23040.309,-23040.309,-17670.8
140,0.002421866,-21653.775,-21653.775,-17802.693
141,0.002423411,-19002.676,-17996.62,-19002.676
142,0.002424934,-16433.615,-16433.615,-11972.529
143,0.002426462,-14210.952,-14210.952,-8715.865
144,0.002428026,-12372.74,-10441.296,-12372.74
145,0.002429575,-11015.661,-11015.661,-15198.818
146,0.002431106,-9994.387,-9994.387,-16380.068
147,0.002432642,-9116.623,-9605.775,-9116.623
148,0.002434214,-8258.027,-8258.027,-4522.7715
149,0.002435839,-7576.7007,-7576.7007,-5688.3647
150,0.002437441,-7344.9272,-4665.923,-7344.9272
151,0.00243904,-7606.329,-7606.329,-4932.412
152,0.002440643,-7708.9473,-7708.9473,-7140.6855
153,0.00244223,-6836.0054,-4555.912,-6836.0054
154,0.002443818,-4554.82,-4554.82,-9049.748
155,0.002445432,-1892.5751,-1892.5751,-5850.834
156,0.002447053,-385.53705,-4188.1074,-385.53705
157,0.002448711,-1157.5576,-1157.5576,1293.8301
158,0.002450383,-3472.5156,-3472.5156,-2102.6777
159,0.002451988,-5910.068,-2786.3438,-5910.068
160,0.002453577,-7570.8228,-7570.8228,-5776.545
161,0.002455197,-8421.595,-8421.595,-8180.2793
162,0.00245685,-8574.701,-7599.6514,-8574.701
163,0.002458497,-8265.428,-8265.428,-9258.474
164,0.002460156,-8122.0425,-8122.0425,-8420.686
165,0.002461836,-8897.209,-8937.707,-8897.209
166,0.002463525,-11049.582,-11049.582,-10036.873
167,0.002465169,-13653.323,-13653.323,-13388.153
168,0.00246681,-15655.419,-9469.068,-15655.419
169,0.002468476,-16249.694,-16249.694,-16241.193
170,0.002470141,-15703.73,-15703.73,-18524.904
171,0.002471788,-14622.911,-16630.756,-14622.911
172,0.002473394,-13519.533,-13519.533,-13299.514
173,0.002474967,-12518.335,-12518.335,-12298.678
174,0.002476567,-11626.529,-14187.985,-11626.529
175,0.002478216,-10835.492,-10835.492,-7753.888
176,0.002479862,-9955.8545,-9955.8545,-7118.4116
177,0.002481511,-8709.717,-8209.205,-8709.717
178,0.002483147,-6922.553,-6922.553,-7586.6304
179,0.002484738,-4787.0635,-4787.0635,-6242.0215
180,0.002486281,-2532.7402,819.68805,-2532.7402
181,0.002487818,-256.04553,-256.04553,2212.9863
182,0.002489429,2157.7654,2157.7654,4743.228
183,0.00249105,4648.4546,788.2506,4648.4546
184,0.002492673,7208.3413,7208.3413,2812.9863
185,0.002494273,9682.592,9682.592,5634.0176
186,0.00249586,11948.313,3538.6838,11948.313
187,0.002497458,13738.228,13738.228,14056.064
188,0.00249903,14097.948,14097.948,14262.689
189,0.002500558,12105.697,7801.7266,12105.697
190,0.002502068,7534.168,7534.168,7692.705
191,0.002503592,2524.552,2524.552,3622.9941
192,0.00250516,-5.724562,2823.9753,-5.724562
193,0.002506789,2292.254,2292.254,1184.6504
194,0.002508449,7004.931,7004.931,9513.76
195,0.002510105,9995.916,8950.218,9995.916
196,0.002511699,8491.423,8491.423,8468.58
197,0.002513278,4368.09,4368.09,4879.283
198,0.002514866,269.15826,2028.0447,269.15826
199,0.002516473,-1918.2274,-1918.2274,-3149.4043
200,0.002518079,-3554.6973,-3554.6973,-4001.17
201,0.002519672,-6857.74,-3910.776,-6857.74
202,0.002521234,-12891.682,-12891.682,-13619.521
203,0.002522762,-18872.914,-18872.914,-17117.607
204,0.002524286,-21465.943,-15370.4795,-21465.943
205,0.00252579,-18707.502,-18707.502,-19394.13
206,0.002527303,-13955.381,-13955.381,-13054.997
207,0.002528858,-11962.505,-9109.393,-11962.505
208,0.002530453,-16344.905,-16344.905,-19737.787
209,0.002531992,-22825.756,-22825.756,-23708.28
210,0.00253347,-25957.814,-22325.17,-25957.814
211,0.002534945,-22651.566,-22651.566,-15355.364
212,0.002536498,-15233.847,-15233.847,-7938.8257
213,0.002538144,-8359.356,-8058.853,-8359.356
214,0.002539804,-6816.333,-6816.333,-16876.785
215,0.002541442,-9220.721,-9220.721,-10694.193
216,0.002543056,-12687.014,-7766.0527,-12687.014
217,0.002544643,-14916.736,-14916.736,-16175.17
218,0.002546263,-15176.8955,-15176.8955,-18199.1
219,0.002547882,-12958.654,-16735.225,-12958.654
220,0.0025495,-8165.671,-8165.671,-6957.3496
221,0.00255111,-2106.7827,-2106.7827,2007.127
222,0.002552717,3626.838,868.66046,3626.838
223,0.00255434,7817.089,7817.089,6207.142
224,0.002555981,10480.129,10480.129,8601.479
225,0.002557633,11973.688,7661.0664,11973.688
226,0.002559272,12677.106,12677.106,14149.142
227,0.002560891,12960.187,12960.187,15909.095
228,0.002562466,13161.643,11866.595,13161.643
229,0.002564033,13435.049,13435.049,11019.807
230,0.002565594,13276.333,13276.333,11655.993
231,0.002567092,12104.907,10363.093,12104.907
232,0.002568589,9595.058,9595.058,10020.58
233,0.002570126,6327.713,6327.713,4792.51
234,0.002571702,3281.6191,1795.6587,3281.6191
235,0.002573246,1328.7745,1328.7745,1568.4238
236,0.0025748,-48.809544,-48.809544,-696.0058
237,0.002576404,-1639.8965,-1603.1588,-1639.8965
238,0.002578061,-3978.2148,-3978.2148,-4108.0913
239,0.002579696,-6166.224,-6166.224,-4647.4277
240,0.002581335,-7101.5605,-8094.1504,-7101.5605
241,0.002582927,-6117.7026,-6117.7026,-2822.2087
242,0.002584534,-4158.8564,-4158.8564,-581.0683
243,0.002586209,-2527.834,-7150.9077,-2527.834
244,0.002587817,-2221.712,-2221.712,-704.3261
245,0.002589394,-1892.7871,-1892.7871,1140.5098
246,0.002590974,188.30669,-2795.851,188.30669
247,0.00259252,4871.7036,4871.7036,6420.3687
248,0.002594069,10306.313,10306.313,5032.9863
249,0.002595642,13919.235,12142.242,13919.235
250,0.002597212,13825.699,13825.699,16295.626
251,0.002598739,11929.707,11929.707,12732.087
252,0.002600232,10804.783,6973.013,10804.783
253,0.002601719,12001.362,12001.362,8037.791
254,0.002603216,14041.392,14041.392,10107.58
255,0.002604705,14638.58,10383.99,14638.58
256,0.002606217,12217.318,12217.318,10995.072
257,0.002607755,8102.697,8102.697,6871.525
258,0.002609327,4549.5176,7753.1333,4549.5176
259,0.002610933,3413.3555,3413.3555,4642.0176
260,0.002612513,3808.7507,3808.7507,3454.7441
261,0.002614091,4092.9316,3048.489,4092.9316
262,0.002615651,3120.12,3120.12,1404.1426
263,0.002617161,1507.9955,1507.9955,-202.75581
264,0.002618661,138.10356,-990.4122,138.10356
265,0.002620171,-370.7149,-370.7149,1868.7207
266,0.002621724,-337.09445,-337.09445,-1477.8809
267,0.002623308,-365.12302,-1477.2195,-365.12302
268,0.00262488,-889.89264,-889.89264,-1008.41205
269,0.002626436,-1471.9534,-1471.9534,-1789.9667
270,0.002627982,-1485.5137,-1126.243,-1485.5137
271,0.002629471,-567.04596,-567.04596,-3494.1384
272,0.002630975,936.2016,936.2016,1969.1113
273,0.002632501,2494.0254,2058.3218,2494.0254
274,0.002634059,3588.0342,3588.0342,-1544.4277
275,0.002635654,3867.0469,3867.0469,-921.23236
276,0.00263724,3034.502,2376.6375,3034.502
277,0.00263882,1114.8293,1114.8293,-30.583937
278,0.002640398,-776.7626,-776.7626,-2404.123
279,0.002641989,-1251.7635,501.44116,-1251.7635
280,0.002643572,553.51556,553.51556,-3072.6309
281,0.002645135,3239.7278,3239.7278,-870.4277
282,0.002646724,4986.408,2760.6912,4986.408
283,0.002648284,4433.4478,4433.4478,6235.658
284,0.002649809,2626.27,2626.27,485.91605
285,0.002651322,997.4707,2439.3232,997.4707
286,0.002652871,637.0364,637.0364,2391.3691
287,0.002654456,1577.6687,1577.6687,5559.963
288,0.002656007,3420.541,2138.7546,3420.541
289,0.002657578,5815.1865,5815.1865,2037.2598
290,0.002659176,8224.535,8224.535,4433.1504
291,0.002660752,9969.314,6298.36,9969.314
292,0.002662295,10519.709,10519.709,12416.571
293,0.002663834,9506.261,9506.261,8182.76
294,0.002665377,6533.51,7321.844,6533.51
295,0.002666927,1539.0554,1539.0554,4329.963
296,0.002668453,-3990.4854,-3990.4854,-1045.6542
297,0.002669977,-8441.264,-8171.049,-8441.264
298,0.002671545,-10710.678,-10710.678,-13656.436
299,0.00267316,-11679.376,-11679.376,-14729.764
300,0.002674761,-12944.443,-13537.305,-12944.443
301,0.002676272,-15457.5205,-15457.5205,-15202.709
302,0.002677783,-18317.342,-18317.342,-20386.332
303,0.002679378,-20143.303,-17444.977,-20143.303
304,0.002681072,-19488.285,-19488.285,-16613.043
305,0.002682699,-17199.848,-17199.848,-15712.224
306,0.002684212,-14785.856,-11107.021,-14785.856
307,0.002685669,-12929.944,-12929.944,-13636.842
308,0.002687116,-11068.466,-11068.466,-10990.286
309,0.00268859,-8367.474,-6524.326,-8367.474
310,0.002690085,-4340.3286,-4340.3286,-4705.6772
311,0.002691609,100.680466,100.680466,-2234.5215
312,0.002693155,3525.5723,3587.9941,3525.5723
313,0.002694686,4797.444,4797.444,4075.822
314,0.002696225,4432.2856,4432.2856,2461.5332
315,0.002697795,3265.6426,3347.576,3265.6426
316,0.002699421,1999.3062,1999.3062,3154.322
317,0.002701057,713.2129,713.2129,7512.0483
318,0.002702686,-719.2714,2439.624,-719.2714
319,0.00270429,-2174.0322,-2174.0322,1311.5254
320,0.002705893,-2606.648,-2606.648,4317.924
321,0.002707472,-767.40424,1110.6611,-767.40424
322,0.002708988,3678.4805,3678.4805,4470.252
323,0.002710476,8780.933,8780.933,4788.51
324,0.002711972,12264.009,9635.81,12264.009
325,0.002713503,12354.804,12354.804,14679.432
326,0.00271503,9992.667,9992.667,10382.197
327,0.002716542,6958.197,5474.382,6958.197
328,0.002718095,4600.897,4600.897,5601.2515
329,0.002719691,3277.291,3277.291,2079.6816
330,0.002721267,3051.8691,957.2864,3051.8691
331,0.002722824,3719.643,3719.643,2752.9004
332,0.002724396,4496.9243,4496.9243,4764.299
333,0.002725973,4417.7754,6423.6104,4417.7754
334,0.002727575,2750.0586,2750.0586,1866.8926
335,0.002729185,-94.170135,-94.170135,-735.6308
336,0.002730795,-3373.1619,1114.1836,-3373.1619
337,0.002732361,-6249.371,-6249.371,-6379.271
338,0.002733862,-7947.3276,-7947.3276,-8670.177
339,0.002735358,-7850.6074,-5326.8237,-7850.6074
340,0.002736895,-5432.0303,-5432.0303,-5187.357
341,0.002738456,-1409.9087,-1409.9087,-1378.8105
342,0.002740031,3044.0723,-1192.7847,3044.0723
343,0.002741597,6853.459,6853.459,8842.174
344,0.002743213,9884.867,9884.867,10443.635
345,0.002744836,11959.424,4680.415,11959.424
346,0.002746431,12934.881,12934.881,13845.971
347,0.002748018,12479.394,12479.394,12247.736
348,0.00274959,10189.971,9634.689,10189.971
349,0.002751147,6053.562,6053.562,8401.127
350,0.002752707,1425.185,1425.185,2561.6816
351,0.002754251,-1921.8729,-5865.837,-1921.8729
352,0.002755805,-2834.5251,-2834.5251,-1738.9432
353,0.002757334,-2084.1147,-2084.1147,-1637.9589
354,0.002758899,-902.9902,1448.3706,-902.9902
355,0.002760484,-155.694,-155.694,119.86919
356,0.002762034,1012.1915,1012.1915,2768.213
357,0.002763585,3901.0645,3529.6882,3901.0645
358,0.002765097,9080.025,9080.025,9385.103
359,0.002766615,15232.677,15232.677,12295.291
360,0.00276818,20544.072,13262.355,20544.072
361,0.002769752,23224.82,23224.82,22916.096
362,0.002771276,23642.424,23642.424,23914.555
363,0.002772796,22731.83,22506.22,22731.83
364,0.002774369,21116.137,21116.137,22700.205
365,0.002775936,19045.232,19045.232,19303.463
366,0.002777494,16624.588,17510.45,16624.588
367,0.002779035,14039.249,14039.249,13298.626
368,0.002780605,11673.49,11673.49,11063.322
369,0.002782213,10100.119,8714.979,10100.119
370,0.00278383,9764.732,9764.732,11426.962
371,0.002785437,10222.437,10222.437,11798.127
372,0.002787017,10809.057,11377.197,10809.057
373,0.002788585,11037.774,11037.774,8738.002
374,0.002790183,10934.923,10934.923,10220.018
375,0.002791774,10653.924,11067.042,10653.924
376,0.002793327,10408.668,10408.668,10831.814
377,0.002794842,10573.629,10573.629,11893.462
378,0.002796357,11551.244,6601.474,11551.244
379,0.002797864,13453.728,13453.728,11283.354
380,0.002799376,15280.485,15280.485,8661.924
381,0.002800912,15712.446,12308.907,15712.446
382,0.002802514,13651.857,13651.857,14796.486
383,0.00280414,9858.014,9858.014,11339.018
384,0.002805725,5866.9707,8623.98,5866.9707
385,0.002807224,2710.5742,2710.5742,-3184.537
386,0.002808684,-242.35748,-242.35748,-1284.662
387,0.00281015,-3854.3027,1051.6344,-3854.3027
388,0.002811617,-8369.853,-8369.853,-5943.6855
389,0.002813077,-11981.722,-11981.722,-11970.739
390,0.002814537,-12437.295,-11735.191,-12437.295
391,0.002816067,-8182.428,-8182.428,-8187.5684
392,0.002817671,-1878.9789,-1878.9789,-1437.2167
393,0.002819259,1565.8379,-2752.061,1565.8379
394,0.002820833,-926.34283,-926.34283,2973.2363
395,0.0028224,-6576.4033,-6576.4033,-4686.1074
396,0.002823966,-11281.561,-4724.3384,-11281.561
397,0.002825563,-12054.397,-12054.397,-8062.756
398,0.00282718,-10343.381,-10343.381,-7907.8887
399,0.002828792,-8992.857,-6720.0435,-8992.857
400,0.002830388,-9943.814,-9943.814,-10806.537
401,0.002831996,-11622.067,-11622.067,-11933.693
402,0.002833605,-11542.92,-10385.002,-11542.92
403,0.00283522,-8007.422,-8007.422,-6700.67
404,0.002836836,-2586.0813,-2586.0813,-557.6855
405,0.002838459,2334.3848,-3160.1787,2334.3848
406,0.002840021,4723.2437,4723.2437,3247.127
407,0.002841534,4732.805,4732.805,2137.3535
408,0.00284302,2822.9707,-693.60675,2822.9707
409,0.002844513,-508.68613,-508.68613,-1127.7793
410,0.002846025,-3913.501,-3913.501,-3009.8184
411,0.002847558,-5700.2715,-6191.189,-5700.2715
412,0.002849096,-4555.2305,-4555.2305,-4141.224
413,0.002850607,-1200.7677,-1200.7677,-873.4589
414,0.002852099,3217.2598,897.55475,3217.2598
415,0.002853597,7786.1777,7786.1777,7694.385
416,0.002855112,11880.101,11880.101,12872.619
417,0.002856661,14906.307,13737.077,14906.307
418,0.002858246,16279.597,16279.597,21741.236
419,0.002859856,15935.174,15935.174,17790.713
420,0.002861476,14011.813,19178.08,14011.813
421,0.002863078,10959.779,10959.779,12065.588
422,0.002864665,8050.682,8050.682,7891.6973
423,0.002866223,6698.1973,4627.7417,6698.1973
424,0.0028678,7663.3027,7663.3027,4914.463
425,0.002869377,9479.987,9479.987,7601.1973
426,0.002870894,10097.705,8702.359,10097.705
427,0.002872416,8348.237,8348.237,7117.33
428,0.002873981,5418.6484,5418.6484,3452.4941
429,0.002875541,3389.0098,2094.807,3389.0098
430,0.002877095,3665.5593,3665.5593,-2719.7324
431,0.002878669,5196.055,5196.055,1165.541
432,0.002880227,6246.502,1675.1564,6246.502
433,0.002881785,5545.9526,5545.9526,6948.7827
434,0.002883377,3385.889,3385.889,6520.1426
435,0.002884971,562.1661,902.18616,562.1661
436,0.002886534,-2134.7537,-2134.7537,-2773.0605
437,0.002888145,-4377.045,-4377.045,-4806.615
438,0.002889778,-5683.467,-7948.355,-5683.467
439,0.00289143,-5707.2197,-5707.2197,-7412.576
440,0.002893043,-4627.1855,-4627.1855,-5828.7793
441,0.002894691,-2674.0684,-7489.906,-2674.0684
442,0.00289633,-242.5144,-242.5144,953.8848
443,0.002897936,1929.8877,1929.8877,2552.7441
444,0.002899508,3130.041,1929.4304,3130.041
445,0.002901048,3037.3926,3037.3926,1498.8223
446,0.002902609,2529.3816,2529.3816,2281.9941
447,0.002904178,2799.0645,2045.9408,2799.0645
448,0.002905734,4615.967,4615.967,6026.4395
449,0.002907245,7013.351,7013.351,8831.877
450,0.002908708,8785.275,9458.943,8785.275
451,0.002910144,9186.129,9186.129,5595.135
452,0.002911607,8467.709,8467.709,8321.588
453,0.002913111,7078.502,7672.017,7078.502
454,0.002914674,5333.151,5333.151,3107.5642
455,0.002916206,2988.061,2988.061,17.009811
456,0.002917712,-425.09174,-2903.6538,-425.09174
457,0.002919254,-5198.537,-5198.537,-6511.0527
458,0.002920825,-10030.911,-10030.911,-8806.139
459,0.002922353,-13022.99,-6558.0137,-13022.99
460,0.002923894,-13049.582,-13049.582,-6730.5996
461,0.00292544,-10339.71,-10339.71,-1427.6307
462,0.002926979,-5587.115,-2414.9185,-5587.115
463,0.002928568,605.3425,605.3425,847.4082
464,0.002930156,6579.5225,6579.5225,6360.9863
465,0.002931763,10681.463,5859.3867,10681.463
466,0.002933397,11669.9375,11669.9375,12028.283
467,0.002935071,10678.478,10678.478,9521.197
468,0.002936762,9655.143,10418.767,9655.143
469,0.002938434,10123.385,10123.385,10195.432
470,0.002940122,11454.117,11454.117,15260.338
471,0.002941792,12458.354,7464.267,12458.354
472,0.00294341,12257.586,12257.586,8116.2983
473,0.002945028,10907.022,10907.022,8488.979
474,0.002946633,8653.064,5255.9463,8653.064
475,0.002948269,5721.8545,5721.8545,5088.9004
476,0.002949917,2737.5112,2737.5112,696.4239
477,0.002951537,449.1426,-4301.348,449.1426
478,0.002953103,-640.13116,-640.13116,-207.19331
479,0.00295469,-579.734,-579.734,-537.4433
480,0.002956302,595.4863,1686.0646,595.4863
481,0.002957852,2615.1672,2615.1672,3184.1035
482,0.002959365,4932.3647,4932.3647,4880.1265
483,0.002960876,7023.0327,4941.332,7023.0327
484,0.002962365,8440.353,8440.353,6968.299
485,0.002963862,9285.713,9285.713,8787.971
486,0.002965391,9743.932,9756.477,9743.932
487,0.002966945,9978.921,9978.921,7498.127
488,0.002968497,10111.926,10111.926,4880.3926
489,0.002970093,10264.58,5897.385,10264.58
490,0.002971685,10464.136,10464.136,3438.9004
491,0.002973245,10379.097,10379.097,6903.2285
492,0.00297479,9618.86,5988.348,9618.86
493,0.002976324,8028.4434,8028.4434,7751.5723
494,0.002977864,6318.7476,6318.7476,5993.9395
495,0.002979412,5445.205,5296.61,5445.205
496,0.002980917,6070.565,6070.565,4503.3613
497,0.002982446,7806.0127,7806.0127,9038.893
498,0.002983996,10017.963,6209.948,10017.963
499,0.002985584,12065.959,12065.959,10060.564
500,0.00298715,13299.094,13299.094,6935.463
501,0.002988734,13201.533,8586.13,13201.533
502,0.002990303,11520.429,11520.429,11564.057
503,0.002991795,9296.051,9296.051,10413.994
504,0.002993237,7565.244,7197.939,7565.244
505,0.002994666,7001.5513,7001.5513,5245.158
506,0.002996126,7559.9497,7559.9497,6972.689
507,0.002997678,9124.518,5811.948,9124.518
508,0.002999257,11278.842,11278.842,10616.564
509,0.003000879,12946.449,12946.449,11535.049
510,0.003002501,12734.885,10694.556,12734.885
511,0.003004131,9886.552,9886.552,11614.079
512,0.003005777,6042.9717,6042.9717,7664.3296
513,0.003007461,3554.463,4312.1816,3554.463
514,0.003009126,4308.096,4308.096,2940.8457
515,0.003010763,7267.9414,7267.9414,3042.4707
516,0.003012351,10786.479,7871.452,10786.479
517,0.003013944,13649.499,13649.499,8858.954
518,0.00301554,14994.594,14994.594,10719.275
519,0.003017094,14130.064,11630.139,14130.064
520,0.003018628,10926.399,10926.399,10198.143
521,0.003020153,6905.7065,6905.7065,7201.5957
522,0.003021699,3924.3223,5152.759,3924.3223
523,0.003023295,3503.8984,3503.8984,4434.6895
524,0.003024916,5066.6855,5066.6855,5368.7285
525,0.003026528,7250.908,6644.418,7250.908
526,0.00302813,8953.996,8953.996,9190.041
527,0.003029723,10120.325,10120.325,9326.65
528,0.00303131,10945.868,6960.544,10945.868
529,0.003032849,11501.031,11501.031,9214.096
530,0.003034433,11469.947,11469.947,8116.189
531,0.003036049,10325.119,4171.6333,10325.119
532,0.003037707,7786.6177,7786.6177,8811.197
533,0.003039374,4937.2085,4937.2085,6184.33
534,0.003041019,3227.861,6601.8135,3227.861
535,0.003042618,3551.5852,3551.5852,3080.7363
536,0.003044205,5205.9985,5205.9985,6913.3535
537,0.003045821,7247.7593,-582.61017,7247.7593
538,0.003047419,8734.537,8734.537,8679.416
539,0.003049009,9261.708,9261.708,9810.564
540,0.003050598,8529.689,8250.916,8529.689
541,0.003052195,6401.1025,6401.1025,6357.3457
542,0.00305384,3407.8333,3407.8333,4300.9316
543,0.003055476,492.5176,2286.2102,492.5176
544,0.003057088,-1643.453,-1643.453,253.72856
545,0.003058674,-3055.4563,-3055.4563,-367.96674
546,0.003060284,-3986.9744,-4003.9915,-3986.9744
547,0.003061937,-4614.7124,-4614.7124,-6548.42
548,0.003063538,-5053.4336,-5053.4336,-6594.5835
549,0.003065075,-5443.365,-3105.5994,-5443.365
550,0.003066602,-5898.61,-5898.61,-6698.1147
551,0.003068142,-6440.8877,-6440.8877,-7484.381
552,0.003069659,-7050.7163,-4320.747,-7050.7163
553,0.003071151,-7720.298,-7720.298,-6228.217
554,0.003072656,-8471.966,-8471.966,-8384.951
555,0.003074144,-9298.818,-7686.5864,-9298.818
556,0.003075609,-10134.376,-10134.376,-10464.396
557,0.003077073,-10659.094,-10659.094,-11242.592
558,0.003078555,-10466.638,-8734.689,-10466.638
559,0.003080068,-9230.405,-9230.405,-7697.6304
560,0.003081619,-7142.8467,-7142.8467,-6992.818
561,0.003083162,-4659.5054,-7028.0684,-4659.5054
562,0.003084672,-2157.9346,-2157.9346,-1105.6385
563,0.003086213,482.96973,482.96973,955.752
564,0.003087768,3342.83,1757.9261,3342.83
565,0.003089301,6224.396,6224.396,3794.5173
566,0.003090811,8088.401,8088.401,4038.5017
567,0.003092336,7721.0566,10360.962,7721.0566
568,0.00309392,4265.4937,4265.4937,3261.3613
569,0.003095545,-435.2193,-435.2193,5194.8145
570,0.003097157,-3430.8025,-221.81337,-3430.8025
571,0.003098753,-2800.4822,-2800.4822,-2069.67
572,0.003100341,45.952274,45.952274,-1216.6229
573,0.00310196,3009.6895,1361.8046,3009.6895
574,0.003103614,4346.244,4346.244,4264.791
575,0.003105253,4491.4536,4491.4536,4683.8613
576,0.003106832,4515.494,2458.342,4515.494
577,0.003108402,5163.5796,5163.5796,6519.197
578,0.003109979,6304.0986,6304.0986,6166.0254
579,0.003111571,7592.08,4047.516,7592.08
580,0.003113172,8697.717,8697.717,3487.205
581,0.003114737,9430.993,9430.993,5117.158
582,0.003116256,9697.604,5689.105,9697.604
583,0.003117803,9472.333,9472.333,11223.791
584,0.003119366,8975.0625,8975.0625,8978.158
585,0.003120941,8517.924,4866.483,8517.924
586,0.003122516,8372.425,8372.425,7322.744
587,0.003123998,8568.848,8568.848,11250.338
588,0.003125471,9084.025,3748.9475,9084.025
589,0.003126987,9880.31,9880.31,7325.1265
590,0.00312857,10638.312,10638.312,6814.4707
591,0.003130202,10865.627,10182.87,10865.627
592,0.00313186,10209.239,10209.239,12959.259
593,0.003133478,9151.953,9151.953,10942.229
594,0.003135056,8318.955,7470.582,8318.955
595,0.003136622,8042.8003,8042.8003,4727.619
596,0.003138147,7824.5083,7824.5083,6367.752
597,0.003139657,7003.26,5145.1084,7003.26
598,0.003141146,5219.3066,5219.3066,5919.838
599,0.003142638,3059.9814,3059.9814,4304.1973
600,0.003144163,1347.1427,4479.035,1347.1427
601,0.003145688,752.20917,752.20917,2142.1895
602,0.003147233,792.08563,792.08563,556.6895
603,0.00314876,695.13477,-2284.7354,695.13477
604,0.003150308,-97.03754,-97.03754,1831.2676
605,0.003151836,-1209.892,-1209.892,380.6348
606,0.00315334,-2069.4746,-2266.2617,-2069.4746
607,0.003154839,-2279.2542,-2279.2542,627.0879
608,0.003156344,-1950.0201,-1950.0201,168.17386
609,0.003157921,-1287.9042,-2038.664,-1287.9042
610,0.003159498,-557.7951,-557.7951,-2979.1465
611,0.003161047,40.524136,40.524136,-3813.2168
612,0.003162617,357.08792,-1633.7263,357.08792
613,0.003164164,283.25818,283.25818,-5510.8105
614,0.003165729,-12.919257,-12.919257,-7518.107
615,0.00316732,-297.45114,-1678.7703,-297.45114
616,0.003168893,-460.9726,-460.9726,-294.35736
617,0.003170484,-989.07697,-989.07697,-2088.4978
618,0.003172105,-2557.5447,-352.66895,-2557.5447
619,0.003173735,-5526.5425,-5526.5425,-6033.4663
620,0.003175382,-8948.646,-8948.646,-7981.9585
621,0.003177015,-11437.88,-12556.855,-11437.88
622,0.003178666,-12066.8,-12066.8,-10114.209
623,0.003180317,-11301.255,-11301.255,-10999.278
624,0.003181898,-10067.365,-11461.742,-10067.365
625,0.00318346,-8978.173,-8978.173,-9191.053
626,0.003185084,-7973.6553,-7973.6553,-7521.2866
627,0.003186702,-6928.49,-11784.591,-6928.49
628,0.003188304,-5591.33,-5591.33,-3569.568
629,0.003189963,-3246.3594,-3246.3594,-4971.592
630,0.003191591,733.416,-3397.1086,733.416
631,0.003193218,6560.2617,6560.2617,7807.01
632,0.003194861,12319.637,12319.637,10232.064
633,0.003196479,15373.354,11181.384,15373.354
634,0.003198008,14332.467,14332.467,14932.063
635,0.003199445,11077.312,11077.312,8678.205
636,0.003200868,7404.6113,8817.119,7404.6113
637,0.003202338,4520.1045,4520.1045,5141.041
638,0.003203894,2278.0908,2278.0908,3106.5488
639,0.003205484,176.65044,1533.4991,176.65044
640,0.003207074,-2180.732,-2180.732,-642.3886
641,0.003208699,-4284.1704,-4284.1704,-3875.6152
642,0.003210215,-5224.4746,-4179.5283,-5224.4746
643,0.003211703,-4777.687,-4777.687,-6249.623
644,0.003213245,-3642.656,-3642.656,-3711.9824
645,0.003214834,-2899.0996,-1040.9186,-2899.0996
646,0.003216436,-3410.521,-3410.521,-1484.6151
647,0.003218029,-4512.2407,-4512.2407,-5319.513
648,0.003219585,-5171.451,-5339.161,-5171.451
649,0.003221138,-4756.5933,-4756.5933,338.6348
650,0.003222701,-3817.7183,-3817.7183,-3904.7634
651,0.003224295,-3223.7478,-5543.1724,-3223.7478
652,0.003225921,-3745.0583,-3745.0583,-3300.5293
653,0.00322746,-5250.7666,-5250.7666,-4547.5684
654,0.003228981,-7500.084,-6813.4155,-7500.084
655,0.003230513,-10216.634,-10216.634,-8369.607
656,0.003232084,-12677.057,-12677.057,-6520.4277
657,0.003233678,-13880.81,-11425.077,-13880.81
658,0.003235305,-13125.428,-13125.428,-11423.826
659,0.003236903,-11224.054,-11224.054,-9770.638
660,0.003238479,-9328.482,-8763.316,-9328.482
661,0.003240015,-8172.1367,-8172.1367,-4964.5137
662,0.003241515,-7108.4243,-7108.4243,-4789.6226
663,0.003243017,-5212.638,-2963.59,-5212.638
664,0.003244567,-1870.5038,-1870.5038,-1956.7167
665,0.003246134,1747.6372,1747.6372,-661.59174
666,0.003247756,4000.6738,3438.8901,4000.6738
667,0.003249453,3395.8477,3395.8477,2324.0723
668,0.003251112,870.54364,870.54364,-1091.7401
669,0.003252716,-1931.6698,2197.6897,-1931.6698
670,0.003254264,-3881.5984,-3881.5984,-1769.6698
671,0.003255784,-4953.5693,-4953.5693,-4413.443
672,0.003257275,-5298.6465,-8658.058,-5298.6465
673,0.003258753,-5115.269,-5115.269,-5138.068
674,0.003260239,-4828.5327,-4828.5327,-8843.326
675,0.003261715,-4927.4507,-7286.7896,-4927.4507
676,0.003263202,-5678.818,-5678.818,-7729.8647
677,0.003264707,-6457.607,-6457.607,-10030.428
678,0.003266235,-6356.756,-6300.344,-6356.756
679,0.003267781,-4688.615,-4688.615,-129.74799
680,0.003269315,-1976.475,-1976.475,2284.0723
681,0.00327079,894.86914,-1869.1294,894.86914
682,0.003272263,3392.2937,3392.2937,2927.2285
683,0.003273772,5232.8506,5232.8506,3855.447
684,0.003275373,6098.5566,1126.8013,6098.5566
685,0.003276963,5730.9136,5730.9136,3550.2832
686,0.003278504,4792.5317,4792.5317,4544.283
687,0.003280034,4027.4783,3397.2952,4027.4783
688,0.003281563,3947.7058,3947.7058,4058.9473
689,0.003283072,4258.0015,4258.0015,2448.1504
690,0.003284557,4479.6426,6899.1396,4479.6426
691,0.003286056,4330.63,4330.63,6753.705
692,0.003287586,4207.2217,4207.2217,6446.15
693,0.003289128,4722.83,860.0345,4722.83
694,0.003290685,6214.4004,6214.4004,6453.5957
695,0.003292278,7792.2686,7792.2686,4291.095
696,0.003293855,8126.205,7744.252,8126.205
697,0.003295412,6476.789,6476.789,6643.845
698,0.00329694,4020.6816,4020.6816,3986.2441
699,0.00329844,2261.0957,2857.257,2261.0957
700,0.003299915,2087.6409,2087.6409,2877.088
701,0.003301427,2534.8298,2534.8298,3198.1426
702,0.003302947,2122.4785,-891.7922,2122.4785
703,0.00330444,-134.00415,-134.00415,593.3535
704,0.003305956,-3424.8696,-3424.8696,-1473.9901
705,0.003307455,-6327.232,-7111.669,-6327.232
706,0.003308967,-7926.3984,-7926.3984,-9179.451
707,0.003310465,-8737.468,-8737.468,-8299.92
708,0.00331197,-9696.092,-9515.772,-9696.092
709,0.003313514,-11321.446,-11321.446,-8682.92
710,0.003315094,-12228.149,-12228.149,-10079.381
711,0.003316667,-10433.951,-8422.595,-10433.951
712,0.003318254,-4746.404,-4746.404,-2013.6698
713,0.003319849,2735.4956,2735.4956,4294.6816
714,0.003321457,9024.455,4376.52,9024.455
715,0.003323102,11877.694,11877.694,13888.096
716,0.003324762,12454.093,12454.093,11337.338
717,0.003326409,13015.541,11164.948,13015.541
718,0.003328064,15153.72,15153.72,15171.408
719,0.003329726,17653.66,17653.66,22612.611
720,0.003331365,18566.299,15470.594,18566.299
721,0.003332973,16692.193,16692.193,16972.188
722,0.003334568,13055.304,13055.304,12257.33
723,0.003336182,9070.307,9395.695,9070.307
724,0.003337823,5921.5635,5921.5635,5348.549
725,0.003339451,3595.8633,3595.8633,2448.5488
726,0.003341022,1705.3691,3195.6985,1705.3691
727,0.00334259,-40.79761,-40.79761,-1656.3262
728,0.003344203,-1141.3345,-1141.3345,-434.6386
729,0.003345812,-785.1933,-5758.8843,-785.1933
730,0.003347422,1428.38,1428.38,2731.338
731,0.003349033,4490.7163,4490.7163,7665.478
732,0.003350647,7037.3613,3290.1848,7037.3613
733,0.003352271,7929.9424,7929.9424,2851.166
734,0.003353895,6981.164,6981.164,6866.127
735,0.003355534,4235.908,4550.251,4235.908
736,0.003357166,78.00359,78.00359,782.2676
737,0.003358813,-4049.0652,-4049.0652,-312.20892
738,0.003360412,-6276.849,-6668.1035,-6276.849
739,0.003361999,-5654.6807,-5654.6807,-3112.7402
740,0.003363597,-3331.6414,-3331.6414,702.44727
741,0.003365179,-1049.2714,-3883.408,-1049.2714
742,0.003366688,-128.02917,-128.02917,-2222.5525
743,0.003368229,-393.2716,-393.2716,-954.1386
744,0.003369829,-1531.2012,-4085.4094,-1531.2012
745,0.003371393,-3084.0083,-3084.0083,-2550.3809
746,0.003372869,-4643.1235,-4643.1235,-4494.8887
747,0.003374327,-6004.568,-5682.8887,-6004.568
748,0.003375832,-6931.9165,-6931.9165,-6748.849
749,0.003377419,-6984.2188,-6984.2188,-6275.7944
750,0.003379041,-5598.5054,-7358.359,-5598.5054
751,0.003380657,-2547.1536,-2547.1536,-6549.1694
752,0.003382253,1360.1709,1360.1709,278.252
753,0.003383802,5078.3687,2121.672,5078.3687
754,0.003385345,7999.323,7999.323,13417.268
755,0.003386908,10185.226,10185.226,13948.627
756,0.003388477,11808.985,5742.4087,11808.985
757,0.003390018,13020.751,13020.751,13979.729
758,0.003391552,13887.571,13887.571,14369.892
759,0.003393092,14420.868,9784.412,14420.868
760,0.003394663,14486.314,14486.314,12452.861
761,0.003396256,13373.251,13373.251,13702.275
762,0.003397818,10323.845,6100.9897,10323.845
763,0.00339934,5277.5073,5277.5073,5555.58
764,0.003400858,206.53706,206.53706,4105.51
765,0.003402395,-2365.5215,-4503.7065,-2365.5215
766,0.003403945,-498.07782,-498.07782,-4545.498
767,0.003405512,4530.314,4530.314,2144.2207
768,0.003407095,10513.854,4525.2344,10513.854
769,0.003408718,15499.994,15499.994,14666.228
770,0.003410377,18602.738,18602.738,20925.234
771,0.003412048,19226.502,12703.518,19226.502
772,0.003413708,17251.654,17251.654,20896.666
773,0.003415302,14138.586,14138.586,18424.229
774,0.003416855,11389.018,10885.708,11389.018
775,0.003418382,9922.993,9922.993,7893.814
776,0.003419931,9111.321,9111.321,8768.189
777,0.003421508,7975.7827,7314.444,7975.7827
778,0.003423108,5750.8296,5750.8296,2536.0723
779,0.003424729,2838.0059,2838.0059,3122.8066
780,0.003426331,47.923874,-151.94101,47.923874
781,0.003427949,-2090.2876,-2090.2876,-1164.5135
782,0.003429568,-3588.167,-3588.167,-627.84174
783,0.003431133,-4613.74,-3863.1128,-4613.74
784,0.003432701,-5415.947,-5415.947,-5133.474
785,0.003434285,-6222.259,-6222.259,-6008.6465
786,0.003435864,-7255.615,-6941.924,-7255.615
787,0.003437417,-8491.536,-8491.536,-7828.2793
788,0.003438999,-9007.935,-9007.935,-10215.037
789,0.003440615,-7491.045,-8354.819,-7491.045
790,0.003442214,-3264.8433,-3264.8433,-2243.8887
791,0.003443785,1931.5823,1931.5823,766.93164
792,0.003445318,5958.6895,1601.0463,5958.6895
793,0.003446864,7486.1284,7486.1284,7181.924
794,0.003448429,7084.5786,7084.5786,7526.0176
795,0.003450041,5880.361,5097.3696,5880.361
796,0.003451688,4892.0425,4892.0425,9594.908
797,0.003453329,4157.204,4157.204,8789.807
798,0.003454971,3410.783,5076.1504,3410.783
799,0.003456579,2536.1628,2536.1628,4108.299
800,0.003458156,1872.0447,1872.0447,394.5176
801,0.003459724,1836.7988,4195.251,1836.7988
802,0.003461296,2673.4045,2673.4045,3727.9941
803,0.003462833,3860.158,3860.158,6149.549
804,0.003464361,4765.5957,689.2269,4765.5957
805,0.003465874,4909.1157,4909.1157,9891.166
806,0.003467409,4347.3545,4347.3545,6497.705
807,0.003468967,3252.33,1580.5594,3252.33
808,0.00347051,1834.9675,1834.9675,1599.2754
809,0.003472084,178.56831,178.56831,11.173875
810,0.003473667,-1584.3027,-427.528,-1584.3027
811,0.003475239,-3390.6091,-3390.6091,-5106.24
812,0.00347684,-5563.951,-5563.951,-7560.1074
813,0.003478433,-8418.364,-8288.11,-8418.364
814,0.003480008,-11851.913,-11851.913,-6260.451
815,0.00348155,-14125.573,-14125.573,-5729.209
816,0.003483051,-13358.553,-9665.33,-13358.553
817,0.003484582,-8463.222,-8463.222,-6286.3726
818,0.003486114,-1802.7477,-1802.7477,1478.1816
819,0.003487624,3303.0566,-2608.1443,3303.0566
820,0.003489153,4607.029,4607.029,-5033.9043
821,0.003490746,2813.74,2813.74,-2266.1384
822,0.003492389,-369.09955,1183.44,-369.09955
823,0.003494046,-3146.7095,-3146.7095,-7834.318
824,0.00349568,-5015.5464,-5015.5464,-6660.849
825,0.003497283,-5904.271,-7597.865,-5904.271
826,0.003498869,-5899.4077,-5899.4077,-4402.248
827,0.003500454,-5603.848,-5603.848,-3353.318
828,0.003502068,-5753.2554,-3744.0513,-5753.2554
829,0.003503634,-6858.8755,-6858.8755,-6153.748
830,0.003505176,-8617.537,-8617.537,-11293.099
831,0.003506741,-10628.3955,-9371.511,-10628.3955
832,0.003508366,-12523.509,-12523.509,-9853.99
833,0.003509965,-13974.731,-13974.731,-11006.779
834,0.003511573,-14848.842,-11212.407,-14848.842
835,0.003513211,-15007.461,-15007.461,-17125.28
836,0.003514824,-14504.15,-14504.15,-17076.021
837,0.003516432,-13458.497,-9590.248,-13458.497
838,0.003518036,-12054.455,-12054.455,-11679.889
839,0.003519602,-10790.161,-10790.161,-10407.13
840,0.003521178,-10145.0205,-9623.276,-10145.0205
841,0.003522797,-10346.803,-10346.803,-10291.49
842,0.003524452,-10290.614,-10290.614,-7824.162
843,0.003526075,-8488.537,-3844.4258,-8488.537
844,0.003527672,-4126.587,-4126.587,-2511.9746
845,0.003529269,1539.1713,1539.1713,2730.1501
846,0.003530877,6738.2827,6082.482,6738.2827
847,0.003532437,9926.017,9926.017,5513.33
848,0.003533947,11386.725,11386.725,9225.993
849,0.003535451,11710.189,11817.916,11710.189
850,0.003536948,11377.513,11377.513,10593.143
851,0.003538465,10930.319,10930.319,12644.229
852,0.003540022,10966.454,7819.833,10966.454
853,0.003541574,11883.762,11883.762,10474.143
854,0.003543132,13108.337,13108.337,12772.971
855,0.003544723,13814.267,6253.196,13814.267
856,0.003546308,13319.644,13319.644,11617.064
857,0.00354785,11897.078,11897.078,8224.729
858,0.003549374,9976.791,4420.5254,9976.791
859,0.003550901,7891.33,7891.33,10683.135
860,0.003552492,5750.0513,5750.0513,8923.221
861,0.003554143,3740.1738,706.4798,3740.1738
862,0.003555697,2158.2424,2158.2424,2075.4238
863,0.003557185,822.17566,822.17566,-1530.5057
864,0.003558703,-515.97455,-518.9724,-515.97455
865,0.003560276,-1995.5441,-1995.5441,-1052.6934
866,0.003561871,-3530.0896,-3530.0896,-4420.435
867,0.003563429,-4956.9507,-4736.672,-4956.9507
868,0.003564987,-6139.68,-6139.68,-4327.99
869,0.003566549,-6629.9463,-6629.9463,-3804.8494
870,0.003568118,-5896.1934,-5045.2554,-5896.1934
871,0.003569669,-3760.8386,-3760.8386,-3659.8418
872,0.003571161,-1368.9763,-1368.9763,-860.65424
873,0.003572628,102.40825,839.18353,102.40825
874,0.003574127,-125.25364,-125.25364,891.3223
875,0.003575709,-1475.03,-1475.03,-2311.9353
876,0.003577361,-2735.709,-458.88458,-2735.709
877,0.003579019,-2786.3645,-2786.3645,-1174.4042
878,0.003580707,-2068.1138,-2068.1138,-1737.334
879,0.00358242,-1459.8887,-3117.6458,-1459.8887
880,0.003584048,-1659.6647,-1659.6647,-2216.4355
881,0.003585628,-2479.7825,-2479.7825,-3509.568
882,0.0035872,-3634.2637,-4997.801,-3634.2637
883,0.003588765,-4788.7803,-4788.7803,-3350.2246
884,0.00359033,-5368.948,-5368.948,-4296.037
885,0.003591922,-4707.7163,-5146.7876,-4707.7163
886,0.003593539,-2417.3088,-2417.3088,-731.52924
887,0.003595137,359.54282,359.54282,1445.8613
888,0.00359668,2181.4004,-3307.713,2181.4004
889,0.003598168,2226.2612,2226.2612,5546.666
890,0.003599648,959.9096,959.9096,3198.369
891,0.003601199,-1046.4354,-1458.9066,-1046.4354
892,0.003602839,-3061.6084,-3061.6084,-2908.1309
893,0.00360451,-3933.3936,-3933.3936,-2094.904
894,0.003606202,-2439.959,-3621.651,-2439.959
895,0.003607768,1575.4791,1575.4791,6483.8223
896,0.003609257,6225.579,6225.579,12220.229
897,0.003610751,9772.501,8014.9946,9772.501
898,0.003612256,10834.199,10834.199,5334.1035
899,0.003613777,10186.779,10186.779,8386.079
900,0.003615348,9202.26,14469.27,9202.26
901,0.003616926,9025.554,9025.554,7484.424
902,0.003618525,9126.7295,9126.7295,7525.3223
903,0.003620136,8508.783,8893.2295,8508.783
904,0.003621743,6558.4717,6558.4717,3181.7207
905,0.003623369,4226.974,4226.974,4059.4238
906,0.003624991,2952.1895,2168.9812,2952.1895
907,0.003626643,3719.5764,3719.5764,3440.205
908,0.003628303,5697.788,5697.788,4045.877
909,0.003629938,7495.51,4717.7764,7495.51
910,0.003631509,8094.372,8094.372,4084.0017
911,0.003633088,7600.88,7600.88,3884.994
912,0.003634674,6273.736,6664.79,6273.736
913,0.003636285,4403.039,4403.039,3648.2363
914,0.003637943,2478.6003,2478.6003,3906.908
915,0.003639538,1202.2754,4227.355,1202.2754
916,0.003641052,893.60297,893.60297,1482.541
917,0.003642536,1283.5638,1283.5638,2152.6426
918,0.003644007,2064.8613,1173.9008,2064.8613
919,0.003645488,2985.3235,2985.3235,4581.3535
920,0.003646992,3860.9624,3860.9624,3389.0254
921,0.00364855,4512.244,2108.751,4512.244
922,0.003650136,4760.8525,4760.8525,5483.9863
923,0.003651744,4672.91,4672.91,5584.4707
924,0.003653338,4393.8457,4983.043,4393.8457
925,0.003654929,4097.435,4097.435,4726.7676
926,0.003656536,4067.421,4067.421,4362.2754
927,0.003658143,4626.1113,3135.5444,4626.1113
928,0.003659749,5903.9023,5903.9023,6235.83
929,0.003661351,7279.5747,7279.5747,6460.642
930,0.003662973,7956.3145,148.92133,7956.3145
931,0.00366461,7293.9526,7293.9526,8238.604
932,0.003666248,5557.2397,5557.2397,7278.994
933,0.003667824,3341.7754,1814.5752,3341.7754
934,0.003669373,1130.3057,1130.3057,3767.7285
935,0.003670944,-471.5481,-471.5481,2141.8848
936,0.003672523,-696.52924,112.89538,-696.52924
937,0.003674141,956.6558,956.6558,-3460.3494
938,0.003675809,3740.8962,3740.8962,-1138.8964
939,0.003677468,6317.2827,3713.8052,6317.2827
940,0.003679113,7668.286,7668.286,3038.4785
941,0.003680731,7840.321,7840.321,5705.9707
942,0.003682349,7124.0483,6570.208,7124.0483
943,0.003683959,5837.505,5837.505,4188.799
944,0.003685541,4517.1753,4517.1753,6500.5566
945,0.003687055,3703.83,1048.2467,3703.83
946,0.003688529,3582.9302,3582.9302,4944.0566
947,0.003690016,3507.486,3507.486,4660.994
948,0.00369156,2573.1348,1433.088,2573.1348
949,0.003693113,225.04393,225.04393,1414.2754
950,0.003694672,-2416.9292,-2416.9292,-1614.8807
951,0.003696209,-3780.1462,-4628.9365,-3780.1462
952,0.003697702,-2935.0479,-2935.0479,-1516.0449
953,0.003699176,-793.43494,-793.43494,-3530.459
954,0.003700669,1457.4785,-934.33386,1457.4785
955,0.003702213,2925.3916,2925.3916,3847.2988
956,0.003703836,4123.9873,4123.9873,4931.494
957,0.003705512,6099.752,5628.637,6099.752
958,0.003707177,9411.232,9411.232,9485.189
959,0.003708768,12423.607,12423.607,11514.158
960,0.003710333,13457.549,9208.833,13457.549
961,0.00371191,11432.744,11432.744,11168.345
962,0.003713514,7631.5503,7631.5503,8226.158
963,0.003715161,4090.3066,6507.1226,4090.3066
964,0.003716759,2575.139,2575.139,2763.9707
965,0.003718285,2248.4126,2248.4126,2925.1348
966,0.003719747,1911.916,716.0413,1911.916
967,0.003721179,830.1032,830.1032,-1409.5371
968,0.003722619,-782.9424,-782.9424,-3295.4353
969,0.003724091,-2493.3418,-4302.0825,-2493.3418
970,0.003725611,-3904.0923,-3904.0923,-1943.6698
971,0.003727186,-4951.5586,-4951.5586,-2474.7715
972,0.003728791,-5659.6465,-1048.3042,-5659.6465
973,0.003730396,-6158.537,-6158.537,-9110.763
974,0.003732016,-6920.034,-6920.034,-9724.201
975,0.003733651,-8513.162,-4044.494,-8513.162
976,0.003735291,-11228.495,-11228.495,-10006.404
977,0.003736909,-14171.189,-14171.189,-13168.982
978,0.003738534,-16281.153,-12923.181,-16281.153
979,0.003740191,-16854.227,-16854.227,-17092.363
980,0.003741833,-16871.182,-16871.182,-18839.662
981,0.003743478,-17786.824,-15547.479,-17786.824
982,0.003745057,-20328.697,-20328.697,-19541.592
983,0.003746646,-23174.379,-23174.379,-22656.941
984,0.003748306,-24391.322,-20406.135,-24391.322
985,0.003749974,-22262.805,-22262.805,-18289.303
986,0.003751593,-17823.729,-17823.729,-17355.99
987,0.003753158,-12622.115,-9806.616,-12622.115
988,0.003754711,-7620.5327,-7620.5327,-9558.373
989,0.003756276,-2969.8052,-2969.8052,-3874.8262
990,0.003757864,1324.5801,-2472.2517,1324.5801
991,0.003759446,5009.111,5009.111,4389.8535
992,0.003760989,7325.4663,7325.4663,3771.3848
993,0.003762514,7566.299,4930.917,7566.299
994,0.003764012,5508.833,5508.833,5627.0723
995,0.003765494,2742.275,2742.275,3085.002
996,0.003766978,1187.6348,309.72714,1187.6348
997,0.003768441,2147.6147,2147.6147,3714.0564
998,0.003769895,4492.406,4492.406,5968.338
999,0.003771386,6619.283,6204.285,6619.283
1000,0.003772931,7132.355,7132.355,4975.8457
1001,0.003774492,6335.675,6335.675,9135.314
1002,0.003776061,5118.9785,4550.538,5118.9785
1003,0.003777604,4422.28,4422.28,4395.9395
1004,0.003779149,5164.0044,5164.0044,8469.385
1005,0.003780734,8417.229,8477.34,8417.229
1006,0.003782324,14524.443,14524.443,15655.524
1007,0.003783908,20916.564,20916.564,18467.305
1008,0.003785455,24366.758,20461.857,24366.758
1009,0.003787001,22925.66,22925.66,22218.65
1010,0.003788572,17953.684,17953.684,16598.877
1011,0.003790095,12066.408,11823.106,12066.408
1012,0.003791593,7054.52,7054.52,4390.338
1013,0.00379309,3004.8823,3004.8823,4527.2363
1014,0.003794598,-318.95892,141.50444,-318.95892
1015,0.003796119,-3063.1113,-3063.1113,-2946.4043
1016,0.003797671,-5158.5347,-5158.5347,-5510.49
1017,0.003799279,-6432.4824,-9425.836,-6432.4824
1018,0.003800927,-6678.818,-6678.818,-9833.6
1019,0.003802548,-5942.0,-5942.0,-5723.576
1020,0.003804105,-4422.506,-7632.8027,-4422.506
1021,0.003805631,-2453.9487,-2453.9487,1941.0879
1022,0.003807142,-1098.8467,-1098.8467,409.03323
1023,0.003808666,-1593.9667,1117.2979,-1593.9667
1024,0.003810249,-4839.253,-4839.253,-6734.021
1025,0.003811891,-9399.9795,-9399.9795,-13757.201
1026,0.003813501,-12683.927,-8389.47,-12683.927
1027,0.0038151,-13057.187,-13057.187,-9469.161
1028,0.003816666,-11329.097,-11329.097,-8530.982
1029,0.003818171,-8891.459,-11411.273,-8891.459
1030,0.003819641,-6610.2104,-6610.2104,-8604.764
1031,0.003821133,-4198.601,-4198.601,-5051.0054
1032,0.003822701,-1055.0526,-5291.027,-1055.0526
1033,0.003824389,3291.0151,3291.0151,3722.877
1034,0.003826038,7504.406,7504.406,9643.149
1035,0.003827661,10360.854,7856.6577,10360.854
1036,0.003829274,11096.583,11096.583,11926.415
1037,0.003830897,10446.75,10446.75,14941.251
1038,0.003832493,9535.149,6355.8057,9535.149
1039,0.003834081,9142.226,9142.226,9262.236
1040,0.003835722,8892.154,8892.154,7864.1895
1041,0.003837375,8092.0015,6773.8965,8092.0015
1042,0.003839004,6237.628,6237.628,4941.002
1043,0.003840602,3559.9858,3559.9858,4166.392
1044,0.003842184,400.65826,1027.0511,400.65826
1045,0.003843774,-2875.5112,-2875.5112,-2344.0056
1046,0.003845387,-5546.6436,-5546.6436,-5468.4976
1047,0.003846998,-6710.435,-4291.139,-6710.435
1048,0.003848604,-5876.4253,-5876.4253,-5047.1465
1049,0.003850238,-3914.0461,-3914.0461,-2245.8809
1050,0.003851887,-2122.959,-958.961,-2122.959
1051,0.003853569,-1514.4344,-1514.4344,-3217.7322
1052,0.003855253,-1696.2018,-1696.2018,4306.791
1053,0.003856811,-1865.0135,-7344.5835,-1865.0135
1054,0.003858306,-1551.0892,-1551.0892,-1402.2479
1055,0.003859838,-857.5666,-857.5666,1841.791
1056,0.003861447,-12.052687,1659.1426,-12.052687
1057,0.003863112,631.66205,631.66205,3058.9082
1058,0.00386475,537.5026,537.5026,3632.4473
1059,0.003866289,-681.2089,-2894.1033,-681.2089
1060,0.003867786,-3155.8647,-3155.8647,-7329.724
1061,0.003869309,-6435.0073,-6435.0073,-7130.1387
1062,0.003870786,-9643.834,-8824.06,-9643.834
1063,0.003872214,-12156.887,-12156.887,-12937.303
1064,0.003873629,-13626.406,-13626.406,-13235.834
1065,0.003875095,-13643.427,-8057.4604,-13643.427
1066,0.00387657,-11946.082,-11946.082,-15187.489
1067,0.003878038,-9493.014,-9493.014,-12770.036
1068,0.003879519,-7485.068,-5333.322,-7485.068
1069,0.003881064,-6798.1743,-6798.1743,-11231.833
1070,0.003882644,-6758.9653,-6758.9653,-10190.92
1071,0.00388425,-6076.193,-492.57315,-6076.193
1072,0.003885866,-3751.726,-3751.726,-3016.9043
1073,0.003887524,-254.45366,-254.45366,-42.21675
1074,0.003889188,3360.8457,327.0401,3360.8457
1075,0.003890831,6147.346,6147.346,5497.5176
1076,0.003892453,7780.904,7780.904,2926.1426
1077,0.003894042,8090.9077,7952.1274,8090.9077
1078,0.003895619,6989.4834,6989.4834,11432.321
1079,0.003897179,4612.921,4612.921,4235.7285
1080,0.003898755,1067.0488,-4.839327,1067.0488
1081,0.003900299,-3136.066,-3136.066,-3762.5215
1082,0.003901881,-6793.781,-6793.781,-7838.5835
1083,0.00390343,-8129.2324,-9549.339,-8129.2324
1084,0.003904982,-6266.5215,-6266.5215,-7480.2944
1085,0.003906558,-2692.3083,-2692.3083,-3400.0837
1086,0.003908121,294.4239,1295.3392,294.4239
1087,0.003909678,1115.8702,1115.8702,-403.21674
1088,0.00391123,649.3828,649.3828,215.03325
1089,0.003912773,358.52542,1888.3141,358.52542
1090,0.003914341,1296.9675,1296.9675,876.8145
1091,0.003915937,2896.127,2896.127,2654.2832
1092,0.003917498,4053.5251,2220.0964,4053.5251
1093,0.003919044,4053.3044,4053.3044,4018.1816
1094,0.003920628,3168.072,3168.072,3189.697
1095,0.003922234,1946.3301,3151.05,1946.3301
1096,0.003923764,949.9575,949.9575,4325.0254
1097,0.003925255,261.65698,261.65698,-232.60736
1098,0.003926743,-105.95894,235.81404,-105.95894
1099,0.003928275,-184.80634,-184.80634,775.09576
1100,0.003929818,-299.3149,-299.3149,-281.73236
1101,0.003931378,-882.46674,4208.214,-882.46674
1102,0.003932941,-2156.9631,-2156.9631,285.43167
1103,0.003934493,-3459.745,-3459.745,34.07231
1104,0.003936008,-3946.193,-683.57666,-3946.193
1105,0.003937511,-3096.7349,-3096.7349,-2129.7168
1106,0.003939045,-1226.6373,-1226.6373,176.02544
1107,0.003940617,1103.8457,438.87857,1103.8457
1108,0.003942212,3278.402,3278.402,3158.713
1109,0.003943849,4875.019,4875.019,3384.1504
1110,0.003945508,5435.5254,5637.24,5435.5254
1111,0.003947173,4661.952,4661.952,4541.799
1112,0.003948837,2866.3882,2866.3882,5885.08
1113,0.003950431,613.4395,-1567.831,613.4395
1114,0.003951977,-1692.8422,-1692.8422,-2051.568
1115,0.003953475,-3742.5176,-3742.5176,-1515.2167
1116,0.003954929,-5295.334,-3812.761,-5295.334
1117,0.003956373,-6139.256,-6139.256,-9012.217
1118,0.003957824,-5925.082,-5925.082,-7436.318
1119,0.003959274,-4263.1543,-6807.2295,-4263.1543
1120,0.003960745,-1124.369,-1124.369,-409.67767
1121,0.003962287,1871.6726,1871.6726,1580.2285
1122,0.003963926,2026.8223,723.865,2026.8223
1123,0.003965589,-2700.1028,-2700.1028,-5564.974
1124,0.003967216,-8955.832,-8955.832,-7890.5757
1125,0.003968847,-12555.412,-8016.816,-12555.412
1126,0.003970518,-10471.091,-10471.091,-12367.435
1127,0.003972153,-5407.1904,-5407.1904,-6080.021
1128,0.003973734,-1387.2089,-5852.512,-1387.2089
1129,0.003975313,-801.88556,-801.88556,-6853.4355
1130,0.00397692,-2136.544,-2136.544,-7692.6387
1131,0.003978488,-2763.4824,-2227.6538,-2763.4824
1132,0.003980063,-969.37054,-969.37054,2103.8691
1133,0.003981672,1919.3728,1919.3728,5729.6187
1134,0.003983278,3574.8691,675.24536,3574.8691
1135,0.003984919,2376.356,2376.356,4418.635
1136,0.003986572,-336.63638,-336.63638,7342.5723
1137,0.003988207,-2315.6777,-1724.713,-2315.6777
1138,0.003989751,-2099.0774,-2099.0774,-1669.9276
1139,0.00399127,-630.9936,-630.9936,-1563.287
1140,0.003992794,853.6738,843.8094,853.6738
1141,0.003994349,1425.2219,1425.2219,1704.6348
1142,0.003995942,1366.1405,1366.1405,940.3457
1143,0.003997538,1345.6191,884.0806,1345.6191
1144,0.003999112,1822.875,1822.875,1066.7207
1145,0.004000693,2356.6467,2356.6467,1144.3926
1146,0.0040023,2263.7363,621.22833,2263.7363
1147,0.0040039,1013.8372,1013.8372,304.10355
1148,0.00400548,-1179.2499,-1179.2499,-1908.8651
1149,0.004007004,-3875.7246,-5418.595,-3875.7246
1150,0.004008544,-6820.277,-6820.277,-9692.678
1151,0.004010147,-9547.283,-9547.283,-10158.161
1152,0.004011721,-11269.709,-10370.536,-11269.709
1153,0.004013311,-11665.734,-11665.734,-8617.638
1154,0.004014882,-11319.591,-11319.591,-11646.2705
1155,0.004016431,-11062.459,-9993.399,-11062.459
1156,0.004017963,-11392.23,-11392.23,-11243.091
1157,0.004019486,-11705.995,-11705.995,-10221.678
1158,0.004021004,-11153.794,-9183.279,-11153.794
1159,0.004022498,-9144.429,-9144.429,-7469.357
1160,0.004023989,-5878.61,-5878.61,-5569.6772
1161,0.004025512,-1648.9042,-8502.334,-1648.9042
1162,0.004027084,3235.8867,3235.8867,2639.541
1163,0.004028647,8215.139,8215.139,6362.3687
1164,0.004030237,12999.767,7955.433,12999.767
1165,0.004031845,17135.318,17135.318,16989.266
1166,0.004033465,20175.87,20175.87,19029.283
1167,0.004035106,21683.229,17972.357,21683.229
1168,0.004036787,21397.469,21397.469,27004.393
1169,0.004038451,20098.188,20098.188,24691.408
1170,0.004040047,18875.658,17657.26,18875.658
1171,0.004041541,18402.627,18402.627,14061.244
1172,0.004042985,18437.145,18437.145,18842.33
1173,0.004044413,18653.4,12893.033,18653.4
1174,0.004045858,18676.03,18676.03,22528.314
1175,0.00404734,17728.594,17728.594,22417.385
1176,0.004048879,14765.189,14752.719,14765.189
1177,0.004050464,9031.278,9031.278,6592.588
1178,0.004052051,1778.9457,1778.9457,-607.2714
1179,0.004053597,-5146.006,-3214.1858,-5146.006
1180,0.004055151,-10618.338,-10618.338,-8521.333
1181,0.004056723,-14187.79,-14187.79,-10494.544
1182,0.0040583,-15557.81,-9835.836,-15557.81
1183,0.004059863,-14764.831,-14764.831,-15146.17
1184,0.004061401,-12921.353,-12921.353,-13483.631
1185,0.004062922,-11294.662,-5986.0796,-11294.662
1186,0.004064445,-10708.052,-10708.052,-11935.029
1187,0.004066002,-10512.382,-10512.382,-13524.067
1188,0.004067563,-9643.287,-6996.9497,-9643.287
1189,0.004069086,-7469.3325,-7469.3325,-6570.404
1190,0.004070591,-4837.634,-4837.634,-2056.8574
1191,0.004072122,-2861.74,-4840.4546,-2861.74
1192,0.004073675,-2448.4888,-2448.4888,-949.38855
1193,0.004075283,-3077.2556,-3077.2556,-1410.1698
1194,0.004076895,-3733.451,-3122.4517,-3733.451
1195,0.004078478,-3617.608,-3617.608,-2590.9902
1196,0.004080023,-2987.022,-2987.022,-3687.5215
1197,0.004081564,-2288.74,2078.3718,-2288.74
1198,0.004083137,-1876.9905,-1876.9905,-3692.3418
1199,0.004084744,-1834.0717,-1834.0717,-3659.6306
1200,0.004086369,-2161.99,1687.4526,-2161.99
1201,0.004088,-2800.0154,-2800.0154,-2375.3965
1202,0.004089651,-3491.1812,-3491.1812,-3958.5603
1203,0.004091301,-3904.4119,-1122.4987,-3904.4119
1204,0.004092939,-3781.8958,-3781.8958,-5003.7866
1205,0.004094529,-3145.4338,-3145.4338,-3138.623
1206,0.00409608,-2079.5684,-685.8951,-2079.5684
1207,0.004097609,-707.4568,-707.4568,-1339.5214
1208,0.004099136,613.18536,613.18536,1565.3926
1209,0.004100691,1460.3536,1803.3093,1460.3536
1210,0.004102312,1465.9005,1465.9005,-1804.0215
1211,0.004103914,805.74774,805.74774,-4186.1855
1212,0.004105475,-139.24017,222.15652,-139.24017
1213,0.004106993,-1049.8262,-1049.8262,1309.7598
1214,0.004108501,-1729.3077,-1729.3077,-100.380806
1215,0.004110029,-1986.787,-3063.545,-1986.787
1216,0.004111604,-1486.4901,-1486.4901,1185.1895
1217,0.004113219,568.0993,568.0993,3488.877
1218,0.004114809,4947.174,3749.4915,4947.174
1219,0.004116407,11849.398,11849.398,8013.7363
1220,0.004118041,18773.102,18773.102,14813.814
1221,0.004119673,22056.44,16690.27,22056.44
1222,0.004121272,19401.646,19401.646,13916.252
1223,0.004122863,12844.929,12844.929,6241.908
1224,0.004124434,5356.2827,13273.308,5356.2827
1225,0.00412599,-859.41174,-859.41174,-180.10736
1226,0.004127532,-5838.8457,-5838.8457,-4494.7793
1227,0.004129064,-10149.998,-5129.25,-10149.998
1228,0.00413064,-14243.866,-14243.866,-15012.255
1229,0.004132278,-17498.271,-17498.271,-18187.936
1230,0.004133912,-18827.936,-10429.771,-18827.936
1231,0.004135513,-17772.912,-17772.912,-16835.889
1232,0.004137075,-15468.969,-15468.969,-13960.708
1233,0.004138636,-13218.904,-9941.477,-13218.904
1234,0.004140211,-12027.935,-12027.935,-11200.146
1235,0.004141795,-11783.148,-11783.148,-11593.529
1236,0.004143395,-12061.794,-14016.24,-12061.794
1237,0.00414498,-12407.393,-12407.393,-10003.256
1238,0.00414657,-12329.768,-12329.768,-11456.044
1239,0.004148182,-11300.178,-11777.589,-11300.178
1240,0.004149794,-9038.935,-9038.935,-7771.967
1241,0.004151403,-6271.6772,-6271.6772,-4591.0684
1242,0.004153035,-3934.7244,-3592.94,-3934.7244
1243,0.004154689,-2783.8386,-2783.8386,-3932.8884
1244,0.004156344,-2443.9353,-2443.9353,-2207.0212
1245,0.004157966,-2219.0918,-2073.1577,-2219.0918
1246,0.004159521,-1673.857,-1673.857,-4147.185
1247,0.004161087,-1157.1991,-1157.1991,-1755.9589
1248,0.004162663,-1233.5448,1407.5151,-1233.5448
1249,0.004164239,-2146.666,-2146.666,-2107.8262
1250,0.004165798,-2818.584,-2818.584,-4346.9746
1251,0.004167338,-1920.6073,-460.548,-1920.6073
1252,0.004168855,1107.1295,1107.1295,658.7598
1253,0.004170367,4229.88,4229.88,5169.3457
1254,0.0041719,4776.455,2136.6248,4776.455
1255,0.004173483,830.9783,830.9783,486.04105
1256,0.004175046,-4760.5234,-4760.5234,-3428.0134
1257,0.004176582,-8115.4434,-4435.519,-8115.4434
1258,0.004178132,-6742.5073,-6742.5073,-9730.514
1259,0.004179705,-2565.7124,-2565.7124,-4368.943
1260,0.00418133,1158.9707,-1810.738,1158.9707
1261,0.004182958,1713.2037,1713.2037,-191.95113
1262,0.004184504,844.0275,844.0275,-1937.8887
1263,0.004186014,1023.8614,2502.5823,1023.8614
1264,0.004187552,3626.3132,3626.3132,4624.4707
1265,0.004189151,6293.2837,6293.2837,4986.556
1266,0.004190823,4959.916,8215.219,4959.916
1267,0.00419244,-2842.1958,-2842.1958,-4033.0056
1268,0.004193989,-12931.947,-12931.947,-14354.842
1269,0.004195515,-20830.902,-13506.166,-20830.902
1270,0.004197055,-23311.451,-23311.451,-25153.555
1271,0.004198616,-21006.826,-21006.826,-17845.889
1272,0.004200121,-15972.498,-17427.988,-15972.498
1273,0.004201624,-9803.367,-9803.367,-12759.889
1274,0.004203181,-3405.3936,-3405.3936,-4797.9277
1275,0.004204747,1921.9863,-1007.574,1921.9863
1276,0.004206327,5320.967,5320.967,2516.0955
1277,0.004207942,7105.026,7105.026,4969.978
1278,0.004209616,7880.533,9619.479,7880.533
1279,0.004211281,8120.8765,8120.8765,11306.994
1280,0.004212928,7614.7715,7614.7715,8319.908
1281,0.004214593,5929.556,5678.719,5929.556
1282,0.00421622,3038.0378,3038.0378,3986.1658
1283,0.004217762,164.46797,164.46797,862.70514
1284,0.0042193,-1612.4745,-1153.2211,-1612.4745
1285,0.004220827,-1571.3896,-1571.3896,-1676.826
1286,0.004222369,-801.2508,-801.2508,1090.4785
1287,0.004223919,-870.29486,1782.4943,-870.29486
1288,0.004225438,-2786.8188,-2786.8188,-2198.3652
1289,0.004226974,-5536.8066,-5536.8066,-6592.256
1290,0.00422856,-7552.9434,-2522.2527,-7552.9434
1291,0.004230227,-7461.8354,-7461.8354,-8467.107
1292,0.004231881,-6055.3896,-6055.3896,-8374.209
1293,0.004233523,-4821.4116,-2701.6404,-4821.4116
1294,0.004235156,-4782.236,-4782.236,-5053.865
1295,0.004236777,-5324.2046,-5324.2046,-4138.084
1296,0.004238319,-5476.631,-6907.311,-5476.631
1297,0.004239821,-4674.8394,-4674.8394,-4519.3726
1298,0.004241282,-3248.3572,-3248.3572,-4389.451
1299,0.004242726,-1651.4745,-4860.795,-1651.4745
1300,0.004244233,-155.03838,-155.03838,3160.0098
1301,0.00424588,1293.5243,1293.5243,2296.166
1302,0.004247437,2598.6504,3072.7212,2598.6504
1303,0.004248925,3927.0151,3927.0151,1273.7441
1304,0.00425043,5632.538,5632.538,5072.158
1305,0.004251973,8091.8843,3732.1074,8091.8843
1306,0.004253521,11389.846,11389.846,13438.821
1307,0.004255073,14696.818,14696.818,17184.055
1308,0.004256691,16985.758,14608.061,16985.758
1309,0.004258366,17121.018,17121.018,13731.369
1310,0.004260048,15089.694,15089.694,12774.15
1311,0.004261754,11226.549,12491.391,11226.549
1312,0.004263456,6227.109,6227.109,8123.049
1313,0.004265046,1970.8722,1970.8722,5324.8535
1314,0.004266596,-289.16205,7230.373,-289.16205
1315,0.004268172,280.70755,280.70755,2717.4395
1316,0.004269806,2698.493,2698.493,2487.4863
1317,0.00427142,5120.58,2374.1824,5120.58
1318,0.004273004,6208.7876,6208.7876,3835.6582
1319,0.00427454,6388.556,6388.556,4920.181
1320,0.004276073,6431.666,3565.2417,6431.666
1321,0.004277632,6789.0684,6789.0684,6676.494
1322,0.004279259,6770.604,6770.604,8460.908
1323,0.004280859,5328.424,4766.1436,5328.424
1324,0.004282373,2122.0022,2122.0022,585.1348
1325,0.004283856,-1705.6205,-1705.6205,-4230.17
1326,0.004285351,-4819.092,-2943.536,-4819.092
1327,0.004286853,-6012.08,-6012.08,-895.0214
1328,0.004288358,-5123.9146,-5123.9146,-4088.7168
1329,0.004289888,-2211.662,309.8076,-2211.662
1330,0.004291458,2396.9482,2396.9482,4444.2754
1331,0.00429308,6880.0684,6880.0684,-706.2167
1332,0.004294727,8634.096,7186.682,8634.096
1333,0.004296398,5864.275,5864.275,6473.7827
1334,0.004298062,693.14343,693.14343,3918.9082
1335,0.004299666,-3683.1853,-1789.2045,-3683.1853
1336,0.004301266,-5282.2144,-5282.2144,-5607.9043
1337,0.004302857,-4445.04,-4445.04,-2430.9043
1338,0.00430442,-2152.8494,-6903.2173,-2152.8494
1339,0.00430596,738.19556,738.19556,3297.7908
1340,0.004307472,3656.7756,3656.7756,2275.3145
1341,0.004308964,6161.1187,1642.1163,6161.1187
1342,0.004310449,7885.7715,7885.7715,11562.657
1343,0.004311947,8629.9,8629.9,9208.259
1344,0.004313483,8171.228,7936.6104,8171.228
1345,0.004315055,6468.4043,6468.4043,11329.643
1346,0.004316655,4501.3525,4501.3525,8351.877
1347,0.004318297,3619.416,2120.3037,3619.416
1348,0.004319955,4861.7295,4861.7295,1851.877
1349,0.004321548,7211.151,7211.151,5204.588
1350,0.004323068,9341.955,4079.886,9341.955
1351,0.004324597,10435.364,10435.364,13923.157
1352,0.004326103,10270.803,10270.803,12916.072
1353,0.004327657,8767.83,8037.24,8767.83
1354,0.00432924,6031.8687,6031.8687,3224.0098
1355,0.004330854,3140.6414,3140.6414,1609.0176
1356,0.004332518,1546.877,-2020.4001,1546.877
1357,0.004334192,2401.9753,2401.9753,2541.4473
1358,0.004335864,4694.0146,4694.0146,2862.4785
1359,0.004337501,6847.3374,1399.8741,6847.3374
1360,0.004339106,7753.1245,7753.1245,7631.056
1361,0.004340671,7545.578,7545.578,6578.0093
1362,0.0043422,6622.213,6643.3735,6622.213
1363,0.004343712,5287.867,5287.867,7709.4077
1364,0.004345244,3685.3796,3685.3796,3490.8926
1365,0.004346801,1954.5879,2959.8462,1954.5879
1366,0.004348406,279.2003,279.2003,-1615.7167
1367,0.004350008,-869.72253,-869.72253,2251.0254
1368,0.004351554,-1048.5995,-2200.1523,-1048.5995
1369,0.004353065,-218.76025,-218.76025,1408.8145
1370,0.00435452,569.51697,569.51697,236.02542
1371,0.004355993,152.24417,1055.7753,152.24417
1372,0.004357521,-2356.5244,-2356.5244,649.88477
1373,0.004359081,-5880.805,-5880.805,-5821.693
1374,0.004360659,-8639.841,-6121.1465,-8639.841
1375,0.004362259,-9272.954,-9272.954,-9974.654
1376,0.004363864,-8496.572,-8496.572,-7736.959
1377,0.004365462,-7623.271,-5924.5947,-7623.271
1378,0.004367097,-7537.5,-7537.5,-7594.967
1379,0.00436876,-7418.4004,-7418.4004,-7088.263
1380,0.004370394,-5972.5522,-8725.906,-5972.5522
1381,0.004372019,-2415.672,-2415.672,-1460.7167
1382,0.004373656,2246.076,2246.076,-854.4277
1383,0.004375263,6392.674,2383.9326,6392.674
1384,0.004376862,8877.696,8877.696,10514.494
1385,0.004378463,9450.161,9450.161,10487.525
1386,0.004380103,8005.5645,5979.7744,8005.5645
1387,0.004381816,4509.8955,4509.8955,5449.213
1388,0.004383537,189.19164,189.19164,-2812.4824
1389,0.004385274,-3463.67,-7497.6807,-3463.67
1390,0.004387016,-5302.679,-5302.679,-3291.4043
1391,0.004388742,-5960.799,-5960.799,-5626.3184
1392,0.004390447,-6514.818,-7396.068,-6514.818
1393,0.004392104,-7595.7026,-7595.7026,-7398.256
1394,0.004393743,-8443.256,-8443.256,-9235.686
1395,0.004395358,-8013.6543,-8101.527,-8013.6543
1396,0.00439692,-5880.2266,-5880.2266,-5566.607
1397,0.004398435,-3429.035,-3429.035,-2976.2712
1398,0.004399956,-2222.2168,-7627.7837,-2222.2168
1399,0.004401483,-3312.6147,-3312.6147,-5010.849
1400,0.004403005,-5370.4736,-5370.4736,-6002.951
1401,0.004404542,-6487.8413,-2405.7112,-6487.8413
1402,0.004406109,-5198.129,-5198.129,-4408.084
1403,0.004407703,-2299.0908,-2299.0908,-1121.7323
1404,0.004409304,658.43945,-3806.4482,658.43945
1405,0.004410935,2469.4377,2469.4377,2364.0254
1406,0.004412545,3322.394,3322.394,1788.0176
1407,0.004414149,3864.6348,860.5831,3864.6348
1408,0.004415738,4473.4277,4473.4277,5889.1733
1409,0.004417339,4612.027,4612.027,3091.416
1410,0.004418925,3510.9863,2134.4846,3510.9863
1411,0.004420489,835.3463,835.3463,532.34576
1412,0.004422048,-2330.332,-2330.332,1662.8301
1413,0.004423647,-4596.021,-5680.949,-4596.021
1414,0.004425259,-4904.151,-4904.151,-6361.123
1415,0.004426816,-4559.3193,-4559.3193,-3794.0212
1416,0.004428347,-5291.8887,-6599.0605,-5291.8887
1417,0.004429903,-8182.0776,-8182.0776,-9345.404
1418,0.00443146,-11765.074,-11765.074,-13910.842
1419,0.004433011,-13927.5205,-8231.112,-13927.5205
1420,0.004434585,-13129.295,-13129.295,-10259.2705
1421,0.004436142,-10121.256,-10121.256,-11801.826
1422,0.004437715,-6174.1543,-9884.697,-6174.1543
1423,0.004439275,-2508.0605,-2508.0605,-4757.9277
1424,0.00444081,401.1854,401.1854,-1113.1309
1425,0.004442338,2326.6504,2484.9937,2326.6504
1426,0.004443872,3059.2874,3059.2874,-4939.748
1427,0.00444542,2575.7825,2575.7825,2789.6973
1428,0.004446988,888.166,1948.8552,888.166
1429,0.004448576,-1864.2833,-1864.2833,-4995.9585
1430,0.004450156,-4950.37,-4950.37,-8375.311
1431,0.004451724,-7547.0293,-7193.0615,-7547.0293
1432,0.004453294,-8905.19,-8905.19,-7613.8257
1433,0.004454863,-8355.759,-8355.759,-7418.842
1434,0.004456419,-5300.0684,-2746.0217,-5300.0684
1435,0.004457961,232.92,232.92,1203.4238
1436,0.004459501,5980.019,5980.019,1638.4316
1437,0.004461032,9105.135,5100.4453,9105.135
1438,0.004462597,7789.3594,7789.3594,8626.213
1439,0.004464208,4169.0684,4169.0684,6028.0176
1440,0.004465825,1935.5645,1298.0062,1935.5645
1441,0.004467464,3665.0613,3665.0613,2838.2988
1442,0.004469096,6855.355,6855.355,3558.0488
1443,0.004470706,7743.424,5401.671,7743.424
1444,0.004472306,3930.8843,3930.8843,3550.5566
1445,0.004473933,-2569.0156,-2569.0156,-3119.912
1446,0.004475562,-8328.35,-5074.7974,-8328.35
1447,0.004477151,-10687.073,-10687.073,-11957.873
1448,0.004478725,-10302.751,-10302.751,-11037.247
1449,0.004480289,-8406.419,-6313.648,-8406.419
1450,0.004481824,-6045.832,-6045.832,-7959.998
1451,0.004483367,-3523.2124,-3523.2124,-3896.0215
1452,0.004484913,-1038.4745,-2170.745,-1038.4745
1453,0.004486464,1147.9978,1147.9978,892.666
1454,0.004488025,2495.9907,2495.9907,2053.8613
1455,0.004489582,2376.1895,1726.9509,2376.1895
1456,0.004491138,505.79596,505.79596,127.78324
1457,0.004492704,-2131.8967,-2131.8967,-947.8027
1458,0.004494257,-4172.357,-5777.263,-4172.357
1459,0.004495805,-4748.5493,-4748.5493,-2298.8337
1460,0.004497322,-4677.4136,-4677.4136,-426.7558
1461,0.004498838,-5142.5137,-7492.0312,-5142.5137
1462,0.004500362,-6940.0225,-6940.0225,-6305.5054
1463,0.004501883,-9350.165,-9350.165,-9092.639
1464,0.004503419,-11301.693,-12121.258,-11301.693
1465,0.004504994,-11870.88,-11870.88,-9024.795
1466,0.004506598,-10960.205,-10960.205,-7204.662
1467,0.004508197,-8796.607,-11111.466,-8796.607
1468,0.004509757,-5789.861,-5789.861,-9677.966
1469,0.004511302,-2561.2856,-2561.2856,-3168.8887
1470,0.004512853,233.00198,-1387.8605,233.00198
1471,0.004514416,2113.9602,2113.9602,-808.98236
1472,0.004516011,3497.6013,3497.6013,3800.3691
1473,0.004517627,5038.5957,5617.2715,5038.5957
1474,0.004519227,7290.39,7290.39,8742.752
1475,0.00452086,10514.053,10514.053,11597.846
1476,0.004522521,14828.517,10077.569,14828.517
1477,0.004524191,19960.645,19960.645,21745.312
1478,0.004525872,24304.213,24304.213,26553.557
1479,0.004527556,25842.773,18295.824,25842.773
1480,0.004529219,23337.168,23337.168,23969.564
1481,0.004530874,18361.107,18361.107,18793.72
1482,0.004532564,12972.885,17194.906,12972.885
1483,0.004534281,9092.659,9092.659,11499.088
1484,0.004535974,7038.056,7038.056,7842.2046
1485,0.004537589,6514.1577,2501.7861,6514.1577
1486,0.00453915,7131.0938,7131.0938,8194.564
1487,0.004540707,8539.583,8539.583,6884.22
1488,0.004542321,10482.954,7316.4604,10482.954
1489,0.004544005,12629.687,12629.687,13705.603
1490,0.004545658,14396.85,14396.85,12111.243
1491,0.004547284,15351.282,13654.065,15351.282
1492,0.00454894,15150.135,15150.135,16159.939
1493,0.004550571,13764.785,13764.785,14477.556
1494,0.004552119,11407.994,11632.997,11407.994
1495,0.004553644,8187.6274,8187.6274,10042.259
1496,0.004555143,4433.619,4433.619,5391.4004
1497,0.004556672,338.78326,524.9301,338.78326
1498,0.004558261,-3825.7542,-3825.7542,-4203.1465
1499,0.004559854,-7471.0317,-7471.0317,-4661.0366
1500,0.004561481,-10174.592,-6764.502,-10174.592
1501,0.004563095,-11513.816,-11513.816,-9907.42
1502,0.004564682,-11789.1875,-11789.1875,-8600.436
1503,0.004566249,-11441.357,-7073.0903,-11441.357
1504,0.004567733,-10884.468,-10884.468,-12503.1455
1505,0.004569202,-10391.412,-10391.412,-14225.92
1506,0.004570694,-10215.357,-12060.397,-10215.357
1507,0.004572209,-10504.623,-10504.623,-10117.85
1508,0.004573765,-10839.061,-10839.061,-12207.442
1509,0.004575371,-10571.998,-12445.511,-10571.998
1510,0.004576905,-9346.987,-9346.987,-8359.17
1511,0.004578409,-7764.511,-7764.511,-6591.81
1512,0.004579935,-6548.1777,-9343.955,-6548.1777
1513,0.004581513,-6313.5327,-6313.5327,-5242.865
1514,0.00458313,-6907.8735,-6907.8735,-6534.4277
1515,0.004584783,-7894.7944,-6420.579,-7894.7944
1516,0.004586459,-8816.765,-8816.765,-11825.185
1517,0.004588107,-9373.99,-9373.99,-14439.161
1518,0.004589705,-9373.459,-7882.3716,-9373.459
1519,0.004591279,-8722.686,-8722.686,-11307.857
1520,0.00459281,-7611.3027,-7611.3027,-7490.5913
1521,0.004594342,-6229.209,-5206.2007,-6229.209
1522,0.004595914,-4705.3857,-4705.3857,-6140.1694
1523,0.004597489,-3111.1777,-3111.1777,1611.1113
1524,0.004599052,-1468.287,-707.9163,-1468.287
1525,0.004600636,231.50441,231.50441,4210.08
1526,0.004602237,1872.2213,1872.2213,4012.3455
1527,0.004603813,3279.6582,544.5909,3279.6582
1528,0.004605392,4378.4893,4378.4893,-3130.0137
1529,0.004607045,5196.3667,5196.3667,-657.97455
1530,0.004608713,5708.0723,7916.7075,5708.0723
1531,0.004610397,5986.7646,5986.7646,4628.5645
1532,0.004612111,6313.206,6313.206,4725.908
1533,0.004613807,7016.3145,6813.532,7016.3145
1534,0.00461552,8228.732,8228.732,11523.861
1535,0.004617212,9163.798,9163.798,10669.283
1536,0.004618916,8860.994,3829.205,8860.994
1537,0.00462059,6670.5864,6670.5864,4169.76
1538,0.00462225,3073.1995,3073.1995,4575.1035
1539,0.004623876,-1155.8964,2602.691,-1155.8964
1540,0.004625469,-5317.5825,-5317.5825,-3212.6309
1541,0.004627005,-8650.235,-8650.235,-4975.8965
1542,0.004628569,-10638.436,-11079.062,-10638.436
1543,0.004630196,-10785.978,-10785.978,-10226.224
1544,0.004631836,-9952.607,-9952.607,-8761.35
1545,0.004633499,-9505.787,-10761.879,-9505.787
1546,0.004635198,-10409.299,-10409.299,-9683.279
1547,0.004636885,-11521.499,-11521.499,-13095.584
1548,0.004638537,-11219.692,-12771.9375,-11219.692
1549,0.004640112,-8704.357,-8704.357,-12267.739
1550,0.004641741,-4986.337,-4986.337,-9351.639
1551,0.004643406,-1831.0527,-2512.8193,-1831.0527
1552,0.004645004,-763.06604,-763.06604,-3267.6777
1553,0.004646548,-1310.4294,-1310.4294,-5166.42
1554,0.004648115,-2824.9277,-3184.756,-2824.9277
1555,0.004649635,-4617.5996,-4617.5996,-2607.904
1556,0.004651165,-6129.108,-6129.108,-69.4355
1557,0.004652742,-6726.9824,-7322.413,-6726.9824
1558,0.004654353,-5926.76,-5926.76,-5907.2637
1559,0.004655921,-4483.6323,-4483.6323,-2125.662
1560,0.00465746,-3360.0996,-1328.2717,-3360.0996
1561,0.004658997,-3194.3857,-3194.3857,-5697.342
1562,0.004660562,-3702.4,-3702.4,-2228.4119
1563,0.004662145,-4340.224,-8111.9443,-4340.224
1564,0.004663723,-4647.295,-4647.295,-6569.326
1565,0.004665217,-4670.1226,-4670.1226,-2599.1855
1566,0.004666643,-4579.373,-2790.7473,-4579.373
1567,0.004668072,-4459.22,-4459.22,91.63481
1568,0.004669573,-4201.15,-4201.15,3538.127
1569,0.004671098,-3643.818,-2794.2366,-3643.818
1570,0.004672628,-2784.147,-2784.147,-5944.1616
1571,0.00467419,-2262.116,-2262.116,-618.6933
1572,0.004675771,-2965.2012,-2252.2664,-2965.2012
1573,0.004677345,-5316.1323,-5316.1323,-5621.5215
1574,0.004678895,-7889.7246,-7889.7246,-8747.872
1575,0.004680444,-8948.701,-11353.1455,-8948.701
1576,0.004682021,-7306.005,-7306.005,-5590.9585
1577,0.004683592,-4333.5483,-4333.5483,-3831.6619
1578,0.004685157,-2061.6465,-6348.1475,-2061.6465
1579,0.004686743,-1967.1617,-1967.1617,-3847.8262
1580,0.004688348,-3448.728,-3448.728,-7161.2246
1581,0.004689969,-5280.623,-7070.374,-5280.623
1582,0.004691577,-6324.2383,-6324.2383,-5638.3574
1583,0.004693137,-6180.0166,-6180.0166,-4172.748
1584,0.004694649,-4713.42,-4632.376,-4713.42
1585,0.004696175,-1920.4073,-1920.4073,-3571.568
1586,0.004697764,1311.925,1311.925,-1906.0214
1587,0.004699372,3503.041,-1088.8424,3503.041
1588,0.004700938,3607.423,3607.423,2730.705
1589,0.004702455,2386.8325,2386.8325,1243.9004
1590,0.004703958,825.0098,-553.6781,825.0098
1591,0.004705486,-310.79987,-310.79987,48.0645
1592,0.00470703,-685.98785,-685.98785,55.205124
1593,0.004708605,-78.06831,122.17755,-78.06831
1594,0.004710217,1607.4774,1607.4774,5526.08
1595,0.004711789,3650.9636,3650.9636,6529.7285
1596,0.00471335,5291.869,7242.0444,5291.869
1597,0.004714929,6045.6157,6045.6157,618.0801
1598,0.004716485,6447.741,6447.741,10793.001
1599,0.004718003,7283.9004,6059.303,7283.9004
1600,0.004719549,9072.922,9072.922,11985.385
1601,0.004721156,11221.524,11221.524,12419.479
1602,0.004722742,12605.002,8382.775,12605.002
1603,0.004724328,12546.173,12546.173,14387.916
1604,0.004725921,11605.221,11605.221,10147.814
1605,0.00472748,10687.111,9611.877,10687.111
1606,0.004729033,10326.642,10326.642,14545.564
1607,0.004730609,9902.134,9902.134,11223.869
1608,0.004732175,8503.182,6763.1465,8503.182
1609,0.004733733,5631.178,5631.178,5415.635
1610,0.004735319,2306.525,2306.525,1455.5802
1611,0.004736914,116.47856,4138.807,116.47856
1612,0.004738539,245.55806,245.55806,492.8926
1613,0.004740189,2147.3254,2147.3254,4686.26
1614,0.004741823,4660.9395,2376.3877,4660.9395
1615,0.004743402,6786.86,6786.86,2371.1191
1616,0.0047449,8314.139,8314.139,8003.4004
1617,0.004746375,9296.174,4155.456,9296.174
1618,0.004747886,9686.7705,9686.7705,9742.596
1619,0.004749486,9236.258,9236.258,10930.673
1620,0.004751091,7670.2207,4370.401,7670.2207
1621,0.00475273,4924.743,4924.743,1143.1113
1622,0.004754357,1998.9685,1998.9685,-205.21675
1623,0.004755976,55.03325,80.75641,55.03325
1624,0.004757577,-163.32745,-163.32745,2984.1738
1625,0.004759158,525.0106,525.0106,6687.0566
1626,0.004760696,990.0723,1359.7543,990.0723
1627,0.004762237,570.887,570.887,-2151.2246
1628,0.004763798,22.122145,22.122145,-399.16205
1629,0.004765376,520.5411,442.53754,520.5411
1630,0.004766956,2888.5042,2888.5042,3701.6973
1631,0.004768561,6435.833,6435.833,6240.517
1632,0.0047702,10011.338,8259.245,10011.338
1633,0.004771868,12537.841,12537.841,9418.197
1634,0.00477356,13821.007,13821.007,10916.197
1635,0.004775287,13913.885,12654.84,13913.885
1636,0.00477701,13136.453,13136.453,11398.885
1637,0.00477872,12805.342,12805.342,9800.924
1638,0.004780424,14429.713,10914.046,14429.713
1639,0.004782117,18728.078,18728.078,18833.04
1640,0.004783788,23432.992,23432.992,22721.29
1641,0.00478546,25741.518,18715.648,25741.518
1642,0.004787111,23761.152,23761.152,23500.688
1643,0.004788761,19191.258,19191.258,12222.729
1644,0.004790398,14581.916,14299.531,14581.916
1645,0.004791961,11873.682,11873.682,15335.759
1646,0.004793512,10466.769,10466.769,7049.8066
1647,0.004795049,9475.829,8421.668,9475.829
1648,0.004796569,8192.026,8192.026,10505.932
1649,0.004798103,6423.0684,6423.0684,9343.072
1650,0.004799646,4131.377,3168.2239,4131.377
1651,0.004801171,1463.1083,1463.1083,1762.5332
1652,0.004802707,-983.054,-983.054,786.5879
1653,0.004804288,-2419.076,-644.3717,-2419.076
1654,0.004805914,-2225.0667,-2225.0667,-4695.896
1655,0.004807549,-1250.1372,-1250.1372,-3940.029
1656,0.00480915,-792.66986,-925.82446,-792.66986
1657,0.004810705,-1619.5377,-1619.5377,-2031.3887
1658,0.00481226,-2972.796,-2972.796,-3520.8416
1659,0.00481386,-3752.0918,-4056.2656,-3752.0918
1660,0.004815513,-2995.6882,-2995.6882,-7011.795
1661,0.004817166,-1114.4202,-1114.4202,-8237.1
1662,0.0048188,1058.2285,-3996.6755,1058.2285
1663,0.004820486,2840.495,2840.495,3117.4863
1664,0.004822161,3534.257,3534.257,2721.705
1665,0.004823795,2627.9004,2341.8333,2627.9004
1666,0.004825406,31.37101,31.37101,7120.174
1667,0.004827024,-3025.4465,-3025.4465,4914.3296
1668,0.004828657,-4927.9507,-2791.1294,-4927.9507
1669,0.00483029,-4498.479,-4498.479,-2141.2478
1670,0.004831877,-2688.0833,-2688.0833,-2636.6152
1671,0.00483348,-788.1933,-2281.71,-788.1933
1672,0.004835153,92.11429,92.11429,2752.713
1673,0.004836841,-402.6513,-402.6513,1272.3691
1674,0.004838523,-2281.0212,-3442.2092,-2281.0212
1675,0.004840194,-5349.9663,-5349.9663,-5098.4976
1676,0.004841847,-8735.294,-8735.294,-9619.568
1677,0.004843455,-11422.498,-13183.368,-11422.498
1678,0.004845054,-12698.473,-12698.473,-11264.013
1679,0.004846655,-12196.438,-12196.438,-11283.889
1680,0.004848274,-9590.334,-10281.774,-9590.334
1681,0.004849883,-5022.5522,-5022.5522,-5908.42
1682,0.004851467,-263.75363,-263.75363,1024.2051
1683,0.004853018,2696.9473,-619.5916,2696.9473
1684,0.004854531,2719.0925,2719.0925,291.32233
1685,0.004856067,995.91327,995.91327,1460.9082
1686,0.00485768,-770.998,-277.0479,-770.998
1687,0.004859242,-1063.3151,-1063.3151,-864.66986
1688,0.004860767,-748.0084,-748.0084,-1413.1854
1689,0.004862325,-1109.3027,-606.875,-1109.3027
1690,0.004863912,-3072.379,-3072.379,-2318.779
1691,0.004865509,-5703.231,-5703.231,-1066.6151
1692,0.004867122,-7554.3413,-4822.1265,-7554.3413
1693,0.004868746,-7506.3203,-7506.3203,-3584.959
1694,0.004870387,-6069.8896,-6069.8896,-2410.1619
1695,0.004872061,-4191.6777,-2439.6477,-4191.6777
1696,0.004873727,-2743.1133,-2743.1133,-6311.9043
1697,0.00487539,-1746.8605,-1746.8605,-2039.1464
1698,0.004877073,-1021.6308,2574.2046,-1021.6308
1699,0.004878733,-435.5939,-435.5939,-1772.7637
1700,0.004880334,64.26,64.26,-4991.498
1701,0.004881907,525.5254,-275.60645,525.5254
1702,0.004883477,969.21484,969.21484,1872.1583
1703,0.004885062,1336.1311,1336.1311,140.76762
1704,0.004886671,1539.1035,-3286.5925,1539.1035
1705,0.004888244,1454.2095,1454.2095,421.30667
1706,0.004889769,864.5583,864.5583,412.72076
1707,0.004891295,-490.41205,276.5218,-490.41205
1708,0.004892866,-2794.8372,-2794.8372,919.8848
1709,0.004894435,-5471.504,-5471.504,-1128.0684
1710,0.004896016,-7826.865,-6980.9155,-7826.865
1711,0.004897596,-9308.59,-9308.59,-9925.623
1712,0.004899159,-10160.443,-10160.443,-11329.442
1713,0.004900701,-10823.966,-6208.611,-10823.966
1714,0.004902284,-11695.651,-11695.651,-10498.014
1715,0.004903883,-12906.191,-12906.191,-13734.225
1716,0.00490548,-14520.514,-11030.509,-14520.514
1717,0.004907102,-16459.354,-16459.354,-19862.256
1718,0.004908758,-17833.88,-17833.88,-18008.436
1719,0.0049104,-17476.27,-17189.947,-17476.27
1720,0.004912038,-14736.68,-14736.68,-12620.975
1721,0.004913676,-10690.915,-10690.915,-4968.123
1722,0.004915329,-6819.482,-10499.669,-6819.482
1723,0.004916945,-4459.5703,-4459.5703,-6648.412
1724,0.00491854,-3643.3582,-3643.3582,-5487.5444
1725,0.004920105,-4173.5293,-5633.841,-4173.5293
1726,0.004921686,-5840.2896,-5840.2896,-7660.646
1727,0.004923286,-8154.3286,-8154.3286,-9694.67
1728,0.00492486,-10448.311,-6565.3213,-10448.311
1729,0.004926439,-12180.961,-12180.961,-14435.552
1730,0.004928051,-12795.738,-12795.738,-9434.482
1731,0.004929672,-11665.475,-11619.765,-11665.475
1732,0.004931295,-8627.963,-8627.963,-11180.052
1733,0.004932893,-5301.8843,-5301.8843,-7117.7476
1734,0.004934463,-3573.0212,-6280.745,-3573.0212
1735,0.004936031,-4499.0107,-4499.0107,-5900.2866
1736,0.004937562,-6387.3477,-6387.3477,-6788.2944
1737,0.004939099,-7048.4663,-3400.875,-7048.4663
1738,0.004940636,-4935.747,-4935.747,-1834.6151
1739,0.004942193,-1119.4949,-1119.4949,-67.46675
1740,0.004943747,2527.4473,-351.28415,2527.4473
1741,0.004945301,4644.5303,4644.5303,-1253.8417
1742,0.004946833,5774.1377,5774.1377,-1267.0839
1743,0.004948347,6933.885,5595.842,6933.885
1744,0.004949862,8752.344,8752.344,15283.307
1745,0.004951366,10433.107,10433.107,15817.439
1746,0.004952896,10865.604,7245.057,10865.604
1747,0.004954475,9190.715,9190.715,1166.4786
1748,0.004956025,6447.8364,6447.8364,795.5488
1749,0.004957584,4025.2595,4438.6025,4025.2595
1750,0.004959187,2957.075,2957.075,-1031.6307
1751,0.004960769,2703.733,2703.733,3489.2285
1752,0.00496234,2230.377,1531.1865,2230.377
1753,0.004963891,927.10626,927.10626,-496.98236
1754,0.004965438,-382.58923,-382.58923,-2243.5447
1755,0.004967,-521.9433,-2159.784,-521.9433
1756,0.004968562,1300.435,1300.435,3358.705
1757,0.004970158,4210.277,4210.277,5383.5957
1758,0.004971763,6742.8066,3891.746,6742.8066
1759,0.004973379,7780.5654,7780.5654,13107.729
1760,0.00497501,7710.0176,7710.0176,12812.837
1761,0.004976611,7335.806,5150.199,7335.806
1762,0.004978187,7204.085,7204.085,5071.0254
1763,0.004979775,6923.036,6923.036,4593.9785
1764,0.004981352,5886.1655,5957.707,5886.1655
1765,0.004982907,3876.4438,3876.4438,2888.455
1766,0.004984474,2019.7225,2019.7225,1295.5957
1767,0.004986045,1854.5645,1767.8065,1854.5645
1768,0.004987614,4298.548,4298.548,4185.619
1769,0.004989195,7822.547,7822.547,9472.893
1770,0.00499082,10226.51,6665.76,10226.51
1771,0.004992446,9752.805,9752.805,8276.119
1772,0.004994046,7756.6875,7756.6875,6948.869
1773,0.004995644,6227.588,2347.9724,6227.588
1774,0.004997255,6485.9297,6485.9297,8386.104
1775,0.004998881,7235.3667,7235.3667,7932.908
1776,0.005000485,6473.6655,4266.0947,6473.6655
1777,0.005002053,3094.0786,3094.0786,4631.7207
1778,0.00500362,-1262.8822,-1262.8822,794.7363
1779,0.005005214,-4306.513,-382.87164,-4306.513
1780,0.00500677,-4295.9224,-4295.9224,-4720.9824
1781,0.005008305,-2541.4646,-2541.4646,-1801.6855
1782,0.005009831,-869.5839,-2146.8625,-869.5839
1783,0.00501137,-570.7744,-570.7744,5146.51
1784,0.005012957,-1062.5636,-1062.5636,285.34573
1785,0.005014594,-1155.6465,203.00441,-1155.6465
1786,0.005016246,69.1841,69.1841,4149.9395
1787,0.005017919,1791.9471,1791.9471,7276.9707
1788,0.005019607,2671.088,-602.57416,2671.088
1789,0.005021241,1754.5018,1754.5018,4265.51
1790,0.00502279,-308.17294,-308.17294,812.916
1791,0.005024319,-2797.084,-2278.532,-2797.084
1792,0.005025901,-5134.961,-5134.961,-2971.2087
1793,0.005027556,-6527.5737,-6527.5737,-5205.7944
1794,0.005029242,-5974.7944,-6077.0854,-5974.7944
1795,0.00503095,-3010.8015,-3010.8015,-1516.8885
1796,0.005032672,645.3233,645.3233,66.642624
1797,0.005034385,2629.5645,1792.0599,2629.5645
1798,0.005036053,1487.6873,1487.6873,-100.13862
1799,0.005037709,-1236.9962,-1236.9962,-1341.7323
1800,0.005039371,-3438.3884,-6383.8877,-3438.3884
1801,0.005041069,-3465.0842,-3465.0842,-5817.0684
1802,0.005042784,-1675.5957,-1675.5957,-3460.49
1803,0.005044489,910.97076,-2286.805,910.97076
1804,0.005046162,3379.801,3379.801,5776.7754
1805,0.005047821,5390.45,5390.45,7221.76
1806,0.005049506,6729.3457,10870.182,6729.3457
1807,0.00505119,7268.5547,7268.5547,5160.377
1808,0.005052851,7586.159,7586.159,4388.5483
1809,0.005054456,8372.104,9786.402,8372.104
1810,0.005056038,9954.869,9954.869,8954.76
1811,0.005057654,11516.767,11516.767,12485.962
1812,0.0050593,11799.822,8765.957,11799.822
1813,0.005060932,9947.307,9947.307,11929.485
1814,0.005062545,6897.925,6897.925,8583.377
1815,0.005064181,3880.8145,8220.254,3880.8145
1816,0.005065831,1933.4418,1933.4418,340.36136
1817,0.005067486,814.9524,814.9524,734.002
1818,0.005069146,-67.39644,-5246.047,-67.39644
1819,0.005070788,-1167.6138,-1167.6138,-2067.6309
1820,0.005072415,-2431.6921,-2431.6921,-6669.084
1821,0.005074046,-3697.209,-180.04366,-3697.209
1822,0.005075659,-4800.6235,-4800.6235,-7.4901867
1823,0.005077294,-5723.7603,-5723.7603,-6568.256
1824,0.005078955,-6440.701,-5482.1157,-6440.701
1825,0.005080589,-6881.198,-6881.198,-5496.2715
1826,0.005082218,-6899.022,-6899.022,-6943.9663
1827,0.005083826,-6321.1616,-2285.8572,-6321.1616
1828,0.005085417,-5104.2007,-5104.2007,-5207.4507
1829,0.005087023,-3629.187,-3629.187,-6496.154
1830,0.005088638,-2425.779,-3026.9983,-2425.779
1831,0.005090307,-1944.5848,-1944.5848,-2555.6775
1832,0.005091973,-2324.5012,-2324.5012,-3464.5056
1833,0.005093621,-3538.7947,-2420.5217,-3538.7947
1834,0.005095256,-5448.4424,-5448.4424,-2975.2869
1835,0.005096876,-7474.5537,-7474.5537,-2187.0605
1836,0.005098512,-8980.334,-9716.3125,-8980.334
1837,0.005100181,-9442.371,-9442.371,-11593.599
1838,0.005101879,-9036.969,-9036.969,-10341.154
1839,0.005103556,-8196.084,-5610.8286,-8196.084
1840,0.005105203,-7314.9614,-7314.9614,-8769.779
1841,0.005106795,-6603.3916,-6603.3916,-4191.8027
1842,0.005108345,-6184.154,-10582.232,-6184.154
1843,0.005109916,-6149.301,-6149.301,-8456.607
1844,0.00511153,-6537.0327,-6537.0327,-7738.4355
1845,0.005113189,-7370.8496,-8090.8643,-7370.8496
1846,0.005114886,-8561.554,-8561.554,-9595.639
1847,0.005116493,-9516.038,-9516.038,-8749.248
1848,0.00511806,-9749.389,-5938.1035,-9749.389
1849,0.005119666,-8905.088,-8905.088,-12241.771
1850,0.005121291,-7240.969,-7240.969,-5856.381
1851,0.005122937,-5217.357,-4589.3604,-5217.357
1852,0.005124589,-3232.5923,-3232.5923,-6056.9746
1853,0.005126204,-1273.5371,-1273.5371,-1487.7012
1854,0.005127829,889.1114,1335.1254,889.1114
1855,0.005129494,3343.1267,3343.1267,3914.08
1856,0.005131132,5488.1562,5488.1562,2238.9004
1857,0.005132737,6720.3535,4002.869,6720.3535
1858,0.005134325,6755.3677,6755.3677,10384.705
1859,0.005135922,6277.7676,6277.7676,8501.962
1860,0.005137525,6218.4395,6399.869,6218.4395
1861,0.0051391,7044.275,7044.275,7409.158
1862,0.005140674,7453.6445,7453.6445,7306.6504
1863,0.005142239,5737.135,2420.5356,5737.135
1864,0.005143815,770.953,770.953,-1442.3885
1865,0.005145395,-6060.841,-6060.841,-7012.4663
1866,0.005146969,-12685.506,-10878.431,-12685.506
1867,0.00514858,-17572.36,-17572.36,-17857.85
1868,0.005150135,-20340.285,-20340.285,-15558.013
1869,0.005151667,-21420.674,-13089.756,-21420.674
1870,0.005153265,-21039.475,-21039.475,-24568.066
1871,0.005154896,-19292.69,-19292.69,-22639.92
1872,0.005156513,-16435.975,-14178.739,-16435.975
1873,0.005158118,-12762.535,-12762.535,-10121.982
1874,0.005159707,-8738.342,-8738.342,-3885.0916
1875,0.005161317,-4752.896,-5617.6895,-4752.896
1876,0.005162884,-1322.8182,-1322.8182,-2005.8573
1877,0.005164442,1717.6118,1717.6118,370.52542
1878,0.005166057,4666.9863,3615.051,4666.9863
1879,0.005167644,7492.918,7492.918,10932.954
1880,0.005169217,10120.289,10120.289,16479.463
1881,0.005170807,12437.674,7458.8813,12437.674
1882,0.005172422,14224.373,14224.373,14922.962
1883,0.005174055,15018.065,15018.065,17409.58
1884,0.005175691,14301.4,12006.94,14301.4
1885,0.00517731,11935.685,11935.685,14396.915
1886,0.005178896,9083.763,9083.763,12991.009
1887,0.005180482,7050.1973,6409.488,7050.1973
1888,0.005182068,6689.601,6689.601,5951.908
1889,0.005183653,6923.037,6923.037,5515.4395
1890,0.00518525,6177.1895,5245.4756,6177.1895
1891,0.005186881,3325.4521,3325.4521,1248.6113
1892,0.005188485,-370.18826,-370.18826,-1091.2401
1893,0.005190059,-3208.318,-3153.0105,-3208.318
1894,0.005191653,-4008.084,-4008.084,-4834.451
1895,0.005193279,-2882.364,-2882.364,-2554.1775
1896,0.005194915,-374.87302,-3330.8835,-374.87302
1897,0.00519655,2796.1968,2796.1968,3071.127
1898,0.005198163,5481.764,5481.764,3359.3613
1899,0.005199789,6545.3926,3221.4294,6545.3926
1900,0.005201429,5206.577,5206.577,4164.549
1901,0.005203066,2616.657,2616.657,3016.1895
1902,0.005204679,432.56448,-3637.441,432.56448
1903,0.005206349,-243.19331,-243.19331,845.8535
1904,0.005208049,49.463303,49.463303,-537.0683
1905,0.005209721,167.53325,-2640.5884,167.53325
1906,0.005211353,-557.4102,-557.4102,-1695.1385
1907,0.005212997,-1161.4741,-1161.4741,-2067.209
1908,0.005214622,-281.98236,-805.3118,-281.98236
1909,0.00521621,2816.5002,2816.5002,631.877
1910,0.005217812,7086.969,7086.969,5530.8535
1911,0.00521947,11027.479,9490.157,11027.479
1912,0.005221137,13124.295,13124.295,12202.986
1913,0.005222797,13499.818,13499.818,12622.01
1914,0.005224443,12703.735,9437.475,12703.735
1915,0.005226056,11191.901,11191.901,10157.018
1916,0.005227652,8974.751,8974.751,8978.221
1917,0.005229231,5970.385,6182.779,5970.385
1918,0.005230769,2334.66,2334.66,2425.7676
1919,0.005232245,-1138.3242,-1138.3242,-1053.9979
1920,0.005233752,-3836.865,-1771.4767,-3836.865
1921,0.005235241,-5109.5117,-5109.5117,-3855.3418
1922,0.00523671,-5497.482,-5497.482,-4871.006
1923,0.005238189,-5767.717,-4495.138,-5767.717
1924,0.005239723,-6509.7964,-6509.7964,-4952.357
1925,0.00524129,-7506.74,-7506.74,-4251.138
1926,0.005242828,-8266.475,-6210.2104,-8266.475
1927,0.005244385,-8468.263,-8468.263,-6756.748
1928,0.005245968,-8196.396,-8196.396,-5042.2554
1929,0.005247583,-7658.1074,-5799.21,-7658.1074
1930,0.005249213,-7021.0815,-7021.0815,-8108.4434
1931,0.005250874,-6165.8223,-6165.8223,-6102.138
1932,0.005252531,-4921.842,-3691.3762,-4921.842
1933,0.005254085,-3413.482,-3413.482,-3553.8962
1934,0.005255564,-2339.8845,-2339.8845,-2765.9587
1935,0.005257026,-2406.4353,204.85233,-2406.4353
1936,0.005258514,-4079.6619,-4079.6619,-2856.3728
1937,0.005260032,-6561.295,-6561.295,-8343.092
1938,0.00526161,-8622.842,-5586.6245,-8622.842
1939,0.005263229,-9096.888,-9096.888,-9211.872
1940,0.005264773,-8323.668,-8323.668,-9558.88
1941,0.005266273,-7034.2476,-3420.9062,-7034.2476
1942,0.00526774,-5725.7666,-5725.7666,-7338.662
1943,0.005269193,-4453.7017,-4453.7017,-5785.834
1944,0.005270678,-3151.4824,-521.76685,-3151.4824
1945,0.005272216,-1776.5242,-1776.5242,1176.291
1946,0.005273781,-344.64703,-344.64703,2441.1816
1947,0.005275348,1122.7052,3185.8425,1122.7052
1948,0.005276923,2530.3188,2530.3188,3081.705
1949,0.005278541,3371.8193,3371.8193,1937.9785
1950,0.005280126,2971.3613,-1185.7048,2971.3613
1951,0.005281661,1181.8871,1181.8871,4972.963
1952,0.005283196,-832.6934,-832.6934,1523.799
1953,0.005284721,-1576.4042,-2292.9111,-1576.4042
1954,0.00528624,-88.004486,-88.004486,2674.9395
1955,0.005287796,2754.4277,2754.4277,3370.9316
1956,0.005289339,5396.5483,2130.7168,5396.5483
1957,0.0052909,6732.369,6732.369,7969.0723
1958,0.00529249,7028.155,7028.155,6395.385
1959,0.005294121,6952.58,4258.942,6952.58
1960,0.005295716,7069.7964,7069.7964,6891.291
1961,0.005297319,7268.8687,7268.8687,9924.079
1962,0.005298927,7268.447,8391.113,7268.447
1963,0.005300532,6864.421,6864.421,7497.5645
1964,0.005302127,6172.3584,6172.3584,8235.869
1965,0.005303664,5405.0645,3204.0566,5405.0645
1966,0.005305184,4673.594,4673.594,6717.2285
1967,0.005306738,3910.903,3910.903,5979.994
1968,0.005308327,3025.2285,4735.8975,3025.2285
1969,0.005309947,1881.2095,1881.2095,823.8536
1970,0.005311585,198.62865,198.62865,-1471.2012
1971,0.005313216,-2317.459,1575.0516,-2317.459
1972,0.005314815,-5702.0728,-5702.0728,810.95514
1973,0.005316417,-9295.475,-9295.475,-7152.42
1974,0.005318051,-12224.131,-10525.073,-12224.131
1975,0.005319697,-13719.34,-13719.34,-13165.31
1976,0.005321285,-14121.512,-14121.512,-13531.131
1977,0.005322851,-14084.888,-10466.541,-14084.888
1978,0.005324426,-14034.956,-14034.956,-14464.411
1979,0.005325977,-13842.563,-13842.563,-10706.208
1980,0.005327528,-13245.849,-11889.995,-13245.849
1981,0.005329092,-12073.527,-12073.527,-11504.951
1982,0.005330677,-10558.907,-10558.907,-9843.536
1983,0.005332286,-9062.975,-10391.923,-9062.975
1984,0.005333871,-7887.9556,-7887.9556,-6865.2866
1985,0.005335469,-6788.6807,-6788.6807,-6055.7944
1986,0.005337049,-5457.365,-4467.6167,-5457.365
1987,0.005338615,-3707.5605,-3707.5605,-3964.1543
1988,0.005340159,-1890.5044,-1890.5044,-3950.8574
1989,0.005341692,-440.89645,-1301.6211,-440.89645
1990,0.005343227,254.01643,254.01643,1500.9473
1991,0.005344811,-85.61558,-85.61558,-1439.4668
1992,0.005346452,-1813.701,1418.5741,-1813.701
1993,0.005348137,-5022.093,-5022.093,-5449.4824
1994,0.005349836,-8538.025,-8538.025,-4130.373
1995,0.005351561,-10858.186,-8849.054,-10858.186
1996,0.005353141,-10985.515,-10985.515,-10198.872
1997,0.005354631,-10219.845,-10219.845,-11128.779
1998,0.005356099,-9812.85,-11826.597,-9812.85
1999,0.005357577,-10582.593,-10582.593,-6696.951
2000,0.005359075,-12055.618,-12055.618,-4857.0527
2001,0.005360597,-13377.92,-8502.428,-13377.92
2002,0.005362152,-13773.722,-13773.722,-12352.786
2003,0.005363737,-13051.615,-13051.615,-11014.521
2004,0.00536534,-11201.764,-14936.723,-11201.764
2005,0.005366945,-8320.4,-8320.4,-9473.006
2006,0.005368549,-4758.1924,-4758.1924,-5724.3022
2007,0.005370141,-950.23236,-2940.9578,-950.23236
2008,0.005371688,2673.7612,2673.7612,5097.205
2009,0.005373225,6048.135,6048.135,963.24414
2010,0.00537477,9106.299,5553.3306,9106.299
2011,0.005376312,11744.785,11744.785,12494.361
2012,0.005377861,14004.584,14004.584,10596.657
2013,0.005379439,15958.126,9517.148,15958.126
2014,0.005381032,17640.508,17640.508,19419.025
2015,0.005382645,19162.531,19162.531,24316.502
2016,0.005384273,20643.799,14612.612,20643.799
2017,0.005385875,21951.502,21951.502,16516.713
2018,0.005387433,22136.668,22136.668,19041.828
2019,0.005389004,20089.955,16305.097,20089.955
2020,0.005390596,15038.511,15038.511,13957.986
2021,0.005392144,8416.046,8416.046,6144.2754
2022,0.005393667,1796.3223,4767.423,1796.3223
2023,0.005395211,-3674.974,-3674.974,-70.037056
2024,0.005396802,-7420.7144,-7420.7144,-3220.6619
2025,0.005398451,-8856.396,-5136.1133,-8856.396
2026,0.005400041,-7733.818,-7733.818,-8450.317
2027,0.005401635,-5046.1743,-5046.1743,-3595.5137
2028,0.00540324,-1946.3574,-4595.284,-1946.3574
2029,0.005404806,526.0902,526.0902,-793.6152
2030,0.005406377,2386.207,2386.207,1691.3223
2031,0.005407962,3780.7988,602.70276,3780.7988
2032,0.005409554,4835.9844,4835.9844,4037.5173
2033,0.005411136,5651.0723,5651.0723,6241.72
2034,0.005412742,6344.642,5823.1436,6344.642
2035,0.005414355,6986.786,6986.786,7021.424
2036,0.005415979,7561.067,7561.067,4843.877
2037,0.005417621,8024.861,8429.659,8024.861
2038,0.005419267,8326.157,8326.157,10225.83
2039,0.005420916,8410.17,8410.17,9962.971
2040,0.005422536,8226.627,4490.0757,8226.627
2041,0.005424138,7803.72,7803.72,7976.5483
2042,0.00542575,7438.0435,7438.0435,5888.6504
2043,0.005427354,7504.83,3255.2795,7504.83
2044,0.005428966,8319.576,8319.576,9901.002
2045,0.005430568,9951.576,9951.576,11235.143
2046,0.005432157,12401.658,7884.1406,12401.658
2047,0.005433725,15480.905,15480.905,20563.86
2048,0.00543533,18440.443,18440.443,20035.229
2049,0.005436968,20149.992,15780.8955,20149.992
2050,0.005438661,19664.64,19664.64,14101.705
2051,0.005440403,17290.773,17290.773,15933.408
2052,0.005442096,14008.338,8948.543,14008.338
2053,0.005443753,10578.137,10578.137,13929.314
2054,0.005445381,7323.581,7323.581,10096.572
2055,0.005446981,4460.213,4599.4897,4460.213
2056,0.005448556,2126.078,2126.078,2666.1033
2057,0.005450138,208.89606,208.89606,615.916
2058,0.00545172,-1390.9043,2030.7219,-1390.9043
2059,0.005453309,-2723.6287,-2723.6287,-1916.8885
2060,0.005454894,-3559.7478,-3559.7478,422.52545
2061,0.005456487,-3615.795,-4400.473,-3615.795
2062,0.005458089,-2749.1426,-2749.1426,901.8379
2063,0.005459699,-1465.5044,-1465.5044,5155.424
2064,0.005461327,-446.6933,-3908.883,-446.6933
2065,0.005462979,-195.45427,-195.45427,5985.6816
2066,0.005464596,-314.77148,-314.77148,1094.3301
2067,0.005466192,-192.00581,-310.46027,-192.00581
2068,0.005467758,536.0674,536.0674,-2175.5137
2069,0.005469322,1471.5536,1471.5536,-865.51355
2070,0.00547084,2027.5332,69.559074,2027.5332
2071,0.005472352,1935.9125,1935.9125,-2555.7715
2072,0.005473933,1847.2351,1847.2351,-201.67767
2073,0.005475564,2802.0645,2266.6892,2802.0645
2074,0.005477216,5459.8643,5459.8643,6838.244
2075,0.005478865,8449.719,8449.719,8394.58
2076,0.005480528,9922.939,7462.7954,9922.939
2077,0.005482207,8539.308,8539.308,9874.689
2078,0.005483863,5506.7915,5506.7915,6457.33
2079,0.005485455,2658.8533,2416.56,2658.8533
2080,0.005487092,1078.7668,1078.7668,3077.8457
2081,0.005488711,680.8557,680.8557,5587.877
2082,0.005490226,887.6035,2725.336,887.6035
2083,0.005491728,1120.6245,1120.6245,498.7598
2084,0.005493209,533.0529,533.0529,1229.7052
2085,0.005494669,-1736.0215,1655.7446,-1736.0215
2086,0.005496099,-5864.2974,-5864.2974,-1683.998
2087,0.005497537,-9876.879,-9876.879,-7001.9355
2088,0.005499015,-11094.1,-11857.516,-11094.1
2089,0.005500555,-7290.6855,-7290.6855,-2649.2712
2090,0.005502125,-552.354,-552.354,3782.7754
2091,0.005503708,5456.119,2117.641,5456.119
2092,0.00550528,7833.3203,7833.3203,7534.9155
2093,0.005506848,7453.881,7453.881,7125.189
2094,0.005508413,6043.994,3642.422,6043.994
2095,0.005509971,5059.242,5059.242,8601.611
2096,0.005511546,4939.422,4939.422,6924.603
2097,0.005513157,5934.9863,3884.153,5934.9863
2098,0.005514767,8052.8657,8052.8657,9554.721
2099,0.005516382,10420.576,10420.576,12333.72
2100,0.005518007,11929.33,9981.931,11929.33
2101,0.005519602,11843.495,11843.495,17102.947
2102,0.005521182,11013.43,11013.43,19184.564
2103,0.005522745,10588.432,9041.038,10588.432
2104,0.005524313,11269.353,11269.353,11090.494
2105,0.005525933,12158.255,12158.255,11114.604
2106,0.005527611,11735.596,4117.181,11735.596
2107,0.005529305,8911.855,8911.855,8087.4395
2108,0.005530993,5136.8096,5136.8096,3963.502
2109,0.005532618,2504.1816,6643.3135,2504.1816
2110,0.00553421,2199.3943,2199.3943,-2077.162
2111,0.0055358,3581.3179,3581.3179,206.74419
2112,0.005537411,5653.1187,3795.3499,5653.1187
2113,0.005539029,7430.303,7430.303,7547.33
2114,0.005540613,8237.765,8237.765,4521.658
2115,0.005542213,7557.58,6368.1646,7557.58
2116,0.005543857,5052.1074,5052.1074,5059.986
2117,0.005545509,1831.832,1831.832,1756.1738
2118,0.005547137,-572.5683,-949.49884,-572.5683
2119,0.005548708,-1240.1523,-1240.1523,450.0098
2120,0.005550216,-1107.6484,-1107.6484,-2001.2714
2121,0.005551705,-1328.037,-1905.5814,-1328.037
2122,0.00555322,-2603.647,-2603.647,2338.627
2123,0.005554777,-4038.5059,-4038.5059,975.03326
2124,0.005556415,-4105.521,-5204.5806,-4105.521
2125,0.005558054,-1729.9716,-1729.9716,-5102.9272
2126,0.005559616,1161.0968,1161.0968,672.02545
2127,0.005561092,2463.877,2733.1846,2463.877
2128,0.005562572,1155.0999,1155.0999,-569.2793
2129,0.005564083,-1387.4486,-1387.4486,-1963.5214
2130,0.005565611,-2943.2246,-3650.3213,-2943.2246
2131,0.005567197,-1804.6138,-1804.6138,-81.20112
2132,0.005568823,854.89124,854.89124,1596.9863
2133,0.005570456,2769.3691,-1500.2684,2769.3691
2134,0.005572084,2225.6863,2225.6863,3424.6738
2135,0.005573679,-30.863508,-30.863508,-877.1777
2136,0.005575252,-2750.8572,-2632.5376,-2750.8572
2137,0.005576845,-5060.8706,-5060.8706,-1064.8027
2138,0.005578504,-6988.1987,-6988.1987,-1480.1385
2139,0.005580187,-8705.17,-4808.7583,-8705.17
2140,0.005581868,-10391.762,-10391.762,-12153.561
2141,0.005583545,-12036.79,-12036.79,-12838.951
2142,0.005585187,-13549.114,-13489.484,-13549.114
2143,0.005586762,-14720.345,-14720.345,-11622.975
2144,0.005588312,-14912.897,-14912.897,-11943.318
2145,0.005589878,-13317.795,-11337.612,-13317.795
2146,0.005591473,-9473.602,-9473.602,-466.9511
2147,0.005593065,-4938.29,-4938.29,732.1817
2148,0.005594629,-1751.8807,-4611.4478,-1751.8807
2149,0.005596193,-1157.0735,-1157.0735,-182.88863
2150,0.00559778,-2154.6746,-2154.6746,-285.7011
2151,0.005599391,-3104.49,-396.0395,-3104.49
2152,0.005600942,-2732.0906,-2732.0906,-3932.0059
2153,0.005602478,-1528.7734,-1528.7734,-1529.6073
2154,0.005604048,-282.16986,-3151.224,-282.16986
2155,0.00560563,276.44022,276.44022,-687.6933
2156,0.005607189,24.50322,24.50322,409.73636
2157,0.005608748,-994.9276,-3049.4402,-994.9276
2158,0.005610301,-2625.4192,-2625.4192,-2033.8807
2159,0.005611893,-4278.01,-4278.01,-4255.3647
2160,0.005613517,-5118.6543,-5979.445,-5118.6543
2161,0.005615156,-4347.4116,-4347.4116,-1660.6777
2162,0.005616809,-1574.8124,-1574.8124,-2240.0994
2163,0.005618459,3432.7363,-1310.573,3432.7363
2164,0.005620075,10248.064,10248.064,10438.002
2165,0.005621659,16612.605,16612.605,15878.064
2166,0.005623215,20061.588,14425.616,20061.588
2167,0.005624773,19061.096,19061.096,20304.5
2168,0.005626358,14984.055,14984.055,13336.274
2169,0.005627949,10152.478,10122.973,10152.478
2170,0.005629505,6659.284,6659.284,12063.431
2171,0.005631079,4914.529,4914.529,7159.7285
2172,0.005632686,5187.119,4305.7266,5187.119
2173,0.005634331,7512.615,7512.615,5257.3457
2174,0.005635987,10578.401,10578.401,7786.9785
2175,0.005637542,12607.682,6415.143,12607.682
2176,0.005639038,12807.635,12807.635,8876.939
2177,0.005640584,11803.74,11803.74,10521.197
2178,0.005642198,10541.002,7661.583,10541.002
2179,0.00564383,9853.374,9853.374,12670.713
2180,0.005645426,9175.71,9175.71,14535.782
2181,0.005647013,7597.533,6292.0693,7597.533
2182,0.005648628,4620.369,4620.369,3922.955
2183,0.00565028,1634.966,1634.966,3587.4707
2184,0.005651956,737.87695,3066.0269,737.87695
2185,0.005653667,3316.904,3316.904,3588.713
2186,0.005655364,7089.2446,7089.2446,7058.088
2187,0.005657007,8927.454,5727.505,8927.454
2188,0.005658607,7190.4663,7190.4663,7780.5566
2189,0.005660207,3989.06,3989.06,7687.1816
2190,0.005661827,2282.4783,1658.5887,2282.4783
2191,0.005663424,4143.063,4143.063,8712.643
2192,0.00566502,7728.7,7728.7,8399.307
2193,0.005666665,10332.479,9986.467,10332.479
2194,0.005668286,9872.463,9872.463,9982.471
2195,0.00566986,8318.416,8318.416,11611.36
2196,0.005671394,8251.885,6451.1406,8251.885
2197,0.005672951,11237.863,11237.863,13778.955
2198,0.005674567,15464.208,15464.208,17592.688
2199,0.005676211,17677.205,15143.834,17677.205
2200,0.005677866,15389.576,15389.576,15208.002
2201,0.0056795,10229.486,10229.486,12710.213
2202,0.005681105,4770.8926,5526.839,4770.8926
2203,0.005682662,943.1061,943.1061,3077.5723
2204,0.005684208,-1290.2014,-1290.2014,1318.502
2205,0.005685763,-2242.115,-3337.8093,-2242.115
2206,0.005687373,-2220.611,-2220.611,-2280.8262
2207,0.005689044,-1769.0183,-1769.0183,-3070.74
2208,0.005690723,-1626.9589,-1470.3907,-1626.9589
2209,0.005692385,-2216.9502,-2216.9502,-1305.1777
2210,0.005694056,-2640.0813,-2640.0813,2725.416
2211,0.00569574,-1636.912,-1428.1788,-1636.912
2212,0.005697381,1437.8711,1437.8711,2310.6426
2213,0.005698978,5202.189,5202.189,7945.533
2214,0.005700578,8077.4785,5056.8916,8077.4785
2215,0.00570222,8785.266,8785.266,6080.9077
2216,0.00570391,7476.8037,7476.8037,5435.4863
2217,0.005705543,4981.736,3463.5222,4981.736
2218,0.005707124,2087.4956,2087.4956,1116.4396
2219,0.00570871,-650.7502,-650.7502,-1443.9589
2220,0.005710285,-2584.7869,-3601.832,-2584.7869
2221,0.00571184,-3274.2659,-3274.2659,-4193.7397
2222,0.005713421,-2902.5889,-2902.5889,-5862.9355
2223,0.005715039,-1748.8262,-1192.7861,-1748.8262
2224,0.005716648,-121.005714,-121.005714,-99.85737
2225,0.005718219,1861.645,1861.645,4818.0723
2226,0.00571973,4122.0566,1896.2057,4122.0566
2227,0.005721203,6510.2383,6510.2383,2922.6426
2228,0.0057227,8403.926,8403.926,10273.26
2229,0.005724291,8853.104,11437.053,8853.104
2230,0.005725878,7056.225,7056.225,4272.83
2231,0.005727452,3926.7715,3926.7715,640.87695
2232,0.005728999,744.3145,1474.291,744.3145
2233,0.00573056,-1602.6991,-1602.6991,-988.6777
2234,0.005732153,-3041.3704,-3041.3704,-3646.0996
2235,0.005733762,-3691.3027,516.32294,-3691.3027
2236,0.005735377,-3709.8813,-3709.8813,-3222.3806
2237,0.005736972,-3266.2283,-3266.2283,-1202.1309
2238,0.005738559,-2523.9978,-3328.897,-2523.9978
2239,0.005740176,-1665.409,-1665.409,-342.1386
2240,0.005741781,-1102.9028,-1102.9028,589.0254
2241,0.005743364,-1257.2792,-6984.1655,-1257.2792
2242,0.00574494,-2349.0627,-2349.0627,-3004.693
2243,0.005746523,-3903.8545,-3903.8545,-4116.092
2244,0.005748137,-5271.0527,-6360.6035,-5271.0527
2245,0.005749716,-5866.611,-5866.611,-8073.1226
2246,0.005751306,-5792.3765,-5792.3765,-8470.811
2247,0.005752916,-5253.404,-6785.404,-5253.404
2248,0.005754553,-4444.831,-4444.831,-5731.4355
2249,0.005756212,-3514.197,-3514.197,-5544.4355
2250,0.005757887,-2605.5212,-220.79698,-2605.5212
2251,0.005759544,-1902.7866,-1902.7866,-7755.787
2252,0.005761178,-1647.9082,-1647.9082,-5269.435
2253,0.00576281,-2091.9902,1929.4834,-2091.9902
2254,0.005764428,-3268.1365,-3268.1365,868.2364
2255,0.005766056,-4376.507,-4376.507,-5149.8496
2256,0.005767684,-4375.7866,-2283.386,-4375.7866
2257,0.005769269,-2705.709,-2705.709,2177.6191
2258,0.005770849,-349.46774,-349.46774,2371.5176
2259,0.005772403,1352.4473,703.63086,1352.4473
2260,0.00577397,1604.7764,1604.7764,-263.73236
2261,0.005775581,1309.9471,1309.9471,2808.8223
2262,0.005777227,1960.1738,2913.4087,1960.1738
2263,0.005778843,4409.3345,4409.3345,3478.088
2264,0.005780455,6919.996,6919.996,7956.205
2265,0.005782052,7151.6895,2218.7356,7151.6895
2266,0.005783631,3773.0771,3773.0771,5559.752
2267,0.005785182,-1058.377,-1058.377,1398.8223
2268,0.005786722,-4601.4976,-4595.114,-4601.4976
2269,0.005788248,-4966.5396,-4966.5396,-7067.045
2270,0.005789752,-3333.4316,-3333.4316,-5225.295
2271,0.005791254,-1508.3418,-2906.704,-1508.3418
2272,0.005792761,-936.94995,-936.94995,-4806.9194
2273,0.00579429,-1805.86,-1805.86,-4512.4043
2274,0.005795851,-4016.8965,-1768.6403,-4016.8965
2275,0.005797433,-7310.604,-7310.604,-13178.1
2276,0.005799035,-10904.897,-10904.897,-9728.381
2277,0.005800648,-13817.981,-10019.287,-13817.981
2278,0.00580229,-15227.692,-15227.692,-14844.787
2279,0.005803959,-14934.744,-14934.744,-13861.576
2280,0.00580565,-12931.7705,-11758.899,-12931.7705
2281,0.005807343,-9440.629,-9440.629,-4211.7715
2282,0.005809,-5443.388,-5443.388,-1203.3184
2283,0.005810661,-1865.7635,-3214.792,-1865.7635
2284,0.00581233,472.66898,472.66898,-712.34955
2285,0.005813973,1459.4038,1459.4038,321.8301
2286,0.005815594,1245.541,-296.83438,1245.541
2287,0.005817176,63.169624,63.169624,3796.322
2288,0.005818745,-1594.5978,-1594.5978,-739.73236
2289,0.005820344,-3226.0837,-1740.038,-3226.0837
2290,0.005821952,-4363.1934,-4363.1934,-8863.482
2291,0.005823553,-5036.362,-5036.362,-8202.404
2292,0.005825159,-5416.5835,-9234.286,-5416.5835
2293,0.005826744,-5620.4927,-5620.4927,-8206.537
2294,0.005828348,-5596.887,-5596.887,-8057.5835
2295,0.005829939,-5244.631,-5801.951,-5244.631
2296,0.005831579,-4404.501,-4404.501,-6373.9194
2297,0.005833196,-2858.5112,-2858.5112,-2790.6072
2298,0.005834808,-339.88083,-1443.9047,-339.88083
2299,0.005836395,3021.118,3021.118,6879.658
2300,0.005838005,5884.907,5884.907,5746.463
2301,0.005839643,6378.8535,4298.007,6378.8535
2302,0.005841243,3539.543,3539.543,5045.486
2303,0.005842795,-38.492203,-38.492203,5571.8457
2304,0.00584434,-1385.0762,313.50906,-1385.0762
2305,0.00584588,1383.809,1383.809,-1410.0214
2306,0.005847425,5969.0366,5969.0366,4027.5098
2307,0.005849001,9002.83,2172.808,9002.83
2308,0.005850566,7889.839,7889.839,6918.83
2309,0.005852079,4479.35,4479.35,6628.291
2310,0.005853568,1307.7832,5083.3,1307.7832
2311,0.005855094,11.9643545,11.9643545,1627.6738
2312,0.005856633,-342.35672,-342.35672,-1382.0057
2313,0.005858166,-1503.6387,-1843.9762,-1503.6387
2314,0.005859666,-4522.2334,-4522.2334,-5029.592
2315,0.005861165,-8108.5166,-8108.5166,-9241.467
2316,0.005862673,-10387.317,-7593.892,-10387.317
2317,0.005864202,-9893.981,-9893.981,-7510.49
2318,0.005865768,-7096.7036,-7096.7036,-5533.3184
2319,0.005867393,-3016.2087,-7112.949,-3016.2087
2320,0.005869063,1177.7457,1177.7457,-3369.904
2321,0.005870679,4549.887,4549.887,5078.1895
2322,0.005872257,6668.9707,2382.0085,6668.9707
2323,0.005873817,7337.094,7337.094,3927.3145
2324,0.00587536,7150.495,7150.495,4821.174
2325,0.00587689,6869.447,5627.0815,6869.447
2326,0.005878461,7029.682,7029.682,8109.5093
2327,0.005880035,7345.932,7345.932,5028.7437
2328,0.005881647,7294.244,4608.6416,7294.244
2329,0.005883211,6531.9155,6531.9155,5619.5566
2330,0.00588473,5442.4785,5442.4785,4065.8064
2331,0.005886223,4497.408,3893.568,4497.408
2332,0.005887704,3945.8352,3945.8352,8024.291
2333,0.005889209,3298.7898,3298.7898,3225.8457
2334,0.005890768,1816.6973,-629.4889,1816.6973
2335,0.005892336,-887.288,-887.288,-7311.0054
2336,0.005893867,-3652.827,-3652.827,-10048.115
2337,0.005895391,-5159.8413,-4810.584,-5159.8413
2338,0.005896953,-4460.016,-4460.016,-2978.959
2339,0.005898545,-2298.6877,-2298.6877,0.15043792
2340,0.00590015,-40.169876,3.4555492,-40.169876
2341,0.005901755,1209.5233,1209.5233,2144.2598
2342,0.005903364,1678.3467,1678.3467,1450.0723
2343,0.005905021,1932.877,428.65524,1932.877
2344,0.005906602,2434.0237,2434.0237,8326.033
2345,0.00590811,3261.573,3261.573,4658.377
2346,0.005909662,4500.9316,-343.95773,4500.9316
2347,0.005911229,6006.011,6006.011,5344.8535
2348,0.005912788,6911.5767,6911.5767,5538.2124
2349,0.00591437,6182.127,4800.51,6182.127
2350,0.005915959,3183.2676,3183.2676,-481.7558
2351,0.00591751,-718.51654,-718.51654,126.77544
2352,0.005919015,-3877.4746,-1903.9369,-3877.4746
2353,0.005920546,-5199.6396,-5199.6396,-3799.1853
2354,0.00592208,-4491.859,-4491.859,-3193.1619
2355,0.005923558,-2036.998,-6703.801,-2036.998
2356,0.005925053,1866.617,1866.617,518.2911
2357,0.005926588,6156.4575,6156.4575,3834.041
2358,0.005928218,9409.119,3636.539,9409.119
2359,0.005929913,10096.835,10096.835,4418.674
2360,0.005931583,8955.396,8955.396,8739.494
2361,0.005933219,7428.0723,6169.826,7428.0723
2362,0.005934768,6489.69,6489.69,5838.416
2363,0.005936253,5671.5063,5671.5063,5226.799
2364,0.005937713,4306.4395,4803.3623,4306.4395
2365,0.005939166,1976.4237,1976.4237,-281.33392
2366,0.005940667,-1054.9052,-1054.9052,-5983.224
2367,0.005942247,-4254.5527,-4312.1323,-4254.5527
2368,0.005943838,-6842.7812,-6842.7812,-4457.271
2369,0.005945451,-8469.206,-8469.206,-8819.389
2370,0.00594709,-8813.411,-10569.727,-8813.411
2371,0.005948718,-7747.2607,-7747.2607,-8579.256
2372,0.005950316,-5927.5786,-5927.5786,-5927.8647
2373,0.00595189,-4119.459,-4520.0244,-4119.459
2374,0.005953446,-2818.263,-2818.263,-4318.9043
2375,0.005955027,-1659.9952,-1659.9952,-3355.9822
2376,0.005956656,-60.56831,-3190.596,-60.56831
2377,0.005958313,2393.4597,2393.4597,4857.3535
2378,0.005959977,5270.7153,5270.7153,8627.416
2379,0.005961639,7919.494,7217.474,7919.494
2380,0.005963278,9801.013,9801.013,11053.767
2381,0.005964909,10898.583,10898.583,9092.595
2382,0.005966518,11280.9,3917.969,11280.9
2383,0.005968147,11020.403,11020.403,8049.3066
2384,0.00596975,10202.238,10202.238,3511.3457
2385,0.005971313,8941.486,4657.9224,8941.486
2386,0.005972895,7306.82,7306.82,6998.197
2387,0.00597451,5516.9385,5516.9385,-869.3964
2388,0.005976126,3894.9707,7472.604,3894.9707
2389,0.005977757,2672.0269,2672.0269,8538.838
2390,0.005979371,1892.2678,1892.2678,1486.8145
2391,0.005980956,1511.0332,984.7407,1511.0332
2392,0.005982509,1440.8082,1440.8082,2061.7988
2393,0.00598408,1461.467,1461.467,2161.8457
2394,0.005985688,1315.0723,3300.7004,1315.0723
2395,0.005987321,823.5714,823.5714,1123.5098
2396,0.005988929,248.81909,248.81909,1042.5254
2397,0.005990475,-65.85737,3024.1526,-65.85737
2398,0.005992029,19.192303,19.192303,-1983.326
2399,0.005993618,77.60849,77.60849,-2296.8884
2400,0.005995187,-487.11517,-2852.4954,-487.11517
2401,0.005996735,-1945.2194,-1945.2194,-1350.8262
2402,0.005998305,-3466.7078,-3466.7078,-2334.3416
2403,0.005999922,-3838.3103,-718.4979,-3838.3103
2404,0.006001553,-2082.432,-2082.432,-3939.6387
2405,0.006003192,1174.6061,1174.6061,179.82231
2406,0.006004814,4827.1895,925.1786,4827.1895
2407,0.006006427,7914.7964,7914.7964,8518.572
2408,0.006008028,9722.536,9722.536,8003.6265
2409,0.006009567,9668.502,8269.909,9668.502
2410,0.00601108,7573.2695,7573.2695,5908.627
2411,0.006012619,4042.4402,4042.4402,1311.5645
2412,0.006014206,-81.857376,3715.5398,-81.857376
2413,0.006015836,-3944.6243,-3944.6243,-948.7089
2414,0.006017448,-7248.6816,-7248.6816,-5545.279
2415,0.006019047,-10057.708,-4575.6694,-10057.708
2416,0.006020644,-12454.767,-12454.767,-10878.287
2417,0.006022248,-14585.72,-14585.72,-12723.958
2418,0.006023838,-16575.99,-13635.513,-16575.99
2419,0.006025421,-18443.945,-18443.945,-21292.08
2420,0.006027017,-19640.615,-19640.615,-23102.709
2421,0.006028636,-19410.225,-15181.296,-19410.225
2422,0.006030235,-17287.275,-17287.275,-17120.387
2423,0.006031812,-13935.543,-13935.543,-14502.053
2424,0.006033382,-10190.224,-10838.2,-10190.224
2425,0.00603496,-6733.8223,-6733.8223,-9591.475
2426,0.006036533,-3857.003,-3857.003,-8042.8965
2427,0.006038135,-1663.6698,-3805.3142,-1663.6698
2428,0.006039754,-143.71236,-143.71236,2598.7598
2429,0.006041341,1553.7861,1553.7861,3073.6816
2430,0.006042935,4554.369,4149.5713,4554.369
2431,0.00604458,9496.82,9496.82,8903.502
2432,0.006046259,14252.162,14252.162,12509.4
2433,0.006047922,15768.36,9289.185,15768.36
2434,0.006049567,12273.824,12273.824,10111.26
2435,0.006051205,5925.3936,5925.3936,6163.0405
2436,0.00605278,-55.38081,-477.9628,-55.38081
2437,0.006054317,-3713.7056,-3713.7056,-2677.4434
2438,0.00605588,-5460.0884,-5460.0884,-5161.076
2439,0.006057452,-6037.4824,-5788.131,-6037.4824
2440,0.006059049,-6075.216,-6075.216,-6890.045
2441,0.006060662,-5426.033,-5426.033,-3658.654
2442,0.006062302,-3719.3496,-4529.6035,-3719.3496
2443,0.006063878,-1005.06714,-1005.06714,-1221.1309
2444,0.006065447,1855.6074,1855.6074,1745.5723
2445,0.006066968,3720.205,2617.5042,3720.205
2446,0.006068431,3924.8513,3924.8513,6486.549
2447,0.006069898,2728.049,2728.049,4717.4785
2448,0.006071412,431.27542,-1006.76697,431.27542
2449,0.006072973,-2593.9229,-2593.9229,-3369.0525
2450,0.006074532,-5691.6465,-5691.6465,-6162.5913
2451,0.006076099,-8256.74,-8072.9326,-8256.74
2452,0.006077669,-9813.501,-9813.501,-11823.544
2453,0.006079258,-10571.177,-10571.177,-9833.006
2454,0.006080832,-10893.575,-9315.29,-10893.575
2455,0.006082417,-10992.092,-10992.092,-14244.7
2456,0.006084004,-10339.86,-10339.86,-15886.506
2457,0.00608559,-8231.803,-7976.6636,-8231.803
2458,0.006087183,-4386.884,-4386.884,-2564.5527
2459,0.006088755,-387.63193,-387.63193,-2584.0212
2460,0.006090351,1915.9395,1434.7963,1915.9395
2461,0.006091941,1173.7034,1173.7034,-1983.1776
2462,0.006093523,-1105.6316,-1105.6316,-3727.154
2463,0.006095107,-2777.5525,-1928.6561,-2777.5525
2464,0.006096681,-2274.9111,-2274.9111,-1496.2323
2465,0.00609823,-363.38016,-363.38016,-962.2948
2466,0.006099755,1699.2988,-2478.0256,1699.2988
2467,0.006101275,2926.626,2926.626,1375.916
2468,0.006102785,2959.0046,2959.0046,-1557.9354
2469,0.006104318,1565.0645,-119.745155,1565.0645
2470,0.006105895,-1297.5298,-1297.5298,-5902.326
2471,0.006107421,-4255.0044,-4255.0044,-7226.342
2472,0.0061089,-5935.998,-4902.8306,-5935.998
2473,0.006110408,-5550.289,-5550.289,-5732.701
2474,0.006111973,-3912.4822,-3912.4822,-2339.2712
2475,0.00611348,-2574.9978,-1705.0869,-2574.9978
2476,0.00611493,-2555.874,-2555.874,-3178.5996
2477,0.006116382,-3714.8345,-3714.8345,-8145.4976
2478,0.006117875,-5775.3647,-5034.3154,-5775.3647
2479,0.006119402,-8168.8755,-8168.8755,-6924.818
2480,0.006120994,-9245.785,-9245.785,-2014.8964
2481,0.006122568,-6871.006,-4715.511,-6871.006
2482,0.006124098,-193.3895,-193.3895,1702.4316
2483,0.00612561,8392.549,8392.549,9988.54
2484,0.006127105,15849.158,7377.2163,15849.158
2485,0.006128603,20027.535,20027.535,19142.322
2486,0.006130128,21388.465,21388.465,20017.117
2487,0.006131629,21054.494,18698.113,21054.494
2488,0.006133172,20085.959,20085.959,24058.502
2489,0.006134755,19098.219,19098.219,22246.033
2490,0.006136329,18674.377,13262.915,18674.377
2491,0.006137907,19218.86,19218.86,20027.314
2492,0.00613947,20543.73,20543.73,22223.37
2493,0.006141037,22342.525,16835.637,22342.525
2494,0.006142589,24132.697,24132.697,22672.25
2495,0.006144088,24891.98,24891.98,22710.158
2496,0.006145581,23624.838,20291.06,23624.838
2497,0.006147113,19593.99,19593.99,19313.088
2498,0.006148704,13837.846,13837.846,14384.774
2499,0.00615032,8330.854,5256.186,8330.854
2500,0.00615195,4660.5396,4660.5396,4968.158
2501,0.006153582,2355.1375,2355.1375,1294.7598
2502,0.006155162,441.24417,-991.9699,441.24417
2503,0.006156675,-1743.2219,-1743.2219,-2504.912
2504,0.006158153,-3851.6313,-3851.6313,-5397.67
2505,0.00615964,-5352.7637,-2634.1487,-5352.7637
2506,0.006161119,-5778.871,-5778.871,-3294.623
2507,0.006162583,-5251.0835,-5251.0835,-6800.5444
2508,0.006164069,-3987.8572,-4388.6426,-3987.8572
2509,0.006165568,-2243.1597,-2243.1597,-6651.5293
2510,0.006167109,-362.4158,-362.4158,-5114.498
2511,0.006168669,1176.416,-2724.7942,1176.416
2512,0.006170253,1985.0447,1985.0447,3780.4707
2513,0.006171834,2044.3632,2044.3632,2042.791
2514,0.006173429,1455.627,247.73685,1455.627
2515,0.006174992,368.3731,368.3731,-2419.2634
2516,0.006176534,-1017.8196,-1017.8196,-1065.2246
2517,0.006178078,-2522.8574,-4404.863,-2522.8574
2518,0.006179616,-3931.3066,-3931.3066,-638.3886
2519,0.006181196,-5006.7217,-5006.7217,-2546.2634
2520,0.006182801,-5406.592,-6031.2817,-5406.592
2521,0.006184422,-4911.1543,-4911.1543,-5484.342
2522,0.006186046,-3829.2285,-3829.2285,-5676.3965
2523,0.006187696,-2593.1853,-5252.6157,-2593.1853
2524,0.00618934,-1631.4983,-1631.4983,-2329.6543
2525,0.006190919,-1118.964,-1118.964,-551.2558
2526,0.006192449,-1098.6229,-980.81335,-1098.6229
2527,0.006193965,-1556.2931,-1556.2931,-545.34955
2528,0.006195522,-2234.8015,-2234.8015,-2373.0527
2529,0.006197144,-2768.3184,-1764.1587,-2768.3184
2530,0.006198799,-2824.3018,-2824.3018,-2821.373
2531,0.006200475,-2562.013,-2562.013,-1148.662
2532,0.006202124,-2294.0527,-1375.6989,-2294.0527
2533,0.006203644,-2353.4312,-2353.4312,-5514.2637
2534,0.00620512,-3186.513,-3186.513,-4301.2163
2535,0.006206645,-5408.2085,-1210.5774,-5408.2085
2536,0.006208234,-9434.673,-9434.673,-7523.334
2537,0.006209822,-13989.033,-13989.033,-8817.186
2538,0.006211437,-17529.475,-15657.587,-17529.475
2539,0.006213062,-18794.762,-18794.762,-22297.277
2540,0.006214654,-18525.29,-18525.29,-20367.81
2541,0.006216249,-17940.396,-20203.797,-17940.396
2542,0.006217861,-17956.807,-17956.807,-14268.146
2543,0.006219475,-18437.541,-18437.541,-17039.402
2544,0.006221108,-18970.05,-19150.033,-18970.05
2545,0.006222762,-19212.004,-19212.004,-18974.959
2546,0.006224429,-19188.48,-19188.48,-19738.957
2547,0.006226097,-19029.217,-15105.799,-19029.217
2548,0.006227767,-18785.43,-18785.43,-18668.248
2549,0.006229428,-18186.172,-18186.172,-16838.053
2550,0.006231003,-16969.037,-19075.324,-16969.037
2551,0.006232604,-14952.01,-14952.01,-14854.122
2552,0.006234274,-12659.265,-12659.265,-10818.521
2553,0.006235958,-11038.88,-10975.483,-11038.88
2554,0.006237609,-10651.819,-10651.819,-8705.545
2555,0.00623925,-10585.067,-10585.067,-6464.615
2556,0.006240903,-9622.389,-8240.386,-9622.389
2557,0.006242562,-6881.921,-6881.921,-8448.084
2558,0.006244158,-3081.001,-3081.001,-4265.1934
2559,0.006245667,819.4786,-1943.925,819.4786
2560,0.006247139,4328.62,4328.62,2166.0176
2561,0.006248632,7372.8223,7372.8223,6338.1426
2562,0.006250144,9798.299,9685.188,9798.299
2563,0.006251646,11451.252,11451.252,11165.501
2564,0.006253175,12370.306,12370.306,10631.486
2565,0.006254764,12552.236,9485.298,12552.236
2566,0.006256381,12001.748,12001.748,11571.338
2567,0.006257962,10921.3,10921.3,12396.096
2568,0.006259496,9548.08,8482.309,9548.08
2569,0.006260996,8114.3486,8114.3486,11204.579
2570,0.006262467,6998.098,6998.098,11098.486
2571,0.006263921,6579.6816,4150.955,6579.6816
2572,0.006265363,6982.042,6982.042,8213.752
2573,0.006266809,7355.076,7355.076,11355.979
2574,0.006268309,6536.088,4655.437,6536.088
2575,0.006269881,3592.6226,3592.6226,2196.6582
2576,0.006271484,-188.12752,-188.12752,-377.8261
2577,0.006273079,-2737.5684,-4436.451,-2737.5684
2578,0.006274714,-2662.9775,-2662.9775,-5105.3413
2579,0.006276365,-1002.20306,-1002.20306,-6811.154
2580,0.00627798,387.48636,-3246.625,387.48636
2581,0.006279578,279.8701,279.8701,161.02544
2582,0.006281168,-673.4206,-673.4206,-863.35736
2583,0.006282772,-1397.8651,-3500.656,-1397.8651
2584,0.006284377,-1210.6602,-1210.6602,-1209.2635
2585,0.006285943,-1127.9076,-1127.9076,219.60356
2586,0.006287522,-2526.9822,-3417.1213,-2526.9822
2587,0.006289101,-6192.0093,-6192.0093,-3831.6543
2588,0.006290658,-10436.373,-10436.373,-7055.646
2589,0.006292182,-13125.764,-11820.679,-13125.764
2590,0.006293703,-12895.064,-12895.064,-8741.717
2591,0.006295239,-10462.059,-10462.059,-9570.529
2592,0.006296792,-7104.084,-10419.117,-7104.084
2593,0.006298378,-4048.81,-4048.81,-6791.4824
2594,0.006299955,-2256.907,-2256.907,-5185.8184
2595,0.006301503,-2444.037,-1232.0239,-2444.037
2596,0.00630305,-4848.9404,-4848.9404,-4408.8496
2597,0.006304609,-8051.253,-8051.253,-10473.287
2598,0.00630617,-10122.498,-6345.553,-10122.498
2599,0.006307744,-9585.494,-9585.494,-10880.739
2600,0.006309315,-6845.534,-6845.534,-5174.42
2601,0.006310897,-2771.1387,-6026.556,-2771.1387
2602,0.006312385,1363.0818,1363.0818,-4390.4824
2603,0.006313826,4510.6733,4510.6733,4167.299
2604,0.006315245,5653.345,2181.949,5653.345
2605,0.006316707,4128.6274,4128.6274,5810.0254
2606,0.006318269,942.83,942.83,4721.1895
2607,0.006319924,-1813.2559,-1500.3403,-1813.2559
2608,0.006321567,-2081.4668,-2081.4668,-1249.0215
2609,0.006323196,-726.49335,-726.49335,6142.2983
2610,0.006324785,751.6504,-3796.0188,751.6504
2611,0.006326355,1382.993,1382.993,-2227.2559
2612,0.006327952,1663.3876,1663.3876,504.8223
2613,0.00632961,2493.8066,361.17932,2493.8066
2614,0.006331241,4438.276,4438.276,-683.0058
2615,0.006332839,6686.2886,6686.2886,2427.7363
2616,0.00633446,8229.893,6954.5625,8229.893
2617,0.006336079,8271.416,8271.416,12246.596
2618,0.006337687,7365.8677,7365.8677,10071.463
2619,0.006339262,6388.6113,7097.137,6388.6113
2620,0.006340839,5862.996,5862.996,3004.533
2621,0.006342458,5232.2295,5232.2295,5227.635
2622,0.006344091,3629.1113,3731.3127,3629.1113
2623,0.006345724,574.41064,574.41064,-4289.756
2624,0.006347356,-2786.092,-2786.092,-4170.4277
2625,0.006348982,-4902.373,-1900.6763,-4902.373
2626,0.006350565,-4729.469,-4729.469,-3545.1619
2627,0.006352139,-2983.5542,-2983.5542,185.45512
2628,0.006353728,-663.8652,-277.37485,-663.8652
2629,0.006355314,1277.1477,1277.1477,-1167.3418
2630,0.006356929,2338.657,2338.657,-1487.4198
2631,0.006358499,2078.463,-2493.6655,2078.463
2632,0.006360008,458.48508,458.48508,3869.6816
2633,0.006361461,-1755.1625,-1755.1625,864.9082
2634,0.006362924,-3839.912,-3476.3074,-3839.912
2635,0.006364467,-5260.568,-5260.568,-7923.896
2636,0.006366012,-6200.6846,-6200.6846,-7777.7637
2637,0.006367582,-7234.334,-6594.577,-7234.334
2638,0.006369182,-8788.06,-8788.06,-12198.036
2639,0.006370874,-10649.457,-10649.457,-15514.857
2640,0.006372581,-12193.795,-11840.029,-12193.795
2641,0.006374284,-12823.639,-12823.639,-10081.061
2642,0.006375978,-11959.847,-11959.847,-9658.342
2643,0.006377643,-9092.153,-8271.497,-9092.153
2644,0.006379294,-4161.618,-4161.618,-4064.67
2645,0.006380898,1043.7168,1043.7168,-525.5136
2646,0.00638247,4662.6035,-1866.8812,4662.6035
2647,0.00638403,5568.468,5568.468,3438.6191
2648,0.006385606,4861.754,4861.754,5210.181
2649,0.00638718,4215.2363,3525.999,4215.2363
2650,0.006388753,4852.526,4852.526,1341.4629
2651,0.006390337,6147.4326,6147.4326,5615.5566
2652,0.006391912,6977.463,3156.6765,6977.463
2653,0.006393508,6420.037,6420.037,6808.963
2654,0.006395131,4256.0474,4256.0474,-599.3964
2655,0.00639677,484.3926,-1083.3154,484.3926
2656,0.006398402,-4476.0464,-4476.0464,-2596.3025
2657,0.006400026,-8919.143,-8919.143,-1027.4589
2658,0.006401638,-10864.356,-7431.062,-10864.356
2659,0.006403232,-9126.427,-9126.427,-7293.248
2660,0.00640481,-5277.48,-5277.48,-3449.334
2661,0.006406394,-1408.6776,-1716.5471,-1408.6776
2662,0.00640799,836.2731,836.2731,-3724.6697
2663,0.006409622,1737.1691,1737.1691,-1090.076
2664,0.006411262,2074.7754,1788.84,2074.7754
2665,0.006412934,2502.8853,2502.8853,2338.7988
2666,0.006414593,2806.1484,2806.1484,2790.6191
2667,0.006416203,2586.6738,1639.2842,2586.6738
2668,0.006417778,1651.6564,1651.6564,3810.3457
2669,0.006419386,323.29596,323.29596,1021.7051
2670,0.00642104,-892.5214,-2125.8118,-892.5214
2671,0.006422658,-1501.3567,-1501.3567,-4996.42
2672,0.006424239,-1539.1942,-1539.1942,-1291.7635
2673,0.00642582,-1127.2557,-452.84445,-1127.2557
2674,0.006427412,-450.0254,-450.0254,354.9551
2675,0.006429038,-64.28234,-64.28234,1538.3536
2676,0.00643067,-676.52924,-1400.229,-676.52924
2677,0.006432278,-2599.1636,-2599.1636,-3597.943
2678,0.006433866,-4790.6816,-4790.6816,-4765.0684
2679,0.006435455,-5963.2793,-4156.575,-5963.2793
2680,0.006437081,-5181.9326,-5181.9326,-6528.0054
2681,0.006438723,-3172.8965,-3172.8965,-4823.037
2682,0.006440356,-1209.6464,-4156.065,-1209.6464
2683,0.006441989,-174.51317,-174.51317,3843.4004
2684,0.006443649,475.95972,475.95972,2732.6504
2685,0.006445355,1696.7207,1282.0686,1696.7207
2686,0.006447057,4134.1406,4134.1406,11371.127
2687,0.006448743,7086.3145,7086.3145,6869.3457
2688,0.00645044,9599.056,7290.3555,9599.056
2689,0.006452108,10875.865,10875.865,9784.51
2690,0.00645374,11144.099,11144.099,13099.243
2691,0.006455343,10829.385,4309.6064,10829.385
2692,0.006456975,10186.687,10186.687,7002.181
2693,0.006458637,9047.147,9047.147,8100.1035
2694,0.006460293,7166.392,9043.352,7166.392
2695,0.006461919,4437.048,4437.048,5209.791
2696,0.006463534,1071.7971,1071.7971,3359.322
2697,0.00646513,-2599.6074,1252.4147,-2599.6074
2698,0.006466737,-6135.8896,-6135.8896,-7875.154
2699,0.006468344,-8153.2534,-8153.2534,-9446.756
2700,0.006469916,-7147.0835,-6447.7246,-7147.0835
2701,0.006471442,-2683.4739,-2683.4739,-5702.623
2702,0.006472954,2836.7576,2836.7576,4936.8613
2703,0.006474508,6498.1895,4532.2554,6498.1895
2704,0.006476074,5867.3164,5867.3164,5701.6113
2705,0.006477617,2649.0132,2649.0132,9721.752
2706,0.006479161,-559.748,124.95293,-559.748
2707,0.006480691,-1845.1011,-1845.1011,-4335.756
2708,0.006482234,-2002.8702,-2002.8702,-4088.365
2709,0.006483796,-2480.2478,-2811.984,-2480.2478
2710,0.006485383,-4244.6,-4244.6,-2791.318
2711,0.006486902,-5863.4062,-5863.4062,-5735.4585
2712,0.006488405,-5666.873,-2320.6582,-5666.873
2713,0.006489937,-2542.383,-2542.383,166.82231
2714,0.006491493,2045.6383,2045.6383,4488.2363
2715,0.006493049,5743.9785,2634.0989,5743.9785
2716,0.006494567,6758.5186,6758.5186,3341.3691
2717,0.006496061,5514.313,5514.313,7068.4
2718,0.006497526,2844.752,4335.3843,2844.752
2719,0.006499019,-692.9032,-692.9032,89.82231
2720,0.006500518,-4647.1606,-4647.1606,-5390.459
2721,0.006502048,-8713.06,-8335.086,-8713.06
2722,0.006503607,-12500.251,-12500.251,-12440.24
2723,0.006505184,-15643.225,-15643.225,-13936.5205
2724,0.006506792,-17816.8,-13495.8545,-17816.8
2725,0.0065084,-18684.098,-18684.098,-14896.201
2726,0.006509989,-18231.531,-18231.531,-18402.428
2727,0.006511554,-16544.771,-15141.579,-16544.771
2728,0.006513114,-13767.679,-13767.679,-15088.045
2729,0.006514669,-10434.364,-10434.364,-11540.638
2730,0.006516257,-7092.9116,-6796.5557,-7092.9116
2731,0.006517834,-4364.4116,-4364.4116,-217.55267
2732,0.006519432,-2247.1172,-2247.1172,-2633.318
2733,0.006521097,-652.0214,-1856.3634,-652.0214
2734,0.006522768,354.42184,354.42184,6072.1113
2735,0.006524407,588.88324,588.88324,2896.8926
2736,0.006526043,-142.5058,1590.1847,-142.5058
2737,0.006527696,-1942.7743,-1942.7743,1035.1348
2738,0.006529354,-4330.143,-4330.143,-1625.9276
2739,0.006531012,-6665.06,-4486.8623,-6665.06
2740,0.006532658,-8366.345,-8366.345,-6833.037
2741,0.006534301,-9141.367,-9141.367,-8851.764
2742,0.006535945,-8746.936,-7299.934,-8746.936
2743,0.006537538,-7263.9385,-7263.9385,-9595.099
2744,0.006539051,-5776.692,-5776.692,-6371.6855
2745,0.006540534,-5309.279,-4899.8696,-5309.279
2746,0.006542023,-6444.6025,-6444.6025,-5524.3496
2747,0.006543558,-8175.3813,-8175.3813,-6496.599
2748,0.00654509,-8875.865,-7660.5425,-8875.865
2749,0.006546598,-7430.4326,-7430.4326,-6777.4277
2750,0.006548093,-4503.088,-4503.088,-2143.818
2751,0.006549587,-1107.0604,-2623.3982,-1107.0604
2752,0.00655109,1841.8932,1841.8932,661.8848
2753,0.006552618,3717.915,3717.915,2607.7441
2754,0.006554175,3878.2988,4031.091,3878.2988
2755,0.006555729,1986.9677,1986.9677,2708.8535
2756,0.006557301,-1044.5938,-1044.5938,-4265.959
2757,0.006558876,-3911.545,-1333.3643,-3911.545
2758,0.006560484,-5639.221,-5639.221,-1198.1151
2759,0.006562114,-6442.142,-6442.142,-646.4277
2760,0.006563737,-6916.8496,-4370.6294,-6916.8496
2761,0.006565339,-7506.6914,-7506.6914,-6940.717
2762,0.006566976,-7969.989,-7969.989,-3855.0215
2763,0.006568653,-7828.2007,-8206.758,-7828.2007
2764,0.006570274,-6826.574,-6826.574,-3320.748
2765,0.006571877,-5460.643,-5460.643,3740.791
2766,0.006573491,-4351.9746,-4613.4917,-4351.9746
2767,0.006575108,-4101.429,-4101.429,-5133.701
2768,0.006576716,-5075.2197,-5075.2197,-4570.974
2769,0.006578294,-7518.943,-2563.5312,-7518.943
2770,0.006579905,-11502.328,-11502.328,-17165.91
2771,0.006581534,-15641.15,-15641.15,-20906.951
2772,0.006583123,-18082.365,-12596.784,-18082.365
2773,0.006584671,-17811.662,-17811.662,-16060.178
2774,0.006586192,-15746.068,-15746.068,-14087.7705
2775,0.006587713,-13084.404,-13665.249,-13084.404
2776,0.006589239,-10768.79,-10768.79,-14433.053
2777,0.006590771,-8822.682,-8822.682,-7539.3413
2778,0.006592323,-7018.748,-9909.754,-7018.748
2779,0.006593903,-5199.249,-5199.249,-7074.529
2780,0.006595529,-3483.27,-3483.27,-4848.67
2781,0.006597118,-2169.9043,-2564.9902,-2169.9043
2782,0.006598667,-1296.2759,-1296.2759,-2653.2712
2783,0.006600187,-348.50858,-348.50858,-3338.7087
2784,0.006601698,1281.1035,3742.0632,1281.1035
2785,0.006603225,3891.8083,3891.8083,1538.1035
2786,0.00660479,6450.0947,6450.0947,2004.2207
2787,0.006606388,7379.6113,3751.0054,7379.6113
2788,0.006607986,5656.7617,5656.7617,5410.5176
2789,0.006609602,2882.8828,2882.8828,3314.955
2790,0.006611245,1418.3302,-1472.0361,1418.3302
2791,0.006612926,3100.4238,3100.4238,6309.6035
2792,0.006614595,6603.861,6603.861,7614.463
2793,0.006616236,9775.096,3466.9949,9775.096
2794,0.006617873,11263.942,11263.942,10509.001
2795,0.006619509,12120.154,12120.154,14861.627
2796,0.006621161,14019.674,11329.022,14019.674
2797,0.00662287,18248.28,18248.28,20017.705
2798,0.006624542,23389.145,23389.145,23951.344
2799,0.006626213,27731.268,18956.2,27731.268
2800,0.00662786,29875.438,29875.438,31216.408
2801,0.006629502,30048.291,30048.291,30826.775
2802,0.006631137,28785.385,23765.855,28785.385
2803,0.006632746,26472.062,26472.062,28345.541
2804,0.006634384,22653.408,22653.408,22719.908
2805,0.006635992,16930.22,15742.794,16930.22
2806,0.006637515,9610.242,9610.242,10283.579
2807,0.006639021,2012.4052,2012.4052,70.80669
2808,0.006640555,-4212.6074,-2451.4727,-4212.6074
2809,0.006642103,-7460.0845,-7460.0845,-4462.2944
2810,0.006643671,-7938.044,-7938.044,-7083.42
2811,0.006645251,-6327.4116,-4546.656,-6327.4116
2812,0.006646872,-3311.5413,-3311.5413,-2394.404
2813,0.006648504,255.71872,255.71872,-1606.9823
2814,0.006650122,3452.127,2335.4722,3452.127
2815,0.006651775,5637.787,5637.787,5171.385
2816,0.006653435,6654.2495,6654.2495,7711.978
2817,0.006655103,6569.8223,1880.89,6569.8223
2818,0.00665676,5394.0005,5394.0005,2758.111
2819,0.00665839,2879.5105,2879.5105,1355.8691
2820,0.006659959,-1154.8026,1165.3138,-1154.8026
2821,0.006661508,-6710.197,-6710.197,-4854.7793
2822,0.006663044,-12582.289,-12582.289,-11614.271
2823,0.006664581,-17351.662,-12656.78,-17351.662
2824,0.006666136,-19941.943,-19941.943,-19670.975
2825,0.006667709,-20714.0,-20714.0,-19571.576
2826,0.006669325,-20452.615,-17424.773,-20452.615
2827,0.006670944,-19830.646,-19830.646,-19910.03
2828,0.006672541,-18803.748,-18803.748,-19920.748
2829,0.006674141,-17113.287,-20858.027,-17113.287
2830,0.006675763,-14618.276,-14618.276,-14983.873
2831,0.006677375,-11844.666,-11844.666,-10845.739
2832,0.006678955,-9449.778,-10883.596,-9449.778
2833,0.006680494,-7766.434,-7766.434,-9170.779
2834,0.006682029,-6141.3423,-6141.3423,-4784.0215
2835,0.006683536,-3813.9587,-4093.0046,-3813.9587
2836,0.006685028,-381.50604,-381.50604,-217.19331
2837,0.006686546,3255.3132,3255.3132,5423.9624
2838,0.006688117,5701.5645,5118.066,5701.5645
2839,0.006689778,5775.393,5775.393,877.666
2840,0.006691484,4594.482,4594.482,2696.9316
2841,0.006693106,4224.6816,3322.1536,4224.6816
2842,0.006694689,5812.448,5812.448,-314.0136
2843,0.006696262,8284.87,8284.87,2781.2832
2844,0.006697817,10083.713,7782.84,10083.713
2845,0.006699386,10115.846,10115.846,16712.807
2846,0.006700919,8841.828,8841.828,13206.354
2847,0.006702444,7075.799,7438.3774,7075.799
2848,0.006703973,5460.0947,5460.0947,6456.3926
2849,0.006705473,4189.4995,4189.4995,3291.5723
2850,0.006706991,3267.1348,2470.3777,3267.1348
2851,0.006708584,2688.6255,2688.6255,6085.26
2852,0.006710211,2281.5725,2281.5725,3945.0332
2853,0.006711822,1776.9238,30.261497,1776.9238
2854,0.006713427,968.4632,968.4632,481.47073
2855,0.006714938,21.62759,21.62759,1262.2676
2856,0.0067164,-919.3027,53.210674,-919.3027
2857,0.006717898,-1778.4271,-1778.4271,-3518.8103
2858,0.006719462,-2488.134,-2488.134,-3310.1387
2859,0.006721013,-2943.7634,-3499.9934,-2943.7634
2860,0.006722567,-3161.8801,-3161.8801,-5164.654
2861,0.006724067,-3414.3025,-3414.3025,-5548.8105
2862,0.006725471,-3975.4666,-2118.2305,-3975.4666
2863,0.006726862,-5036.566,-5036.566,-4884.3413
2864,0.006728271,-6533.032,-6533.032,-5193.646
2865,0.006729773,-8411.623,-9132.144,-8411.623
2866,0.00673136,-10406.314,-10406.314,-13244.114
2867,0.006732942,-11719.606,-11719.606,-15178.67
2868,0.006734506,-11589.959,-11039.301,-11589.959
2869,0.006736112,-9574.862,-9574.862,-5675.3027
2870,0.006737708,-6808.0347,-6808.0347,-5581.6616
2871,0.006739307,-4779.279,-7040.5156,-4779.279
2872,0.006740951,-4542.1685,-4542.1685,-2728.9512
2873,0.00674265,-5271.051,-5271.051,-4297.974
2874,0.006744366,-5415.154,-4557.1973,-5415.154
2875,0.006746042,-3849.179,-3849.179,-697.5605
2876,0.006747685,-1257.2253,-1257.2253,-1664.7246
2877,0.006749336,1407.7129,3292.9321,1407.7129
2878,0.006750989,3330.1304,3330.1304,6999.556
2879,0.006752626,4437.27,4437.27,4937.174
2880,0.006754213,4868.6426,3474.665,4868.6426
2881,0.006755762,4759.092,4759.092,4869.6035
2882,0.006757337,4072.8071,4072.8071,5040.1187
2883,0.006758919,2731.8926,1443.5983,2731.8926
2884,0.006760487,799.6881,799.6881,3631.7595
2885,0.006762035,-1231.2333,-1231.2333,2372.6973
2886,0.006763577,-2814.1543,675.2387,-2814.1543
2887,0.006765113,-3576.7986,-3576.7986,-2636.2324
2888,0.006766638,-3856.4346,-3856.4346,-3139.6152
2889,0.006768147,-4153.3965,-2312.6282,-4153.3965
2890,0.006769638,-4738.173,-4738.173,-1905.5292
2891,0.006771114,-5072.3916,-5072.3916,-2617.404
2892,0.006772576,-4453.388,-4035.022,-4453.388
2893,0.006774073,-2359.8328,-2359.8328,-2161.7559
2894,0.006775631,826.465,826.465,4387.0645
2895,0.006777163,4132.7285,263.31863,4132.7285
2896,0.006778647,6859.5474,6859.5474,7861.51
2897,0.006780116,9052.974,9052.974,10995.971
2898,0.006781621,10882.76,9174.273,10882.76
2899,0.006783189,12343.519,12343.519,13822.157
2900,0.006784752,12916.907,12916.907,10650.096
2901,0.006786302,12083.658,12132.451,12083.658
2902,0.0067879,9529.622,9529.622,6814.892
2903,0.006789456,6382.6416,6382.6416,3550.5488
2904,0.006790962,3918.3926,1331.7769,3918.3926
2905,0.006792427,2881.9072,2881.9072,4004.2751
2906,0.006793899,2797.645,2797.645,2931.3223
2907,0.006795374,2977.6504,3440.6743,2977.6504
2908,0.006796868,2873.9387,2873.9387,4832.3535
2909,0.006798406,2551.441,2551.441,3196.541
2910,0.006799981,2263.0254,1249.5349,2263.0254
2911,0.00680158,2189.5454,2189.5454,5123.0566
2912,0.006803222,2079.531,2079.531,6419.1187
2913,0.006804899,1530.6816,-118.93204,1530.6816
2914,0.006806554,361.6999,361.6999,1060.1973
2915,0.006808193,-788.78577,-788.78577,-1576.8417
2916,0.006809812,-1117.9746,3152.1492,-1117.9746
2917,0.006811396,-181.54796,-181.54796,4465.635
2918,0.006812961,1337.1908,1337.1908,1097.3613
2919,0.006814494,2536.166,-3065.732,2536.166
2920,0.006815987,2742.3096,2742.3096,4979.377
2921,0.0068175,1780.302,1780.302,2548.8613
2922,0.006819045,-501.59955,1766.6945,-501.59955
2923,0.006820623,-4032.592,-4032.592,-3825.943
2924,0.006822234,-7718.77,-7718.77,-6831.0996
2925,0.006823785,-9994.357,-9071.122,-9994.357
2926,0.006825277,-10079.681,-10079.681,-7110.8887
2927,0.006826743,-8489.123,-8489.123,-7411.506
2928,0.006828224,-5838.8105,-3008.8792,-5838.8105
2929,0.006829733,-2736.9783,-2736.9783,-6716.076
2930,0.006831283,98.38374,98.38374,-1450.3104
2931,0.006832793,1749.8145,-1169.8561,1749.8145
2932,0.006834284,1795.0992,1795.0992,3549.916
2933,0.006835795,679.52545,679.52545,914.3223
2934,0.006837302,-909.3886,-4020.5757,-909.3886
2935,0.006838825,-2478.2769,-2478.2769,-369.07614
2936,0.006840369,-4242.8906,-4242.8906,-5149.0054
2937,0.006841946,-6644.0054,-4234.553,-6644.0054
2938,0.006843531,-9888.016,-9888.016,-9578.7
2939,0.006845096,-13308.869,-13308.869,-15495.216
2940,0.006846721,-16235.864,-13431.772,-16235.864
2941,0.006848318,-17844.51,-17844.51,-13375.154
2942,0.006849888,-18359.834,-18359.834,-16072.161
2943,0.006851491,-18163.504,-12044.5,-18163.504
2944,0.006853119,-17515.451,-17515.451,-22036.123
2945,0.006854755,-16376.52,-16376.52,-17300.178
2946,0.006856382,-14643.56,-13156.8125,-14643.56
2947,0.006857979,-12417.614,-12417.614,-10522.311
2948,0.006859543,-10439.616,-10439.616,-8400.568
2949,0.006861048,-9520.575,-11418.991,-9520.575
2950,0.006862519,-9971.35,-9971.35,-10083.014
2951,0.00686401,-10884.237,-10884.237,-9000.732
2952,0.006865527,-10999.092,-5461.3403,-10999.092
2953,0.006867072,-9369.658,-9369.658,-10930.568
2954,0.006868689,-6732.4385,-6732.4385,-5337.396
2955,0.006870416,-4546.6694,-8095.8867,-4546.6694
2956,0.006872073,-4193.414,-4193.414,-4043.9666
2957,0.00687367,-4481.3105,-4481.3105,-5162.4585
2958,0.006875245,-3941.4587,-2770.6648,-3941.4587
2959,0.006876846,-1594.0886,-1594.0886,3990.486
2960,0.006878445,1634.644,1634.644,4918.244
2961,0.006880019,4320.119,3000.572,4320.119
2962,0.006881529,5545.9517,5545.9517,307.502
2963,0.006883005,6002.5327,6002.5327,2896.4316
2964,0.006884496,6601.8765,3940.6704,6601.8765
2965,0.006886015,8000.89,8000.89,6559.2437
2966,0.006887578,9838.613,9838.613,12217.26
2967,0.006889183,11383.486,5088.897,11383.486
2968,0.006890841,11877.644,11877.644,8997.893
2969,0.006892509,10862.721,10862.721,7423.213
2970,0.006894122,8163.369,4025.4324,8163.369
2971,0.00689574,3791.4236,3791.4236,-27.1855
2972,0.006897345,-966.04144,-966.04144,-3813.537
2973,0.006898916,-4571.506,-3342.4893,-4571.506
2974,0.006900464,-5990.623,-5990.623,-4785.865
2975,0.006901996,-5313.304,-5313.304,-8904.936
2976,0.006903518,-2860.7244,-4374.4824,-2860.7244
2977,0.006904985,712.25635,712.25635,104.267624
2978,0.006906439,4106.6377,4106.6377,1177.0488
2979,0.006907939,5850.22,2012.7455,5850.22
2980,0.006909459,4832.9434,4832.9434,7585.306
2981,0.006910956,2912.6123,2912.6123,4013.9863
2982,0.006912455,2572.3223,6682.9595,2572.3223
2983,0.006913967,5424.018,5424.018,6460.9316
2984,0.006915488,9378.838,9378.838,9416.041
2985,0.006917022,11315.22,8105.5005,11315.22
2986,0.006918581,9027.081,9027.081,10589.774
2987,0.006920096,4900.0,4900.0,3748.8223
2988,0.006921602,2112.1816,5918.7515,2112.1816
2989,0.006923207,2996.784,2996.784,7001.7515
2990,0.006924867,6175.867,6175.867,10168.876
2991,0.006926565,8550.619,5702.852,8550.619
2992,0.006928269,7631.8555,7631.8555,4651.752
2993,0.006929898,4965.2593,4965.2593,3934.7595
2994,0.006931464,2733.2285,3537.9832,2733.2285
2995,0.006932994,2174.271,2174.271,4077.4707
2996,0.006934498,2459.2534,2459.2534,3821.3223
2997,0.006936009,2363.5254,-417.26773,2363.5254
2998,0.006937557,876.34784,876.34784,-316.66205
2999,0.006939168,-2073.1094,-2073.1094,-4331.342
3000,0.00694084,-6229.115,-785.623,-6229.115
3001,0.006942528,-11073.405,-11073.405,-8911.436
3002,0.006944213,-15912.183,-15912.183,-17614.06
3003,0.00694587,-20007.7,-13319.728,-20007.7
3004,0.006947509,-22812.299,-22812.299,-19404.48
3005,0.006949173,-23963.66,-23963.66,-25084.135
3006,0.006950856,-22995.635,-19387.11,-22995.635
3007,0.006952503,-19907.598,-19907.598,-20582.94
3008,0.00695411,-16022.189,-16022.189,-11038.7705
3009,0.006955713,-12727.936,-13480.869,-12727.936
3010,0.0069573,-11008.096,-11008.096,-8901.131
3011,0.006958868,-10069.179,-10069.179,-9677.162
3012,0.006960413,-8755.334,-5611.689,-8755.334
3013,0.006961953,-6251.0654,-6251.0654,-5549.7085
3014,0.0069635,-2905.3618,-2905.3618,-4747.3027
3015,0.006965072,658.291,-730.5158,658.291
3016,0.006966676,3926.8733,3926.8733,7783.0176
3017,0.006968337,7127.89,7127.89,9587.658
3018,0.006970008,10577.533,7951.1694,10577.533
3019,0.006971663,14268.369,14268.369,10471.955
3020,0.006973298,16778.777,16778.777,18460.908
3021,0.006974864,16508.041,16310.049,16508.041
3022,0.006976406,12826.358,12826.358,9290.041
3023,0.006977944,7567.458,7567.458,8094.6187
3024,0.006979467,3190.7441,7092.8047,3190.7441
3025,0.006980986,1300.1293,1300.1293,-660.09955
3026,0.006982564,659.65924,659.65924,2108.9707
3027,0.006984167,-782.66986,2998.308,-782.66986
3028,0.006985744,-4458.0337,-4458.0337,-2898.0918
3029,0.006987351,-9168.219,-9168.219,-8258.451
3030,0.006989014,-12851.349,-6338.021,-12851.349
3031,0.006990677,-13613.644,-13613.644,-10397.1455
3032,0.006992341,-12060.066,-12060.066,-10361.232
3033,0.006993996,-9398.506,-5499.8916,-9398.506
3034,0.006995621,-6778.099,-6778.099,-1506.8573
3035,0.006997251,-4955.801,-4955.801,3428.955
3036,0.00699889,-4691.7866,-4370.071,-4691.7866
3037,0.007000559,-6319.5967,-6319.5967,-10672.388
3038,0.007002249,-8159.918,-8159.918,-3984.1619
3039,0.00700393,-7909.701,-3020.951,-7909.701
3040,0.007005611,-4284.143,-4284.143,-2940.076
3041,0.007007266,70.212326,70.212326,685.0254
3042,0.007008902,1794.4238,2410.3206,1794.4238
3043,0.007010536,-1157.0099,-1157.0099,-6066.6772
3044,0.007012173,-6181.043,-6181.043,-10760.1
3045,0.007013812,-9473.755,-6069.1997,-9473.755
3046,0.007015418,-8371.5625,-8371.5625,-6642.373
3047,0.007017018,-4569.4307,-4569.4307,-2154.3494
3048,0.007018607,-681.28705,-3706.675,-681.28705
3049,0.007020185,1382.9716,1382.9716,1632.8457
3050,0.007021805,2191.491,2191.491,3378.205
3051,0.007023416,2874.1738,2798.7307,2874.1738
3052,0.007024977,4222.3735,4222.3735,2518.127
3053,0.007026503,5659.7617,5659.7617,7547.541
3054,0.007028033,6371.4,4205.056,6371.4
3055,0.007029595,5642.802,5642.802,3705.1504
3056,0.007031233,3279.6216,3279.6216,1334.4785
3057,0.007032871,-551.1464,689.60077,-551.1464
3058,0.007034436,-5217.0166,-5217.0166,-7787.6777
3059,0.007035959,-9570.298,-9570.298,-10332.044
3060,0.007037463,-12424.271,-9860.389,-12424.271
3061,0.007038961,-12898.237,-12898.237,-14513.209
3062,0.007040487,-11183.39,-11183.39,-10724.873
3063,0.007042035,-7731.037,-12100.287,-7731.037
3064,0.007043621,-2975.7712,-2975.7712,-233.91986
3065,0.00704522,2546.1501,2546.1501,3070.4863
3066,0.007046825,8309.955,1409.7028,8309.955
3067,0.007048442,13731.307,13731.307,11632.744
3068,0.007050056,17803.197,17803.197,13585.446
3069,0.007051664,19497.143,13230.058,19497.143
3070,0.007053246,18154.627,18154.627,13802.861
3071,0.007054811,14351.233,14351.233,11014.572
3072,0.007056364,8876.268,10477.53,8876.268
3073,0.00705792,2414.556,2414.556,239.16606
3074,0.007059454,-4229.124,-4229.124,-3502.0134
3075,0.007060969,-10401.552,-8676.451,-10401.552
3076,0.007062506,-15666.896,-15666.896,-18642.209
3077,0.007064112,-19703.158,-19703.158,-21266.35
3078,0.007065811,-21962.322,-19341.338,-21962.322
3079,0.007067496,-21984.703,-21984.703,-23814.592
3080,0.007069092,-20606.922,-20606.922,-23562.24
3081,0.007070674,-18690.678,-18457.898,-18690.678
3082,0.007072313,-16808.48,-16808.48,-13393.731
3083,0.00707396,-15156.682,-15156.682,-14072.7705
3084,0.007075546,-13790.302,-15080.598,-13790.302
3085,0.007077104,-12619.045,-12619.045,-9508.099
3086,0.007078691,-11386.78,-11386.78,-9222.357
3087,0.007080334,-9793.49,-8108.043,-9793.49
3088,0.007081978,-7649.1543,-7649.1543,-5526.537
3089,0.007083611,-4980.895,-4980.895,-2042.4042
3090,0.007085219,-1892.1542,-1793.752,-1892.1542
3091,0.007086815,1388.2708,1388.2708,-1814.1385
3092,0.007088404,3929.433,3929.433,2477.83
3093,0.007089966,4648.463,4598.3213,4648.463
3094,0.007091511,3059.7324,3059.7324,683.1738
3095,0.007093081,483.03015,483.03015,-2929.545
3096,0.00709465,-1173.3496,-2022.7384,-1173.3496
3097,0.007096226,-542.4195,-542.4195,-448.52142
3098,0.007097819,1623.9967,1623.9967,3453.916
3099,0.007099367,3901.502,32.65973,3901.502
3100,0.007100887,5334.134,5334.134,7689.0176
3101,0.007102408,6087.3467,6087.3467,6943.2593
3102,0.007103971,6557.4863,5314.3745,6557.4863
3103,0.007105587,7043.904,7043.904,6889.7905
3104,0.007107163,7401.1367,7401.1367,9507.994
3105,0.007108671,7429.697,2618.124,7429.697
3106,0.007110147,6984.539,6984.539,8001.58
3107,0.007111649,5924.4683,5924.4683,5593.799
3108,0.007113218,4038.6895,4959.471,4038.6895
3109,0.007114839,1292.3207,1292.3207,1360.1973
3110,0.007116447,-1515.3806,-1515.3806,-1534.3887
3111,0.007118001,-3474.8806,-1548.5964,-3474.8806
3112,0.007119483,-4130.6113,-4130.6113,-3874.5837
3113,0.007120947,-3996.8264,-3996.8264,-4297.3027
3114,0.007122436,-3677.5684,-5846.903,-3677.5684
3115,0.007123945,-3676.447,-3676.447,-5746.513
3116,0.007125486,-4035.7837,-4035.7837,-4760.115
3117,0.00712703,-4658.3887,-4330.1504,-4658.3887
3118,0.007128577,-5336.9688,-5336.9688,-3070.3887
3119,0.007130112,-5445.4297,-5445.4297,-4985.373
3120,0.007131633,-4291.7397,-5343.592,-4291.7397
3121,0.007133168,-1590.7075,-1590.7075,588.83014
3122,0.007134699,1130.451,1130.451,1676.9238
3123,0.007136206,1939.7285,1663.2576,1939.7285
3124,0.00713773,-178.94173,-178.94173,-2672.1934
3125,0.007139232,-2858.8647,-2858.8647,-6238.0444
3126,0.007140743,-3017.1384,-3872.7524,-3017.1384
3127,0.007142321,1808.1902,1808.1902,2373.994
3128,0.00714397,10064.561,10064.561,7283.8535
3129,0.007145617,18070.4,10763.153,18070.4
3130,0.007147238,22903.744,22903.744,31227.283
3131,0.007148871,24570.363,24570.363,28476.469
3132,0.007150478,23586.898,22480.719,23586.898
3133,0.00715208,20462.086,20462.086,22197.854
3134,0.007153666,15457.845,15457.845,19197.072
3135,0.007155238,8757.408,11279.427,8757.408
3136,0.007156807,711.587,711.587,-684.8339
3137,0.007158388,-7436.576,-7436.576,-6911.5054
3138,0.007159994,-14129.381,-7777.429,-14129.381
3139,0.007161573,-17794.748,-17794.748,-7213.8027
3140,0.007163179,-18177.062,-18177.062,-11147.231
3141,0.007164813,-14972.6,-14505.1875,-14972.6
3142,0.007166479,-8380.919,-8380.919,-10189.381
3143,0.007168129,-1077.1663,-1077.1663,-1788.4198
3144,0.007169791,3968.7441,-1721.3177,3968.7441
3145,0.007171489,4566.5474,4566.5474,3126.9941
3146,0.007173202,2547.429,2547.429,3024.127
3147,0.007174841,1039.8145,2792.745,1039.8145
3148,0.007176371,1696.8153,1696.8153,-380.70892
3149,0.007177882,2728.5789,2728.5789,-226.95113
3150,0.00717941,1774.3379,2497.572,1774.3379
3151,0.007180963,-2798.3943,-2798.3943,-4070.7556
3152,0.007182566,-9086.036,-9086.036,-7541.5366
3153,0.007184166,-13670.443,-9907.319,-13670.443
3154,0.00718575,-14200.313,-14200.313,-11648.631
3155,0.007187325,-12064.611,-12064.611,-6400.709
3156,0.007188919,-9433.1455,-6879.3203,-9433.1455
3157,0.007190521,-8100.3535,-8100.3535,-10433.568
3158,0.007192114,-7954.0024,-7954.0024,-8670.951
3159,0.007193717,-8387.021,-8385.526,-8387.021
3160,0.007195366,-8888.206,-8888.206,-11216.169
3161,0.00719702,-9234.419,-9234.419,-12316.498
3162,0.007198612,-9299.506,-9126.089,-9299.506
3163,0.00720018,-8991.526,-8991.526,-6346.9272
3164,0.007201733,-8205.657,-8205.657,-7038.826
3165,0.007203314,-6793.1387,-6656.9917,-6793.1387
3166,0.007204942,-4689.911,-4689.911,-1831.8651
3167,0.00720656,-2437.6863,-2437.6863,-1940.5214
3168,0.007208108,-697.0527,507.6651,-697.0527
3169,0.00720966,196.63272,196.63272,-1324.2715
3170,0.007211253,193.3954,193.3954,-4942.131
3171,0.007212846,-669.8105,2094.3667,-669.8105
3172,0.007214455,-2155.8354,-2155.8354,-720.54486
3173,0.007216077,-3267.657,-3267.657,-4637.224
3174,0.007217678,-2806.5916,-2183.6096,-2806.5916
3175,0.007219268,-1.2254957,-1.2254957,675.45514
3176,0.007220877,4652.1953,4652.1953,4655.8613
3177,0.007222511,10296.963,4407.6025,10296.963
3178,0.007224145,15863.483,15863.483,14808.821
3179,0.007225721,20066.557,20066.557,18717.549
3180,0.007227292,22027.979,17086.97,22027.979
3181,0.007228873,21138.6,21138.6,21425.36
3182,0.007230486,18570.908,18570.908,18821.104
3183,0.007232119,16116.104,16992.584,16116.104
3184,0.007233755,15145.901,15145.901,14166.596
3185,0.007235391,14829.422,14829.422,13612.525
3186,0.007236981,13834.642,12286.661,13834.642
3187,0.007238572,11294.05,11294.05,12810.018
3188,0.007240104,8140.0615,8140.0615,11118.057
3189,0.007241593,5464.4316,5495.0317,5464.4316
3190,0.007243113,3866.642,3866.642,4812.885
3191,0.007244643,2879.8633,2879.8633,5862.33
3192,0.007246193,1637.377,3012.6938,1637.377
3193,0.007247762,-446.78537,-446.78537,1350.0645
3194,0.007249374,-2675.1436,-2675.1436,-1227.1854
3195,0.007250993,-3843.6855,-801.9579,-3843.6855
3196,0.007252568,-3228.8198,-3228.8198,-5165.1074
3197,0.007254106,-1795.9529,-1795.9529,-3007.9043
3198,0.007255622,-741.2714,-6117.2876,-741.2714
3199,0.007257133,-957.11975,-957.11975,-3893.5605
3200,0.007258644,-2466.6067,-2466.6067,-5910.959
3201,0.007260157,-5082.615,-7419.988,-5082.615
3202,0.007261733,-8651.044,-8651.044,-9581.31
3203,0.00726338,-12391.226,-12391.226,-11911.139
3204,0.007265018,-15046.075,-11919.807,-15046.075
3205,0.007266621,-15836.463,-15836.463,-12823.834
3206,0.007268188,-15170.84,-15170.84,-12491.881
3207,0.007269742,-13638.764,-11672.396,-13638.764
3208,0.007271301,-11744.97,-11744.97,-13829.842
3209,0.007272857,-9964.84,-9964.84,-12262.692
3210,0.007274416,-8747.381,-9024.511,-8747.381
3211,0.007276018,-8475.917,-8475.917,-13397.498
3212,0.007277665,-9273.093,-9273.093,-10405.232
3213,0.007279284,-11070.795,-13384.145,-11070.795
3214,0.007280861,-13704.329,-13704.329,-10000.826
3215,0.007282461,-17027.441,-17027.441,-11369.021
3216,0.007284148,-20933.52,-14483.146,-20933.52
3217,0.00728589,-24900.273,-24900.273,-26858.758
3218,0.007287598,-27624.824,-27624.824,-28544.139
3219,0.007289266,-27987.906,-23133.812,-27987.906
3220,0.007290893,-25577.969,-25577.969,-25554.045
3221,0.007292517,-22008.7,-22008.7,-23355.992
3222,0.007294122,-19376.238,-18382.148,-19376.238
3223,0.007295711,-19037.775,-19037.775,-16969.975
3224,0.007297371,-20011.996,-20011.996,-18226.535
3225,0.007299045,-20563.271,-16592.678,-20563.271
3226,0.00730066,-19337.498,-19337.498,-22934.076
3227,0.007302235,-16691.816,-16691.816,-18876.605
3228,0.007303781,-13261.505,-10404.969,-13261.505
3229,0.007305292,-9610.248,-9610.248,-9519.614
3230,0.007306824,-6003.926,-6003.926,-7292.8184
3231,0.007308454,-2690.412,-3757.6484,-2690.412
3232,0.007310101,-177.48944,-177.48944,4754.26
3233,0.007311693,1782.6044,1782.6044,5350.3613
3234,0.007313251,3706.2363,250.7377,3706.2363
3235,0.007314804,5884.1885,5884.1885,9314.9
3236,0.007316398,7892.7393,7892.7393,10785.299
3237,0.007318009,8974.837,8138.7554,8974.837
3238,0.007319625,8636.001,8636.001,8398.025
3239,0.007321251,7446.913,7446.913,7324.4395
3240,0.007322811,6305.845,4389.226,6305.845
3241,0.007324319,5781.7744,5781.7744,5698.3613
3242,0.007325807,5777.77,5777.77,4955.2676
3243,0.007327297,6090.814,3719.665,6090.814
3244,0.007328806,6530.476,6530.476,14578.869
3245,0.007330387,6888.4727,6888.4727,11753.049
3246,0.007331989,6889.213,-456.43292,6889.213
3247,0.00733358,6284.461,6284.461,6142.385
3248,0.007335138,4924.2383,4924.2383,4107.494
3249,0.007336688,2651.7673,2524.565,2651.7673
3250,0.00733823,-472.97028,-472.97028,1103.4629
3251,0.007339776,-3589.3152,-3589.3152,-4964.584
3252,0.007341349,-5615.8184,-4164.959,-5615.8184
3253,0.007342948,-5721.1455,-5721.1455,352.42386
3254,0.007344589,-4658.305,-4658.305,-2875.1697
3255,0.00734626,-3729.3574,-5568.8633,-3729.3574
3256,0.007347922,-4071.2676,-4071.2676,-1342.5215
3257,0.007349598,-5692.8257,-5692.8257,-5458.2324
3258,0.007351259,-8281.904,-9551.485,-8281.904
3259,0.007352906,-11442.473,-11442.473,-14725.747
3260,0.00735454,-14424.5,-14424.5,-17166.709
3261,0.007356195,-16444.975,-13262.112,-16444.975
3262,0.00735787,-16837.29,-16837.29,-13921.693
3263,0.007359529,-15905.524,-15905.524,-13624.5205
3264,0.007361182,-14216.803,-14448.909,-14216.803
3265,0.007362782,-12186.887,-12186.887,-14539.95
3266,0.007364313,-9488.861,-9488.861,-10399.061
3267,0.007365798,-5649.576,-7673.588,-5649.576
3268,0.007367281,-488.07526,-488.07526,-878.1152
3269,0.007368807,4777.689,4777.689,3834.1113
3270,0.007370365,8175.744,4449.641,8175.744
3271,0.007371954,8167.8696,8167.8696,6028.416
3272,0.007373559,5716.3477,5716.3477,721.03326
3273,0.007375126,2652.7676,1678.4663,2652.7676
3274,0.007376683,252.83948,252.83948,-2284.0603
3275,0.007378258,-1656.1205,-1656.1205,-4807.013
3276,0.007379852,-3567.6074,-2445.7617,-3567.6074
3277,0.007381472,-5798.077,-5798.077,-4380.271
3278,0.007383091,-7740.051,-7740.051,-7654.974
3279,0.007384713,-8595.365,-9069.721,-8595.365
3280,0.007386338,-7893.3433,-7893.3433,-9010.686
3281,0.007387983,-6515.0303,-6515.0303,-5126.826
3282,0.007389615,-5747.6772,-4157.3486,-5747.6772
3283,0.007391226,-6434.129,-6434.129,-8767.669
3284,0.00739282,-7884.429,-7884.429,-9066.966
3285,0.007394331,-9058.029,-8206.155,-9058.029
3286,0.007395834,-9385.35,-9385.35,-10437.889
3287,0.00739735,-9093.155,-9093.155,-9016.811
3288,0.007398823,-8633.092,-7997.7886,-8633.092
3289,0.007400306,-8230.338,-8230.338,-9560.498
3290,0.0074018,-7381.421,-7381.421,-9511.678
3291,0.007403289,-5403.5522,-5421.9746,-5403.5522
3292,0.007404813,-1880.9014,-1880.9014,-2206.3184
3293,0.007406326,1915.3928,1915.3928,2091.3145
3294,0.007407831,4426.283,938.53973,4426.283
3295,0.007409349,4647.9624,4647.9624,3851.0488
3296,0.007410862,3678.539,3678.539,3742.6504
3297,0.007412392,3175.9785,2890.892,3175.9785
3298,0.007413975,4427.1035,4427.1035,2549.2832
3299,0.007415577,6660.1924,6660.1924,4104.205
3300,0.007417171,8437.01,8732.264,8437.01
3301,0.007418823,8651.662,8651.662,7551.228
3302,0.007420463,7408.0396,7408.0396,5901.8687
3303,0.007422086,5248.9473,6428.1865,5248.9473
3304,0.007423708,2708.2415,2708.2415,2388.2205
3305,0.007425294,543.3964,543.3964,599.87695
3306,0.00742684,-575.91205,1848.8862,-575.91205
3307,0.007428354,-292.95816,-292.95816,-734.5527
3308,0.007429937,988.66113,988.66113,1106.6036
3309,0.007431594,2617.205,4000.5088,2617.205
3310,0.007433233,3816.9045,3816.9045,4104.252
3311,0.007434827,4371.3643,4371.3643,2997.9473
3312,0.007436398,4227.9004,5279.1987,4227.9004
3313,0.007437985,3411.8364,3411.8364,4642.908
3314,0.007439605,2419.649,2419.649,2517.0251
3315,0.007441205,1941.9941,153.43155,1941.9941
3316,0.007442822,2348.9314,2348.9314,2702.213
3317,0.007444471,2889.597,2889.597,1735.5879
3318,0.007446123,2445.58,4113.771,2445.58
3319,0.007447718,384.99173,384.99173,-2236.3416
3320,0.007449234,-2366.897,-2366.897,-4379.584
3321,0.007450745,-4899.5137,-2985.4124,-4899.5137
3322,0.007452284,-6448.1704,-6448.1704,-5953.8574
3323,0.007453862,-6832.654,-6832.654,-7714.2163
3324,0.007455474,-6027.724,-4400.185,-6027.724
3325,0.007457085,-4174.641,-4174.641,-3291.818
3326,0.007458675,-1860.1917,-1860.1917,-3282.5525
3327,0.007460249,285.44733,-532.4822,285.44733
3328,0.007461827,1823.1553,1823.1553,4509.83
3329,0.007463458,2898.9705,2898.9705,4597.0957
3330,0.007465119,3762.6348,3402.6772,3762.6348
3331,0.007466677,4547.423,4547.423,5909.619
3332,0.007468248,5119.121,5119.121,4866.1113
3333,0.007469808,5180.6973,5159.142,5180.6973
3334,0.007471348,4696.8115,4696.8115,7580.799
3335,0.007472887,4547.897,4547.897,6200.0723
3336,0.007474451,5876.97,1824.3048,5876.97
3337,0.007476054,9449.177,9449.177,9710.994
3338,0.007477679,13833.954,13833.954,17105.002
3339,0.007479278,16863.775,12224.775,16863.775
3340,0.007480836,17094.994,17094.994,11806.157
3341,0.007482341,15023.178,15023.178,11852.947
3342,0.007483812,11444.807,11872.223,11444.807
3343,0.007485331,6806.299,6806.299,12328.408
3344,0.007486927,1751.3768,1751.3768,6808.3457
3345,0.007488582,-2700.4353,-1488.7322,-2700.4353
3346,0.007490242,-5544.6533,-5544.6533,-4093.6775
3347,0.007491887,-6832.632,-6832.632,-6224.115
3348,0.007493509,-6893.8335,-10260.324,-6893.8335
3349,0.00749511,-6047.329,-6047.329,-5886.631
3350,0.007496737,-4528.982,-4528.982,-4071.6152
3351,0.00749836,-2617.334,-3140.7302,-2617.334
3352,0.007500013,-517.0594,-517.0594,-3212.1228
3353,0.00750162,1501.6315,1501.6315,-2945.4668
3354,0.007503232,3352.2676,3683.8918,3352.2676
3355,0.00750481,4857.3154,4857.3154,5663.377
3356,0.007506399,5958.871,5958.871,4312.65
3357,0.007508004,6548.0723,6381.958,6548.0723
3358,0.007509613,6440.2036,6440.2036,5948.4785
3359,0.007511253,5154.5356,5154.5356,5313.424
3360,0.007512874,2194.9395,4041.38,2194.9395
3361,0.007514474,-2561.607,-2561.607,-6269.537
3362,0.007516025,-7877.5347,-7877.5347,-14771.177
3363,0.007517578,-12586.584,-7155.7764,-12586.584
3364,0.007519209,-15716.906,-15716.906,-17357.482
3365,0.007520816,-16827.719,-16827.719,-18419.201
3366,0.007522393,-16097.544,-12270.925,-16097.544
3367,0.007523972,-13758.76,-13758.76,-15707.083
3368,0.007525575,-10421.728,-10421.728,-13634.186
3369,0.007527212,-6856.9355,-10509.939,-6856.9355
3370,0.007528855,-3788.9487,-3788.9487,-915.2636
3371,0.007530496,-1114.8633,-1114.8633,-1753.7323
3372,0.007532135,1483.9786,-528.3156,1483.9786
3373,0.007533743,4182.458,4182.458,7256.6113
3374,0.007535351,6892.389,6892.389,7888.76
3375,0.007536966,9399.635,4296.923,9399.635
3376,0.007538566,11314.924,11314.924,12153.479
3377,0.007540139,11783.347,11783.347,10657.564
3378,0.007541738,9814.321,3776.7554,9814.321
3379,0.007543304,4951.553,4951.553,-1918.6152
3380,0.007544839,-1476.6885,-1476.6885,449.77542
3381,0.00754641,-8139.2007,-1837.6057,-8139.2007
3382,0.007548002,-13500.394,-13500.394,-14431.732
3383,0.007549587,-16761.133,-16761.133,-15486.88
3384,0.00755119,-17453.209,-13132.321,-17453.209
3385,0.007552829,-15291.886,-15291.886,-19452.357
3386,0.007554498,-11433.33,-11433.33,-16226.42
3387,0.007556149,-7659.1543,-6564.3853,-7659.1543
3388,0.007557773,-5212.838,-5212.838,-3363.8337
3389,0.007559339,-3634.0688,-3634.0688,-4272.912
3390,0.007560872,-2082.8027,-938.5373,-2082.8027
3391,0.007562421,-65.37377,-65.37377,-195.88863
3392,0.007563972,1671.7395,1671.7395,3267.9941
3393,0.007565541,2086.838,3795.2173,2086.838
3394,0.007567142,398.83185,398.83185,379.377
3395,0.007568754,-2651.8833,-2651.8833,-5535.2554
3396,0.007570366,-5862.513,-4142.344,-5862.513
3397,0.007571897,-8070.687,-8070.687,-2917.9824
3398,0.00757343,-8926.9,-8926.9,-2757.795
3399,0.007574979,-7990.42,-8904.587,-7990.42
3400,0.007576584,-4954.553,-4954.553,-5946.5054
3401,0.007578179,-876.01215,-876.01215,-2759.0134
3402,0.007579758,2914.6033,3603.9514,2914.6033
3403,0.007581329,5389.7095,5389.7095,-569.1933
3404,0.007582913,6378.416,6378.416,6577.158
3405,0.007584524,5850.8687,3972.7168,5850.8687
3406,0.00758616,3971.0425,3971.0425,5827.564
3407,0.00758783,1809.9045,1809.9045,4398.291
3408,0.007589516,810.252,442.83527,810.252
3409,0.00759118,1882.7299,1882.7299,3209.0645
3410,0.007592857,3803.3174,3803.3174,4336.2285
3411,0.007594532,4793.994,2471.302,4793.994
3412,0.007596187,3742.8103,3742.8103,7892.9707
3413,0.007597832,2039.924,2039.924,6067.392
3414,0.007599459,1614.7988,1006.04224,1614.7988
3415,0.007601094,3704.5083,3704.5083,-2253.365
3416,0.007602727,6992.158,6992.158,5515.369
3417,0.007604311,9475.384,8193.758,9475.384
3418,0.00760582,9836.926,9836.926,4567.26
3419,0.007607313,8181.22,8181.22,2063.2363
3420,0.007608842,4636.916,3310.7097,4636.916
3421,0.00761043,-515.9255,-515.9255,4233.58
3422,0.007612041,-5674.569,-5674.569,-2519.334
3423,0.00761369,-8900.864,-7148.8374,-8900.864
3424,0.007615344,-8549.855,-8549.855,-7787.5684
3425,0.00761696,-5353.8027,-5353.8027,-5652.849
3426,0.007618521,-637.6855,-3387.168,-637.6855
3427,0.007620063,4484.229,4484.229,2089.127
3428,0.007621638,8560.686,8560.686,4200.385
3429,0.007623205,9694.259,14521.6045,9694.259
3430,0.007624784,6886.8164,6886.8164,3042.5723
3431,0.007626402,2158.8164,2158.8164,4408.6426
3432,0.007627998,-1273.7012,2361.446,-1273.7012
3433,0.007629595,-1334.6787,-1334.6787,-2166.4512
3434,0.007631217,505.0604,505.0604,-2090.2402
3435,0.007632822,1743.4083,1940.7067,1743.4083
3436,0.007634409,620.5297,620.5297,2120.455
3437,0.007635929,-1928.8396,-1928.8396,-1082.748
3438,0.00763741,-4593.5215,1266.8066,-4593.5215
3439,0.007638927,-6464.2744,-6464.2744,-2761.6543
3440,0.007640515,-7090.104,-7090.104,918.6192
3441,0.007642067,-6160.185,-4245.8374,-6160.185
3442,0.007643587,-3770.7153,-3770.7153,-3577.1855
3443,0.007645079,-832.84985,-832.84985,-22.623
3444,0.007646564,1660.9473,704.9939,1660.9473
3445,0.007648092,2962.4622,2962.4622,6654.9863
3446,0.007649667,3089.4653,3089.4653,683.8301
3447,0.007651308,2322.166,5562.886,2322.166
3448,0.00765291,1220.7241,1220.7241,2211.916
3449,0.007654496,786.16376,786.16376,2366.744
3450,0.007656102,2141.2676,3129.3108,2141.2676
3451,0.007657726,5920.7188,5920.7188,4608.494
3452,0.007659329,10304.621,10304.621,12372.806
3453,0.007660925,13057.729,10342.235,13057.729
3454,0.00766255,12647.428,12647.428,12068.01
3455,0.007664127,10477.651,10477.651,12154.424
3456,0.007665713,8546.861,6461.469,8546.861
3457,0.007667348,8277.505,8277.505,7328.4863
3458,0.007669062,8649.372,8649.372,6497.4155
3459,0.007670748,7735.3613,6053.3354,7735.3613
3460,0.007672379,4462.6523,4462.6523,4797.908
3461,0.007673985,360.02478,360.02478,-462.61517
3462,0.007675598,-2598.123,1020.5662,-2598.123
3463,0.00767721,-2915.6821,-2915.6821,3255.494
3464,0.007678815,-1371.2999,-1371.2999,1842.7129
3465,0.007680445,746.46295,54.168316,746.46295
3466,0.007682099,2288.3604,2288.3604,-5562.967
3467,0.007683747,2941.4321,2941.4321,-3637.8105
3468,0.007685372,2672.6191,3627.7024,2672.6191
3469,0.007686948,1610.5411,1610.5411,-429.96674
3470,0.007688483,302.5919,302.5919,564.08795
3471,0.007690017,-697.46674,738.533,-697.46674
3472,0.007691558,-952.2762,-952.2762,-2419.5994
3473,0.007693081,-561.1309,-561.1309,-556.22455
3474,0.007694612,248.5645,2392.7432,248.5645
3475,0.007696159,1228.8716,1228.8716,847.7754
3476,0.007697741,2000.2557,2000.2557,2007.877
3477,0.007699325,2097.9238,1101.1285,2097.9238
3478,0.007700942,1274.745,1274.745,4141.463
3479,0.00770261,195.21126,195.21126,3391.9707
3480,0.007704292,-96.74018,-3245.814,-96.74018
3481,0.007705997,1151.4686,1151.4686,-3224.5293
3482,0.007707701,3296.9658,3296.9658,1948.8066
3483,0.007709342,5276.0566,2283.7825,5276.0566
3484,0.007710959,6474.391,6474.391,6742.939
3485,0.007712569,7135.7993,7135.7993,8434.393
3486,0.007714175,7688.564,6081.208,7688.564
3487,0.007715805,8316.252,8316.252,9938.97
3488,0.007717382,8198.958,8198.958,9298.682
3489,0.007718899,6478.5723,7421.904,6478.5723
3490,0.007720405,2940.1062,2940.1062,9940.635
3491,0.007721935,-258.9586,-258.9586,10170.463
3492,0.007723515,-36.84956,1049.2262,-36.84956
3493,0.007725127,5797.6245,5797.6245,5100.7515
3494,0.007726727,13614.797,13614.797,19263.502
3495,0.007728319,18509.275,17384.56,18509.275
3496,0.007729917,17135.137,17135.137,18224.08
3497,0.007731487,12130.992,12130.992,5661.056
3498,0.007733061,7370.5723,8697.87,7370.5723
3499,0.00773467,5781.0093,5781.0093,7393.994
3500,0.007736299,6515.2954,6515.2954,7748.4707
3501,0.007737929,7529.377,5473.3633,7529.377
3502,0.007739535,7179.347,7179.347,4437.26
3503,0.007741093,5606.7188,5606.7188,5397.416
3504,0.007742658,3243.916,3118.7715,3243.916
3505,0.007744248,522.3105,522.3105,2662.713
3506,0.007745803,-1855.5383,-1855.5383,640.5567
3507,0.00774733,-3317.7634,-3283.4487,-3317.7634
3508,0.007748864,-3570.0503,-3570.0503,-2616.3025
3509,0.007750415,-3235.5408,-3235.5408,-1209.7323
3510,0.007751969,-3216.5762,-3155.8167,-3216.5762
3511,0.007753545,-4184.572,-4184.572,-11669.037
3512,0.007755136,-5737.2935,-5737.2935,-10444.544
3513,0.007756741,-7162.5215,-6218.1206,-7162.5215
3514,0.007758377,-7833.163,-7833.163,-8811.442
3515,0.007760041,-7548.428,-7548.428,-7861.9585
3516,0.007761705,-6255.4585,-7537.119,-6255.4585
3517,0.007763382,-4130.3735,-4130.3735,-5366.99
3518,0.007765013,-2338.843,-2338.843,-6063.771
3519,0.007766567,-2038.6698,-4026.729,-2038.6698
3520,0.007768134,-3830.0461,-3830.0461,-8761.803
3521,0.007769733,-6839.357,-6839.357,-11429.404
3522,0.007771336,-9615.271,-8509.401,-9615.271
3523,0.007772955,-10946.226,-10946.226,-8848.959
3524,0.007774572,-10557.212,-10557.212,-7140.185
3525,0.007776194,-8446.817,-7640.6187,-8446.817
3526,0.007777812,-4936.0586,-4936.0586,-7034.537
3527,0.007779409,-1591.366,-1591.366,-4275.967
3528,0.007781046,-146.99019,-2103.9019,-146.99019
3529,0.007782722,-1842.577,-1842.577,-6710.295
3530,0.007784369,-4353.63,-4353.63,-9161.373
3531,0.007785997,-4632.451,-5197.113,-4632.451
3532,0.007787563,-1049.1844,-1049.1844,-2846.709
3533,0.007789085,3878.3503,3878.3503,5151.2515
3534,0.007790605,7163.252,2294.2012,7163.252
3535,0.007792146,6582.3936,6582.3936,245.33794
3536,0.007793685,3228.1904,3228.1904,3338.1895
3537,0.007795217,-876.4902,332.92798,-876.4902
3538,0.007796771,-4103.599,-4103.599,-1908.998
3539,0.007798344,-5918.57,-5918.57,-7031.896
3540,0.007799925,-6089.576,-2814.4155,-6089.576
3541,0.007801555,-4489.9517,-4489.9517,-2396.295
3542,0.00780318,-1660.8947,-1660.8947,384.70514
3543,0.007804784,1645.7754,1993.6511,1645.7754
3544,0.00780636,4795.6475,4795.6475,7150.213
3545,0.007807925,7518.443,7518.443,9010.455
3546,0.007809478,9588.518,5240.195,9588.518
3547,0.007811017,10777.287,10777.287,7766.267
3548,0.007812569,10803.298,10803.298,9176.275
3549,0.007814151,9286.705,8947.914,9286.705
3550,0.007815739,6187.6377,6187.6377,6930.5093
3551,0.007817335,2798.6199,2798.6199,2129.9863
3552,0.007818975,771.2442,1794.6016,771.2442
3553,0.007820622,1339.8002,1339.8002,4188.838
3554,0.007822211,2901.2473,2901.2473,1278.791
3555,0.007823717,3448.4707,680.6557,3448.4707
3556,0.0078252,1967.4607,1967.4607,3121.9395
3557,0.007826735,-402.50937,-402.50937,-4111.7246
3558,0.007828313,-1696.4979,-3977.6926,-1696.4979
3559,0.007829896,-346.1096,-346.1096,2635.8223
3560,0.007831501,2701.6208,2701.6208,5920.5723
3561,0.007833085,5718.135,3575.787,5718.135
3562,0.007834695,7446.5684,7446.5684,6345.51
3563,0.007836359,7820.11,7820.11,9543.424
3564,0.007838035,7115.4,6019.3945,7115.4
3565,0.007839674,5687.3745,5687.3745,6529.9863
3566,0.007841335,3593.989,3593.989,5037.4785
3567,0.007843008,873.3379,-429.79703,873.3379
3568,0.007844592,-2120.6575,-2120.6575,146.8145
3569,0.007846151,-4905.9956,-4905.9956,-6230.748
3570,0.007847703,-6874.8413,-6978.1807,-6874.8413
3571,0.007849254,-7649.017,-7649.017,-6691.3105
3572,0.007850794,-7823.852,-7823.852,-9317.443
3573,0.00785236,-8245.99,-5161.668,-8245.99
3574,0.007853948,-9444.379,-9444.379,-9181.981
3575,0.007855544,-10498.894,-10498.894,-10731.326
3576,0.007857107,-10132.037,-9447.21,-10132.037
3577,0.00785866,-7664.576,-7664.576,-7810.193
3578,0.007860236,-4293.67,-4293.67,-9852.286
3579,0.007861847,-1817.9902,-1277.8907,-1817.9902
3580,0.007863494,-1667.9606,-1667.9606,-1441.5996
3581,0.007865163,-2852.2334,-2852.2334,-3165.451
3582,0.007866819,-3609.8416,-3511.7952,-3609.8416
3583,0.007868443,-2734.8477,-2734.8477,-2068.209
3584,0.007870029,-995.156,-995.156,1829.9551
3585,0.007871587,503.59573,2433.7778,503.59573
3586,0.007873124,994.05743,994.05743,-1021.59955
3587,0.00787468,644.34674,644.34674,601.5879
3588,0.007876225,-157.20111,216.052,-157.20111
3589,0.007877766,-1065.4321,-1065.4321,-672.34174
3590,0.00787933,-1927.0732,-1927.0732,-2621.8025
3591,0.007880914,-2606.8184,843.69806,-2606.8184
3592,0.00788252,-2893.4817,-2893.4817,-5663.826
3593,0.007884076,-2335.2842,-2335.2842,-6013.0137
3594,0.007885615,-482.33392,-3439.2493,-482.33392
3595,0.007887143,2848.6167,2848.6167,5501.5015
3596,0.007888672,6816.9277,6816.9277,8693.346
3597,0.007890229,10355.502,7575.4473,10355.502
3598,0.007891816,12543.779,12543.779,10720.393
3599,0.007893424,13657.001,13657.001,14236.76
3600,0.007895043,14347.479,10959.169,14347.479
3601,0.007896698,15064.478,15064.478,18923.799
3602,0.007898334,15190.947,15190.947,21639.586
3603,0.007899951,13916.205,11695.417,13916.205
3604,0.007901562,10736.851,10736.851,8546.596
3605,0.0079032,6206.423,6206.423,5828.8765
3606,0.007904832,1350.4551,2771.366,1350.4551
3607,0.007906474,-3100.3857,-3100.3857,-1407.1152
3608,0.007908109,-7086.4395,-7086.4395,-5749.0137
3609,0.007909748,-10813.826,-10252.602,-10813.826
3610,0.007911382,-14171.6045,-14171.6045,-11129.2705
3611,0.007913041,-16017.462,-16017.462,-11478.678
3612,0.007914702,-14794.334,-15681.029,-14794.334
3613,0.007916249,-10257.589,-10257.589,-7237.4663
3614,0.007917725,-4896.1187,-4896.1187,-2109.748
3615,0.007919207,-1080.8417,-5632.205,-1080.8417
3616,0.007920681,-620.87305,-620.87305,-3496.748
3617,0.007922171,-2277.5476,-2277.5476,-3960.576
3618,0.00792371,-4062.0684,-5726.285,-4062.0684
3619,0.007925312,-4277.1475,-4277.1475,-578.7714
3620,0.007926899,-3709.7712,-3709.7712,-312.998
3621,0.007928493,-3883.8103,146.23451,-3883.8103
3622,0.007930075,-5801.9277,-5801.9277,-7974.7944
3623,0.00793164,-8440.89,-8440.89,-10221.037
3624,0.007933216,-10377.341,-4018.9897,-10377.341
3625,0.007934771,-10626.911,-10626.911,-13492.498
3626,0.007936261,-10229.551,-10229.551,-9631.92
3627,0.007937774,-10544.701,-8904.591,-10544.701
3628,0.007939199,-12310.119,-12310.119,-13232.286
3629,0.007940579,-14543.01,-14543.01,-14207.903
3630,0.00794201,-16118.31,-13769.58,-16118.31
3631,0.007943555,-15797.128,-15797.128,-16500.068
3632,0.007945149,-13296.561,-13296.561,-12633.053
3633,0.007946735,-8978.537,-10069.592,-8978.537
3634,0.00794829,-3499.5425,-3499.5425,-149.84174
3635,0.007949864,2027.3829,2027.3829,3492.2363
3636,0.00795146,6104.3765,1268.5435,6104.3765
3637,0.007953043,7559.014,7559.014,3575.377
3638,0.007954615,7130.638,7130.638,5791.205
3639,0.007956184,5946.674,8852.106,5946.674
3640,0.007957718,4885.2666,4885.2666,5623.9863
3641,0.007959282,3782.5732,3782.5732,3574.713
3642,0.007960865,2271.666,3172.899,2271.666
3643,0.007962442,125.52834,125.52834,-646.16205
3644,0.007964069,-2462.247,-2462.247,-3480.8494
3645,0.007965654,-4922.834,-7845.0103,-4922.834
3646,0.007967204,-6935.48,-6935.48,-6981.5137
3647,0.007968743,-8495.562,-8495.562,-9049.982
3648,0.00797029,-9639.536,-10187.937,-9639.536
3649,0.007971831,-10403.826,-10403.826,-10561.381
3650,0.00797334,-10957.19,-10957.19,-8621.364
3651,0.007974843,-11510.201,-10579.338,-11510.201
3652,0.007976359,-12132.352,-12132.352,-13816.7
3653,0.007977897,-12351.578,-12351.578,-13151.091
3654,0.007979447,-11523.239,-11227.366,-11523.239
3655,0.007981,-9278.71,-9278.71,-8896.865
3656,0.007982519,-6442.9517,-6442.9517,-3454.8572
3657,0.00798406,-3927.7478,-8037.5474,-3927.7478
3658,0.007985645,-2510.655,-2510.655,4252.0176
3659,0.0079873,-1984.2539,-1984.2539,1281.4005
3660,0.007988992,-1802.9277,-6051.064,-1802.9277
3661,0.00799061,-1374.441,-1374.441,2340.713
3662,0.007992175,-281.15997,-281.15997,-907.52924
3663,0.007993747,1889.666,-840.6306,1889.666
3664,0.007995298,5156.118,5156.118,5175.6426
3665,0.007996852,8342.022,8342.022,10249.955
3666,0.00799835,9902.643,3862.1545,9902.643
3667,0.007999803,9165.336,9165.336,5514.9624
3668,0.008001254,7341.531,7341.531,4957.6426
3669,0.00800273,6026.33,6324.758,6026.33
3670,0.008004275,6469.598,6469.598,13224.657
3671,0.008005898,7806.7812,7806.7812,6989.424
3672,0.008007509,8217.854,12772.289,8217.854
3673,0.008009096,6464.7134,6464.7134,2548.6582
3674,0.008010658,3398.0166,3398.0166,1064.049
3675,0.008012253,171.30669,3653.0537,171.30669
3676,0.008013915,-2204.282,-2204.282,1287.6426
3677,0.008015562,-3634.6228,-3634.6228,-1101.3729
3678,0.00801718,-4488.6465,-4565.4614,-4488.6465
3679,0.00801883,-5116.398,-5116.398,-8171.3804
3680,0.008020518,-5711.1807,-5711.1807,-5746.6465
3681,0.008022209,-6439.2944,-5386.2563,-6439.2944
3682,0.008023842,-7241.199,-7241.199,-5886.9434
3683,0.008025406,-7339.489,-7339.489,-5608.4116
3684,0.008026948,-5907.1147,-8865.199,-5907.1147
3685,0.00802852,-2372.8699,-2372.8699,-1564.5995
3686,0.008030121,2327.7168,2327.7168,801.0645
3687,0.008031696,6613.0327,6301.0034,6613.0327
3688,0.008033267,9460.717,9460.717,7394.424
3689,0.008034861,11075.333,11075.333,11892.885
3690,0.00803649,11929.057,13166.735,11929.057
3691,0.008038091,12380.813,12380.813,11827.783
3692,0.008039661,12334.228,12334.228,11111.337
3693,0.00804117,11609.768,14767.099,11609.768
3694,0.008042715,10019.242,10019.242,12350.111
3695,0.008044321,7563.0576,7563.0576,9200.189
3696,0.00804587,4588.119,8828.817,4588.119
3697,0.008047449,1268.5869,1268.5869,6472.1816
3698,0.008049032,-1409.3552,-1409.3552,1119.1896
3699,0.008050581,-2343.318,-1724.6421,-2343.318
3700,0.008052117,-1024.704,-1024.704,-2284.4119
3701,0.008053659,1420.3395,1420.3395,386.23636
3702,0.008055167,3399.752,1416.898,3399.752
3703,0.008056663,3790.4507,3790.4507,-88.31831
3704,0.008058173,2569.4038,2569.4038,2801.5645
3705,0.008059707,-62.59175,-396.7062,-62.59175
3706,0.008061276,-3727.3152,-3727.3152,462.96292
3707,0.008062833,-7103.9272,-7103.9272,-3227.4824
3708,0.008064389,-8803.857,-7165.531,-8803.857
3709,0.008065943,-7923.5776,-7923.5776,-5184.5757
3710,0.008067523,-5521.6724,-5521.6724,-5117.115
3711,0.008069117,-3257.1306,-4484.234,-3257.1306
3712,0.00807066,-2415.549,-2415.549,-5173.021
3713,0.008072251,-2367.003,-2367.003,-3797.1462
3714,0.008073775,-2128.5059,-1083.6543,-2128.5059
3715,0.008075261,-1084.2639,-1084.2639,-3564.6309
3716,0.008076808,312.27054,312.27054,2380.5566
3717,0.008078357,1159.3848,2175.6545,1159.3848
3718,0.008079886,906.729,906.729,92.455124
3719,0.008081363,297.4105,297.4105,-1941.8574
3720,0.008082843,262.11917,1534.2184,262.11917
3721,0.008084357,1404.2894,1404.2894,-1786.4043
3722,0.008085901,2833.2654,2833.2654,709.57227
3723,0.008087485,3133.3066,414.80902,3133.3066
3724,0.008089074,1318.0614,1318.0614,3726.8298
3725,0.008090659,-1307.8698,-1307.8698,4072.338
3726,0.008092219,-2888.4197,-5816.742,-2888.4197
3727,0.008093789,-2203.6167,-2203.6167,-3800.0056
3728,0.008095388,-18.943977,-18.943977,2864.666
3729,0.008097004,2268.1895,1730.4651,2268.1895
3730,0.00809861,3478.2346,3478.2346,5827.2676
3731,0.008100192,3726.684,3726.684,2566.2598
3732,0.008101705,3449.1504,1376.1381,3449.1504
3733,0.008103219,2965.328,2965.328,2924.1426
3734,0.008104786,2353.5757,2353.5757,1185.9082
3735,0.008106325,1698.0176,-1245.6049,1698.0176
3736,0.008107863,1131.4159,1131.4159,4327.9316
3737,0.008109403,1147.6808,1147.6808,5999.119
3738,0.008110911,2291.0566,2677.2993,2291.0566
3739,0.008112425,4868.3687,4868.3687,4352.1816
3740,0.008113981,8281.312,8281.312,5827.4546
3741,0.00811554,11464.025,4681.9126,11464.025
3742,0.008117096,13537.9795,13537.9795,13652.103
3743,0.008118567,14260.267,14260.267,14406.423
3744,0.00812001,13723.088,10243.942,13723.088
3745,0.00812149,11918.008,11918.008,11202.837
3746,0.008123033,9164.305,9164.305,6820.9316
3747,0.008124649,5994.3066,770.4786,5994.3066
3748,0.008126173,3300.4148,3300.4148,2829.4941
3749,0.008127647,1219.8518,1219.8518,832.0254
3750,0.00812913,-178.18549,-1099.4729,-178.18549
3751,0.008130676,-748.00366,-748.00366,2098.8848
3752,0.008132242,-416.3484,-416.3484,2446.1504
3753,0.008133832,798.30664,2409.9595,798.30664
3754,0.00813547,2722.586,2722.586,4806.8145
3755,0.008137091,4308.3276,4308.3276,6343.6577
3756,0.008138691,4419.3145,4836.5444,4419.3145
3757,0.008140262,2675.042,2675.042,1332.3613
3758,0.008141759,1263.5659,1263.5659,4166.5176
3759,0.008143241,2518.5566,-153.58932,2518.5566
3760,0.008144733,7810.5405,7810.5405,4086.1035
3761,0.008146223,14433.098,14433.098,13297.713
3762,0.008147719,18692.854,10736.635,18692.854
3763,0.008149209,17996.344,17996.344,16572.182
3764,0.008150729,14376.562,14376.562,14601.884
3765,0.008152283,11202.916,9441.134,11202.916
3766,0.008153848,11185.599,11185.599,8719.298
3767,0.00815543,12819.7295,12819.7295,12065.268
3768,0.008156955,13452.189,13194.013,13452.189
3769,0.008158428,11439.278,11439.278,8653.58
3770,0.008159896,7431.7754,7431.7754,4496.8296
3771,0.008161397,2441.4473,5402.757,2441.4473
3772,0.008162897,-2419.4993,-2419.4993,-2083.0215
3773,0.008164344,-6633.185,-6633.185,-6609.459
3774,0.008165787,-10177.021,-6105.766,-10177.021
3775,0.008167312,-13087.353,-13087.353,-9977.334
3776,0.008168923,-15484.859,-15484.859,-10521.834
3777,0.008170497,-17507.951,-14215.566,-17507.951
3778,0.008172063,-19393.045,-19393.045,-20121.098
3779,0.008173565,-20646.486,-20646.486,-19982.936
3780,0.008175085,-20781.455,-18698.443,-20781.455
3781,0.008176624,-19402.766,-19402.766,-18963.576
3782,0.008178211,-17009.312,-17009.312,-16849.576
3783,0.008179888,-14399.912,-13199.457,-14399.912
3784,0.008181561,-12322.987,-12322.987,-14584.834
3785,0.008183201,-9722.121,-9722.121,-8361.544
3786,0.008184747,-5434.568,-5948.935,-5434.568
3787,0.008186271,1099.9698,1099.9698,2765.2207
3788,0.00818783,7964.037,7964.037,11295.611
3789,0.008189424,12123.463,11324.069,12123.463
3790,0.008191052,11278.697,11278.697,12299.291
3791,0.00819269,7624.0005,7624.0005,12864.299
3792,0.008194322,4708.463,5793.8145,4708.463
3793,0.008196,5119.8613,5119.8613,34.650436
3794,0.008197672,7524.804,7524.804,5231.7285
3795,0.008199309,9441.353,2524.133,9441.353
3796,0.008200912,9168.968,9168.968,4098.377
3797,0.008202463,7212.264,7212.264,5068.6265
3798,0.008204001,4415.791,3937.2534,4415.791
3799,0.008205534,1597.5741,1597.5741,959.291
3800,0.00820709,-260.137,-260.137,-547.0136
3801,0.008208648,-9.349562,-1569.176,-9.349562
3802,0.008210205,2932.18,2932.18,-142.60738
3803,0.00821179,7123.228,7123.228,6567.7754
3804,0.008213357,10362.314,11251.922,10362.314
3805,0.008214914,11148.405,11148.405,11149.306
3806,0.008216447,10084.952,10084.952,9563.752
3807,0.00821797,8237.182,10375.38,8237.182
3808,0.008219498,6375.105,6375.105,3347.6504
3809,0.008221048,4358.6025,4358.6025,19.072313
3810,0.00822266,1746.1035,3366.1917,1746.1035
3811,0.008224268,-1437.0259,-1437.0259,1500.1973
3812,0.008225775,-3799.606,-3799.606,1587.9552
3813,0.008227207,-4236.2085,-4398.181,-4236.2085
3814,0.008228621,-2258.4026,-2258.4026,-1340.4121
3815,0.008230061,951.4384,951.4384,-115.34956
3816,0.008231572,3679.963,-546.66693,3679.963
3817,0.008233071,4192.1987,4192.1987,3871.697
3818,0.008234547,2790.209,2790.209,1237.9785
3819,0.008236073,58.486374,-2053.9617,58.486374
3820,0.008237671,-3395.4285,-3395.4285,-2049.6074
3821,0.008239279,-6561.7275,-6561.7275,-6368.068
3822,0.008240885,-8459.436,-6125.993,-8459.436
3823,0.008242466,-8420.388,-8420.388,-9525.014
3824,0.008244057,-6842.534,-6842.534,-5167.256
3825,0.008245704,-4261.7246,-4966.147,-4261.7246
3826,0.008247378,-1369.334,-1369.334,-3570.904
3827,0.008249018,1027.873,1027.873,25.158249
3828,0.008250641,2298.7988,366.30896,2298.7988
3829,0.008252283,2162.1848,2162.1848,7657.97
3830,0.008253913,1771.7251,1771.7251,3061.9004
3831,0.008255518,2615.8066,1942.8234,2615.8066
3832,0.008257083,5349.967,5349.967,-116.81049
3833,0.008258665,8078.334,8078.334,2661.002
3834,0.00826025,8124.588,7231.698,8124.588
3835,0.008261828,3868.1133,3868.1133,-1726.8574
3836,0.008263402,-2233.7126,-2233.7126,-4393.287
3837,0.008264939,-6702.3965,-1756.4178,-6702.3965
3838,0.008266442,-7404.275,-7404.275,-4955.857
3839,0.008267921,-5715.036,-5715.036,-8302.725
3840,0.008269428,-3599.6384,-1175.0586,-3599.6384
3841,0.008270962,-2659.0776,-2659.0776,1540.791
3842,0.008272506,-2606.2573,-2606.2573,977.6114
3843,0.008274058,-2604.3887,-1109.7354,-2604.3887
3844,0.008275649,-1951.8059,-1951.8059,-3085.5369
3845,0.00827721,-718.4645,-718.4645,-4739.5054
3846,0.008278742,843.5488,915.01636,843.5488
3847,0.008280301,2556.83,2556.83,6453.1816
3848,0.008281898,4144.607,4144.607,4747.3613
3849,0.008283461,5230.01,5137.5093,5230.01
3850,0.008284959,5597.959,5597.959,7747.299
3851,0.008286427,5264.7925,5264.7925,5292.9473
3852,0.008287897,4231.338,5531.9805,4231.338
3853,0.008289405,2488.269,2488.269,5070.963
3854,0.008290907,334.38376,334.38376,3450.877
3855,0.008292378,-1865.412,-3626.9014,-1865.412
3856,0.008293809,-3831.3306,-3831.3306,-2660.404
3857,0.008295242,-5508.6807,-5508.6807,2620.5176
3858,0.008296723,-6846.396,-6326.114,-6846.396
3859,0.008298253,-7661.51,-7661.51,-10027.67
3860,0.008299784,-7566.239,-7566.239,-7760.256
3861,0.008301337,-6145.474,-2261.3928,-6145.474
3862,0.008302894,-3239.4395,-3239.4395,-5546.482
3863,0.008304459,285.88354,285.88354,2452.7048
3864,0.008306026,3265.6191,539.41406,3265.6191
3865,0.008307599,4767.6255,4767.6255,2947.6582
3866,0.008309155,4776.6665,4776.6665,-338.14642
3867,0.008310664,3588.1426,1698.4238,3588.1426
3868,0.008312179,1602.4557,1602.4557,6466.658
3869,0.008313701,-20.100113,-20.100113,8219.689
3870,0.0083152,80.46294,-1391.9713,80.46294
3871,0.008316705,2556.2717,2556.2717,3166.2363
3872,0.008318236,5530.499,5530.499,7931.6187
3873,0.008319818,6228.9863,4803.495,6228.9863
3874,0.00832134,2786.7036,2786.7036,2624.5488
3875,0.008322822,-2639.5022,-2639.5022,-5176.857
3876,0.008324292,-7443.451,-199.88799,-7443.451
3877,0.008325747,-9586.644,-9586.644,-8677.115
3878,0.008327193,-8998.908,-8998.908,-5960.138
3879,0.008328659,-5969.748,-8114.2017,-5969.748
3880,0.00833017,-867.68396,-867.68396,-2046.3651
3881,0.008331683,4742.792,4742.792,6580.0723
3882,0.008333215,9143.611,6354.679,9143.611
3883,0.008334695,10909.658,10909.658,9832.744
3884,0.008336138,10791.817,10791.817,13168.689
3885,0.008337631,9743.01,11337.088,9743.01
3886,0.008339192,8506.688,8506.688,9097.509
3887,0.008340788,7130.938,7130.938,3671.158
3888,0.008342398,5440.3843,718.6668,5440.3843
3889,0.008343983,3363.301,3363.301,-404.91986
3890,0.008345519,1115.9832,1115.9832,-911.0761
3891,0.008347066,-1160.2168,-2934.0598,-1160.2168
3892,0.008348647,-3257.1472,-3257.1472,-5309.9434
3893,0.008350254,-4837.9653,-4837.9653,-5434.217
3894,0.008351813,-5525.162,-3826.9436,-5525.162
3895,0.008353334,-5240.807,-5240.807,-4106.724
3896,0.008354895,-4428.959,-4428.959,-701.0605
3897,0.008356511,-3699.6152,-616.39746,-3699.6152
3898,0.00835814,-3591.0813,-3591.0813,-6032.3965
3899,0.008359779,-3882.671,-3882.671,-7066.3022
3900,0.008361413,-4149.717,-3280.5703,-4149.717
3901,0.008363044,-3937.8823,-3937.8823,3573.752
3902,0.008364666,-2674.7964,-2674.7964,-673.71674
3903,0.008366236,119.986374,1690.7767,119.986374
3904,0.008367772,4454.142,4454.142,9361.259
3905,0.008369311,8735.888,8735.888,11798.485
3906,0.008370821,10866.143,9824.211,10866.143
3907,0.008372329,9665.511,9665.511,9978.658
3908,0.008373872,6580.826,6580.826,7431.603
3909,0.008375457,3927.4473,6167.5884,3927.4473
3910,0.008377044,3530.571,3530.571,2736.002
3911,0.008378588,3901.1328,3901.1328,6087.6973
3912,0.008380097,2927.8848,-925.7497,2927.8848
3913,0.008381593,-633.93463,-633.93463,-4230.2476
3914,0.008383079,-5318.445,-5318.445,-9232.029
3915,0.008384555,-9056.85,-7056.9365,-9056.85
3916,0.00838606,-10420.583,-10420.583,-12010.295
3917,0.008387636,-10113.594,-10113.594,-11945.482
3918,0.008389259,-9634.115,-12148.76,-9634.115
3919,0.008390894,-10243.928,-10243.928,-6444.4277
3920,0.008392548,-11154.778,-11154.778,-6464.826
3921,0.008394171,-11017.248,-11937.215,-11017.248
3922,0.008395721,-9074.908,-9074.908,-11839.686
3923,0.008397208,-6070.051,-6070.051,-6939.49
3924,0.008398669,-2825.1543,-5987.741,-2825.1543
3925,0.008400131,-56.955475,-56.955475,-4674.6465
3926,0.008401619,1499.695,1499.695,-940.27924
3927,0.008403093,1026.0488,352.27185,1026.0488
3928,0.008404592,-1846.6722,-1846.6722,852.1036
3929,0.008406143,-5801.786,-5801.786,-4357.201
3930,0.008407746,-8722.028,-4988.9775,-8722.028
3931,0.008409346,-8814.285,-8814.285,-6777.3887
3932,0.008410917,-7096.1753,-7096.1753,-3829.459
3933,0.008412493,-5132.7554,-6619.9717,-5132.7554
3934,0.00841411,-4193.158,-4193.158,-4778.3887
3935,0.008415757,-4499.1396,-4499.1396,-4962.9663
3936,0.008417402,-5914.631,-5457.2583,-5914.631
3937,0.008418984,-8063.266,-8063.266,-8262.146
3938,0.008420547,-10275.8125,-10275.8125,-8826.936
3939,0.008422107,-11813.951,-10073.322,-11813.951
3940,0.008423637,-12103.384,-12103.384,-10349.631
3941,0.008425195,-11245.002,-11245.002,-11779.864
3942,0.008426818,-9392.333,-9882.836,-9392.333
3943,0.008428407,-6946.3213,-6946.3213,-7160.115
3944,0.008429957,-4396.4126,-4396.4126,-5971.0527
3945,0.008431483,-2176.4587,-738.7393,-2176.4587
3946,0.008433024,-614.93,-614.93,-118.15424
3947,0.008434576,112.74279,112.74279,2071.2832
3948,0.008436048,-67.763626,-1667.9125,-67.763626
3949,0.008437534,-1037.6027,-1037.6027,-1480.5917
3950,0.008439009,-2091.9292,-2091.9292,-845.71674
3951,0.008440461,-2401.318,-4451.0596,-2401.318
3952,0.00844191,-1442.8397,-1442.8397,-2132.6619
3953,0.008443366,310.3992,310.3992,-348.20892
3954,0.008444828,2116.7676,-3153.347,2116.7676
3955,0.008446318,3355.9307,3355.9307,2476.291
3956,0.008447845,3856.473,3856.473,2842.7207
3957,0.008449358,3578.7441,1592.8904,3578.7441
3958,0.008450868,2664.1887,2664.1887,5268.377
3959,0.008452385,1784.6587,1784.6587,2576.1113
3960,0.008453859,1746.1504,582.6188,1746.1504
3961,0.0084553,2920.9434,2920.9434,879.5488
3962,0.008456732,4514.7305,4514.7305,5201.26
3963,0.008458185,5487.533,534.98267,5487.533
3964,0.008459678,4996.4404,4996.4404,4203.7676
3965,0.008461227,3400.233,3400.233,2848.3223
3966,0.008462784,1568.9004,-2013.6737,1568.9004
3967,0.008464372,131.24048,131.24048,-1854.7167
3968,0.008465976,-1292.0961,-1292.0961,-2961.42
3969,0.008467564,-3350.529,-5678.8286,-3350.529
3970,0.008469122,-6183.321,-6183.321,-3530.365
3971,0.00847069,-8131.368,-8131.368,-7766.5684
3972,0.008472302,-6877.0215,-3421.1182,-6877.0215
3973,0.008473937,-861.6442,-861.6442,-1136.3807
3974,0.008475532,6915.361,6915.361,7060.2983
3975,0.008477108,12890.924,5907.949,12890.924
3976,0.008478652,14589.951,14589.951,12620.939
3977,0.008480186,13198.845,13198.845,9803.689
3978,0.008481693,10632.51,11881.095,10632.51
3979,0.008483203,8322.554,8322.554,11617.619
3980,0.008484772,6413.1045,6413.1045,8944.517
3981,0.008486375,4855.252,6023.2285,4855.252
3982,0.008487927,3610.553,3610.553,3114.2988
3983,0.008489456,2548.8113,2548.8113,961.6739
3984,0.008490996,1561.6113,-2536.5198,1561.6113
3985,0.008492542,681.34155,681.34155,707.5488
3986,0.008494072,382.74664,382.74664,2323.588
3987,0.008495619,1239.666,593.2276,1239.666
3988,0.008497198,3590.3367,3590.3367,5201.041
3989,0.008498795,6427.7876,6427.7876,8007.3613
3990,0.008500339,8289.11,8435.901,8289.11
3991,0.008501902,8330.01,8330.01,5718.3613
3992,0.008503512,6938.093,6938.093,7279.4937
3993,0.008505137,4971.7827,7855.6865,4971.7827
3994,0.00850675,3215.77,3215.77,5276.3457
3995,0.008508351,1757.9884,1757.9884,2961.9863
3996,0.008509937,523.8848,105.23794,523.8848
3997,0.008511548,-512.84406,-512.84406,416.10355
3998,0.008513182,-1034.4597,-1034.4597,1582.8535
3999,0.008514834,-624.16205,2801.9695,-624.16205
4000,0.008516526,927.3221,927.3221,2301.213
4001,0.008518185,2701.4324,2701.4324,4389.861
4002,0.008519826,3627.088,-1.3331859,3627.088
4003,0.008521437,3014.0776,3014.0776,5107.0254
4004,0.008523014,1450.7697,1450.7697,3825.5098
4005,0.008524594,-287.623,3125.4514,-287.623
4006,0.008526198,-1491.8772,-1491.8772,-1614.1387
4007,0.008527812,-1637.5613,-1637.5613,-393.32614
4008,0.008529464,-223.16206,-144.19655,-223.16206
4009,0.008531129,2881.9841,2881.9841,-3001.4666
4010,0.008532757,6124.756,6124.756,-3609.662
4011,0.008534314,7784.3765,4805.2446,7784.3765
4012,0.008535853,6952.058,6952.058,136.2598
4013,0.008537395,4370.3975,4370.3975,2996.6191
4014,0.008538922,1234.0801,4754.6675,1234.0801
4015,0.00854049,-1587.6274,-1587.6274,-1227.576
4016,0.008542147,-3855.365,-3855.365,-7582.0835
4017,0.008543858,-5344.8335,-6526.698,-5344.8335
4018,0.008545593,-5960.144,-5960.144,-5451.951
4019,0.00854734,-5968.0444,-5968.0444,-6718.021
4020,0.008549059,-5744.8726,-6817.6587,-5744.8726
4021,0.00855073,-5516.4785,-5516.4785,363.19733
4022,0.008552356,-4947.665,-4947.665,-3312.2556
4023,0.008554015,-3539.3572,-4126.415,-3539.3572
4024,0.008555666,-1021.6118,-1021.6118,4283.4004
4025,0.008557267,2041.5319,2041.5319,5870.705
4026,0.008558867,5108.174,3751.2544,5108.174
4027,0.008560451,7629.425,7629.425,8190.5483
4028,0.008562048,9409.04,9409.04,8386.338
4029,0.008563675,10254.877,7262.4443,10254.877
4030,0.00856531,9966.388,9966.388,7540.4004
4031,0.008566936,8510.737,8510.737,11545.072
4032,0.008568553,5899.9863,5240.781,5899.9863
4033,0.008570145,2408.4033,2408.4033,1025.0488
4034,0.008571737,-907.3875,-907.3875,-1242.7715
4035,0.008573295,-2725.5994,-1957.0903,-2725.5994
4036,0.008574837,-2307.156,-2307.156,-5153.8105
4037,0.008576383,-399.9701,-399.9701,-817.2714
4038,0.008577877,1809.6895,-575.8335,1809.6895
4039,0.008579358,3473.149,3473.149,6672.0957
4040,0.008580917,4243.209,4243.209,9391.908
4041,0.008582563,3640.338,981.1236,3640.338
4042,0.008584221,1436.4216,1436.4216,-1055.2246
4043,0.008585917,-1686.7946,-1686.7946,703.69727
4044,0.008587574,-4591.1465,-4358.983,-4591.1465
4045,0.008589212,-6626.277,-6626.277,-8750.568
4046,0.008590844,-8230.444,-8230.444,-10859.678
4047,0.008592466,-10070.201,-10602.083,-10070.201
4048,0.008594078,-12561.891,-12561.891,-15362.725
4049,0.008595685,-15195.568,-15195.568,-17296.31
4050,0.008597289,-17238.092,-14612.839,-17238.092
4051,0.008598894,-18184.514,-18184.514,-15940.576
4052,0.008600461,-18412.725,-18412.725,-17751.217
4053,0.008602007,-18517.28,-17043.426,-18517.28
4054,0.008603557,-18816.648,-18816.648,-18064.34
4055,0.008605123,-18697.223,-18697.223,-14090.74
4056,0.008606713,-17256.99,-17574.283,-17256.99
4057,0.008608365,-13827.635,-13827.635,-18797.256
4058,0.008610055,-9525.456,-9525.456,-14027.514
4059,0.008611741,-6153.49,-6275.267,-6153.49
4060,0.008613384,-4863.0723,-4863.0723,-3798.7556
4061,0.008615008,-4462.129,-4462.129,-4859.201
4062,0.008616621,-3362.2712,-2596.0366,-3362.2712
4063,0.008618214,-522.7951,-522.7951,133.11137
4064,0.00861981,3329.472,3329.472,5730.931
4065,0.008621433,7051.8223,4714.7627,7051.8223
4066,0.008623036,9568.801,9568.801,6385.9785
4067,0.008624656,10996.006,10996.006,5550.4473
4068,0.008626259,11614.807,8370.398,11614.807
4069,0.008627826,11689.196,11689.196,11741.907
4070,0.008629389,11207.11,11207.11,12241.439
4071,0.008630952,10069.885,9604.014,10069.885
4072,0.008632486,8329.528,8329.528,6707.4233
4073,0.008634054,6381.833,6381.833,6614.666
4074,0.008635675,4819.588,2451.4338,4819.588
4075,0.008637282,4151.174,4151.174,8147.0723
4076,0.008638884,3928.3398,3928.3398,3981.1348
4077,0.008640468,3514.1973,4360.242,3514.1973
4078,0.008642048,2395.2314,2395.2314,5066.3145
4079,0.008643596,531.0909,531.0909,3469.3457
4080,0.008645166,-2116.7168,-1485.3064,-2116.7168
4081,0.008646754,-5356.304,-5356.304,-3895.4666
4082,0.008648296,-8103.932,-8103.932,-9264.896
4083,0.008649822,-9359.1,-9148.668,-9359.1
4084,0.008651378,-8306.389,-8306.389,-3245.9744
4085,0.008652939,-5089.058,-5089.058,-2621.5369
4086,0.008654514,-123.30269,-952.7348,-123.30269
4087,0.00865614,5997.818,5997.818,7351.658
4088,0.008657722,10958.639,10958.639,13954.643
4089,0.008659301,12718.924,7578.6104,12718.924
4090,0.008660863,10012.405,10012.405,11493.127
4091,0.008662416,4967.1143,4967.1143,8744.971
4092,0.00866395,463.96292,-651.22235,463.96292
4093,0.00866549,-1497.0267,-1497.0267,-147.0605
4094,0.008667045,-1576.8873,-1576.8873,-2270.6074
4095,0.008668613,-1158.5682,-4051.8079,-1158.5682
4096,0.008670252,-1366.9435,-1366.9435,-2280.373
4097,0.008671894,-1923.1216,-1923.1216,-1268.7557
4098,0.008673508,-2137.5605,-2574.4282,-2137.5605
4099,0.008675111,-1619.7646,-1619.7646,-4372.42
4100,0.008676684,-981.4567,-981.4567,-4941.334
4101,0.008678293,-1036.9512,1003.0126,-1036.9512
4102,0.008679868,-2291.215,-2291.215,1661.791
4103,0.008681418,-3947.7236,-3947.7236,-2255.9353
4104,0.00868302,-5003.717,-2911.9446,-5003.717
4105,0.008684665,-4551.135,-4551.135,-2449.2715
4106,0.008686326,-2971.7888,-2971.7888,-1652.7635
4107,0.008687995,-1052.3339,-2638.1655,-1052.3339
4108,0.008689643,617.09766,617.09766,1779.9318
4109,0.008691288,2465.0737,2465.0737,2422.1973
4110,0.008692938,5147.908,3375.403,5147.908
4111,0.008694608,8948.144,8948.144,6503.3613
4112,0.008696261,12367.77,12367.77,10926.807
4113,0.008697894,13633.946,11243.861,13633.946
4114,0.008699519,11731.256,11731.256,6060.783
4115,0.008701153,8229.01,8229.01,6978.1816
4116,0.008702794,5394.705,5789.365,5394.705
4117,0.008704398,4938.719,4938.719,9050.143
4118,0.00870602,6189.4634,6189.4634,7659.447
4119,0.008707598,7919.2515,6051.486,7919.2515
4120,0.008709068,9124.735,9124.735,13678.157
4121,0.008710533,9632.749,9632.749,12594.845
4122,0.008712074,9238.924,9560.321,9238.924
4123,0.008713723,7627.816,7627.816,867.57227
4124,0.008715364,4961.1816,4961.1816,3273.2441
4125,0.008716962,1566.0879,3631.9858,1566.0879
4126,0.008718535,-2239.0308,-2239.0308,-4042.7087
4127,0.008720075,-5748.063,-5748.063,-2423.2559
4128,0.00872159,-8273.326,2346.8616,-8273.326
4129,0.008723079,-9328.436,-9328.436,-8320.756
4130,0.008724557,-9059.86,-9059.86,-5951.818
4131,0.00872604,-7706.724,-5025.7847,-7706.724
4132,0.008727554,-5493.5786,-5493.5786,-6849.67
4133,0.008729119,-2824.3281,-2824.3281,-1815.9512
4134,0.008730755,-234.19331,-468.85825,-234.19331
4135,0.008732441,1676.4175,1676.4175,-2883.6228
4136,0.008734144,2798.7224,2798.7224,-3853.74
4137,0.008735832,3217.6348,3365.6423,3217.6348
4138,0.008737452,3095.632,3095.632,6186.1113
4139,0.008739003,2706.344,2706.344,7275.8765
4140,0.008740518,2282.1895,1715.1097,2282.1895
4141,0.008742019,1971.4001,1971.4001,3739.8066
4142,0.008743522,1716.0254,1716.0254,4246.8223
4143,0.008745059,1403.8302,1780.5212,1403.8302
4144,0.008746653,1005.9557,1005.9557,3318.1973
4145,0.008748281,907.3075,907.3075,785.03326
4146,0.008749928,1631.4238,2801.957,1631.4238
4147,0.008751616,3450.39,3450.39,954.3535
4148,0.00875333,5323.274,5323.274,2907.6895
4149,0.008755009,5798.963,4356.745,5798.963
4150,0.008756641,4109.611,4109.611,3495.3848
4151,0.008758255,1258.3606,1258.3606,1182.9473
4152,0.008759872,-1443.2949,896.7367,-1443.2949
4153,0.008761499,-2926.3398,-2926.3398,-3026.8418
4154,0.008763142,-3141.7634,-3141.7634,-2879.998
4155,0.008764779,-2318.084,-3564.0803,-2318.084
4156,0.008766416,-694.1503,-694.1503,241.15825
4157,0.008768072,1550.5815,1550.5815,3314.2676
4158,0.008769733,4201.963,461.2912,4201.963
4159,0.00877142,6944.9434,6944.9434,3989.088
4160,0.008773029,8749.487,8749.487,9018.432
4161,0.008774592,8836.611,6024.7847,8836.611
4162,0.008776179,6838.0425,6838.0425,7753.7207
4163,0.008777785,4250.774,4250.774,3184.7986
4164,0.008779364,3182.252,1941.9734,3182.252
4165,0.0087809,4741.0547,4741.0547,3886.2988
4166,0.008782412,7100.7686,7100.7686,7306.838
4167,0.00878392,7929.322,3946.4148,7929.322
4168,0.008785458,5691.872,5691.872,6418.424
4169,0.008787015,2324.5725,2324.5725,3987.791
4170,0.008788578,853.3379,617.70874,853.3379
4171,0.008790164,3344.175,3344.175,3442.9238
4172,0.008791775,7584.5444,7584.5444,7351.3223
4173,0.008793388,9985.525,4343.727,9985.525
4174,0.008794969,8108.294,8108.294,5051.0957
4175,0.008796537,3808.6487,3808.6487,1758.2051
4176,0.008798087,-179.26363,202.6636,-179.26363
4177,0.008799626,-1979.1626,-1979.1626,1370.5332
4178,0.008801193,-2480.9473,-2480.9473,-2433.42
4179,0.008802809,-3292.662,-3265.4,-3292.662
4180,0.008804392,-5515.3413,-5515.3413,-6411.873
4181,0.008805973,-8059.9434,-8059.9434,-9475.748
4182,0.008807587,-9288.287,-9549.502,-9288.287
4183,0.008809223,-7978.829,-7978.829,-9093.279
4184,0.008810847,-5472.248,-5472.248,-5723.8726
4185,0.008812476,-3709.1934,-7336.758,-3709.1934
4186,0.008814079,-3965.6665,-3965.6665,-2159.8418
4187,0.00881566,-4836.3296,-4836.3296,-4346.881
4188,0.008817257,-4370.7007,-2618.7783,-4370.7007
4189,0.008818907,-1108.9943,-1108.9943,-2126.4902
4190,0.008820503,3320.5662,3320.5662,1002.00977
4191,0.008822063,6898.158,223.11188,6898.158
4192,0.008823615,8202.706,8202.706,1789.2754
4193,0.008825161,7251.8306,7251.8306,3558.658
4194,0.008826741,4328.1343,3478.5413,4328.1343
4195,0.008828347,-129.71768,-129.71768,3490.8926
4196,0.008829894,-4776.041,-4776.041,-2084.459
4197,0.008831454,-8621.607,-4573.808,-8621.607
4198,0.008833024,-10798.686,-10798.686,-12982.311
4199,0.008834601,-11849.789,-11849.789,-16823.8
4200,0.008836181,-12698.732,-10412.387,-12698.732
4201,0.008837817,-14059.01,-14059.01,-12254.545
4202,0.008839502,-15449.772,-15449.772,-16447.943
4203,0.008841175,-15975.833,-12200.886,-15975.833
4204,0.00884283,-15080.604,-15080.604,-9173.575
4205,0.00884449,-13218.3545,-13218.3545,-4307.1855
4206,0.008846134,-11117.85,-7517.8154,-11117.85
4207,0.008847724,-9319.927,-9319.927,-9974.717
4208,0.008849284,-7546.616,-7546.616,-6842.029
4209,0.008850842,-5368.248,-7583.115,-5368.248
4210,0.008852394,-2638.9065,-2638.9065,-4953.4277
4211,0.008853979,-106.761734,-106.761734,-576.7089
4212,0.008855622,1074.8457,1231.4286,1074.8457
4213,0.008857293,90.93726,90.93726,-4116.842
4214,0.008858933,-1493.6595,-1493.6595,-5699.2793
4215,0.008860516,-1684.5839,744.44586,-1684.5839
4216,0.008862095,569.6476,569.6476,4880.377
4217,0.008863688,3559.7922,3559.7922,2199.9004
4218,0.008865268,4777.4473,4234.722,4777.4473
4219,0.00886683,2576.9062,2576.9062,7410.6577
4220,0.008868408,-1898.4546,-1898.4546,3397.2598
4221,0.008869994,-6737.6543,-6972.8564,-6737.6543
4222,0.008871547,-10164.006,-10164.006,-8666.552
4223,0.008873109,-11631.811,-11631.811,-9588.56
4224,0.008874704,-10645.951,-11475.04,-10645.951
4225,0.008876326,-6983.0615,-6983.0615,-4625.381
4226,0.008877978,-1943.3077,-1943.3077,1636.5957
4227,0.008879601,2492.213,828.5933,2492.213
4228,0.008881235,4953.584,4953.584,3129.8066
4229,0.008882861,5204.2266,5204.2266,4873.283
4230,0.008884403,3518.205,3603.1843,3518.205
4231,0.008885907,439.88205,439.88205,2924.3691
4232,0.008887415,-2584.132,-2584.132,-2712.3262
4233,0.008888995,-3765.5916,-1099.2454,-3765.5916
4234,0.008890626,-1460.9266,-1460.9266,-651.71674
4235,0.008892275,3065.3604,3065.3604,4399.9395
4236,0.008893915,7589.189,6880.88,7589.189
4237,0.008895552,10348.181,10348.181,5483.908
4238,0.008897176,11102.805,11102.805,6956.963
4239,0.008898799,10011.361,6836.995,10011.361
4240,0.008900416,7406.0645,7406.0645,7261.22
4241,0.008902021,4387.869,4387.869,6767.7363
4242,0.008903586,2220.7598,256.9056,2220.7598
4243,0.008905155,1637.0094,1637.0094,1577.7676
4244,0.00890673,2066.3123,2066.3123,4790.3613
4245,0.0089083,2574.58,3411.0198,2574.58
4246,0.008909857,2501.5957,2501.5957,-581.248
4247,0.0089114,2249.0889,2249.0889,-981.2636
4248,0.008912912,2444.6191,3507.4753,2444.6191
4249,0.008914401,3438.3396,3438.3396,3225.0254
4250,0.008915904,4736.3013,4736.3013,7302.338
4251,0.008917449,5604.15,6143.9194,5604.15
4252,0.008918979,5463.3843,5463.3843,6548.4785
4253,0.008920488,4792.2407,4792.2407,6729.697
4254,0.008922006,4269.3613,1931.5613,4269.3613
4255,0.008923571,4460.111,4460.111,5971.424
4256,0.008925166,5385.0513,5385.0513,8098.463
4257,0.008926732,6827.377,5028.939,6827.377
4258,0.008928275,8569.924,8569.924,7587.6504
4259,0.008929837,10381.432,10381.432,7697.549
4260,0.008931438,11974.549,7899.7783,11974.549
4261,0.008933044,12963.395,12963.395,13840.479
4262,0.00893465,12924.282,12924.282,12045.752
4263,0.008936238,11447.354,10873.592,11447.354
4264,0.008937838,8331.395,8331.395,8555.846
4265,0.008939442,4379.668,4379.668,6654.5254
4266,0.008941041,672.12695,2732.4404,672.12695
4267,0.008942655,-1994.5205,-1994.5205,-1797.4901
4268,0.008944354,-3727.0752,-3727.0752,-3729.404
4269,0.008946062,-4717.9746,-891.93506,-4717.9746
4270,0.008947697,-5219.51,-5219.51,-5777.8804
4271,0.008949355,-5198.4546,-5198.4546,-3070.1853
4272,0.008950969,-4502.592,-2914.3154,-4502.592
4273,0.008952577,-3254.02,-3254.02,-6525.99
4274,0.008954174,-2625.3179,-2625.3179,-4950.959
4275,0.008955781,-4039.076,-5852.6733,-4039.076
4276,0.008957426,-8363.09,-8363.09,-6717.318
4277,0.00895906,-13367.883,-13367.883,-9963.709
4278,0.008960682,-16181.436,-14695.866,-16181.436
4279,0.008962259,-15009.577,-15009.577,-13651.678
4280,0.008963815,-11623.449,-11623.449,-12031.943
4281,0.00896534,-8425.076,-9810.724,-8425.076
4282,0.008966895,-7141.243,-7141.243,-12424.943
4283,0.008968506,-8008.375,-8008.375,-13036.755
4284,0.008970158,-10821.216,-9061.445,-10821.216
4285,0.008971814,-14755.288,-14755.288,-4940.17
4286,0.008973424,-17229.35,-17229.35,-9579.818
4287,0.00897501,-15674.592,-14826.687,-15674.592
4288,0.0089766,-8763.697,-8763.697,-11777.567
4289,0.008978169,-299.48032,-299.48032,-4579.701
4290,0.008979759,5028.5957,521.6611,5028.5957
4291,0.008981338,3678.114,3678.114,7980.5405
4292,0.008982862,-1543.5842,-1543.5842,1651.4395
4293,0.008984356,-6869.5522,-2407.6218,-6869.5522
4294,0.008985895,-9803.494,-9803.494,-7802.881
4295,0.00898749,-10733.554,-10733.554,-10524.85
4296,0.008989106,-11067.303,-8316.24,-11067.303
4297,0.008990754,-11903.535,-11903.535,-7972.0522
4298,0.008992415,-12198.389,-12198.389,-12593.279
4299,0.008994059,-10361.489,-8352.174,-10361.489
4300,0.00899566,-5650.4204,-5650.4204,-6811.342
4301,0.008997245,261.1655,261.1655,-1513.2402
4302,0.00899883,5227.861,1512.3065,5227.861
4303,0.009000404,7639.0723,7639.0723,4290.4473
4304,0.009001968,8227.244,8227.244,9471.619
4305,0.009003514,8248.713,5166.068,8248.713
4306,0.009005001,8567.988,8567.988,13079.853
4307,0.009006496,8793.899,8793.899,11318.127
4308,0.009008039,8190.252,10826.282,8190.252
4309,0.009009586,6273.71,6273.71,8137.7437
4310,0.009011186,3707.0322,3707.0322,8422.111
4311,0.009012797,1684.0332,1969.66,1684.0332
4312,0.009014404,1143.5923,1143.5923,3031.6738
4313,0.009015997,1944.5631,1944.5631,2782.666
4314,0.009017617,3738.291,3242.9026,3738.291
4315,0.009019242,6089.293,6089.293,9978.455
4316,0.009020875,8367.156,8367.156,12893.877
4317,0.009022497,9861.04,6398.337,9861.04
4318,0.009024116,10095.831,10095.831,12808.338
4319,0.009025734,9334.908,9334.908,12814.682
4320,0.009027336,8038.322,3517.9832,8038.322
4321,0.00902892,6638.9937,6638.9937,1948.6973
4322,0.009030505,5488.3706,5488.3706,1497.252
4323,0.009032059,4944.3926,3316.495,4944.3926
4324,0.009033661,5185.735,5185.735,5188.0957
4325,0.009035288,5821.3477,5821.3477,9306.361
4326,0.009036879,6235.8535,4403.119,6235.8535
4327,0.009038476,5971.899,5971.899,10618.11
4328,0.009040036,5023.373,5023.373,8054.5957
4329,0.009041523,3548.8926,3126.503,3548.8926
4330,0.009042979,1676.282,1676.282,1636.1348
4331,0.009044475,-360.91565,-360.91565,348.81448
4332,0.009046088,-2238.068,716.186,-2238.068
4333,0.009047742,-3332.3054,-3332.3054,-3597.0527
4334,0.009049374,-3156.363,-3156.363,-904.7558
4335,0.009050951,-1412.5214,-270.58963,-1412.5214
4336,0.009052483,1834.7227,1834.7227,3441.0488
4337,0.009054026,5552.624,5552.624,8117.228
4338,0.009055576,8332.314,6697.8335,8332.314
4339,0.009057163,9146.477,9146.477,6998.213
4340,0.009058794,8557.174,8557.174,12351.291
4341,0.009060412,7719.658,9871.841,7719.658
4342,0.009062023,7505.706,7505.706,7695.338
4343,0.009063586,7577.6045,7577.6045,8897.721
4344,0.009065159,7337.775,1679.1903,7337.775
4345,0.009066766,6237.9907,6237.9907,3195.6113
4346,0.009068406,3990.0403,3990.0403,368.47855
4347,0.009070033,479.3301,-989.0557,479.3301
4348,0.009071612,-4074.3225,-4074.3225,-3938.0837
4349,0.009073175,-8745.091,-8745.091,-8847.936
4350,0.009074762,-12465.278,-9016.809,-12465.278
4351,0.009076395,-14243.555,-14243.555,-14677.3955
4352,0.009078023,-14090.195,-14090.195,-17569.78
4353,0.009079619,-12480.561,-10768.284,-12480.561
4354,0.009081136,-9988.264,-9988.264,-11559.514
4355,0.009082632,-7008.5312,-7008.5312,-10163.264
4356,0.009084157,-3849.2244,-3673.1604,-3849.2244
4357,0.009085726,-967.21094,-967.21094,414.15042
4358,0.009087301,803.14557,803.14557,2519.5957
4359,0.009088886,626.74414,-427.24002,626.74414
4360,0.009090497,-2010.4884,-2010.4884,-3478.0212
4361,0.009092126,-6001.7905,-6001.7905,-6907.0366
4362,0.009093737,-9668.427,-7690.458,-9668.427
4363,0.009095329,-11797.737,-11797.737,-14350.2
4364,0.009096954,-12560.075,-12560.075,-14893.771
4365,0.009098601,-12360.653,-11302.711,-12360.653
4366,0.009100269,-11667.847,-11667.847,-14146.365
4367,0.009101951,-11006.029,-11006.029,-16313.693
4368,0.009103631,-10927.404,-11318.737,-10927.404
4369,0.00910526,-11742.995,-11742.995,-7544.0293
4370,0.009106861,-13011.33,-13011.33,-11026.63
4371,0.009108456,-14179.911,-15318.606,-14179.911
4372,0.009110027,-14880.541,-14880.541,-16768.732
4373,0.009111601,-15496.502,-15496.502,-19225.684
4374,0.009113206,-16598.121,-16220.904,-16598.121
4375,0.009114827,-18420.062,-18420.062,-17968.059
4376,0.00911646,-19760.584,-19760.584,-15516.6455
4377,0.009118063,-19058.865,-17696.99,-19058.865
4378,0.009119619,-15604.285,-15604.285,-19038.021
4379,0.009121103,-11116.203,-11116.203,-12716.459
4380,0.009122596,-7262.6304,-6985.705,-7262.6304
4381,0.009124151,-5326.123,-5326.123,-2528.5056
4382,0.009125735,-4602.4414,-4602.4414,-2217.1074
4383,0.009127342,-3573.1306,-2271.4514,-3573.1306
4384,0.009128997,-1088.6938,-1088.6938,-1339.459
4385,0.009130645,1651.2963,1651.2963,4133.3145
4386,0.009132223,2916.0488,2027.5277,2916.0488
4387,0.009133725,2005.9885,2005.9885,3087.4395
4388,0.009135191,422.93045,422.93045,4775.181
4389,0.009136665,-60.372997,915.09705,-60.372997
4390,0.009138213,1901.1011,1901.1011,1668.2598
4391,0.009139825,5124.381,5124.381,5415.4004
4392,0.009141445,7255.174,7950.224,7255.174
4393,0.009143084,6525.3696,6525.3696,1986.627
4394,0.009144736,3718.0728,3718.0728,4019.2986
4395,0.009146371,399.81448,2611.7214,399.81448
4396,0.009147992,-2169.9272,-2169.9272,-654.66205
4397,0.00914964,-3706.1528,-3706.1528,-1835.8729
4398,0.009151305,-4045.623,-5232.5073,-4045.623
4399,0.00915296,-3289.7583,-3289.7583,-6564.279
4400,0.009154583,-2470.023,-2470.023,-5149.107
4401,0.009156208,-2753.2869,-2018.0182,-2753.2869
4402,0.009157859,-4858.4336,-4858.4336,-1412.3729
4403,0.009159513,-7409.413,-7409.413,-4122.7324
4404,0.009161142,-8486.146,-7221.656,-8486.146
4405,0.009162774,-6897.329,-6897.329,-3931.1072
4406,0.009164406,-3857.7776,-3857.7776,-2692.2168
4407,0.009166028,-1210.6151,-3474.3284,-1210.6151
4408,0.009167651,-237.28471,-237.28471,-3733.2715
4409,0.009169284,-234.44046,-234.44046,33.173874
4410,0.009170887,1.9316878,999.9944,1.9316878
4411,0.009172446,1197.6329,1197.6329,2703.6191
4412,0.009173994,2569.8804,2569.8804,3051.1113
4413,0.009175583,2994.7285,4389.168,2994.7285
4414,0.009177205,1697.9384,1697.9384,1591.8926
4415,0.009178854,62.15925,62.15925,1820.1582
4416,0.009180498,156.54105,-1463.4415,156.54105
4417,0.009182104,3174.0632,3174.0632,1854.3615
4418,0.009183694,7446.5024,7446.5024,7153.908
4419,0.009185258,10720.438,8616.785,10720.438
4420,0.009186787,11516.089,11516.089,13575.493
4421,0.009188357,10590.127,10590.127,8740.393
4422,0.009189911,9238.947,4521.674,9238.947
4423,0.009191435,8441.319,8441.319,6979.2285
4424,0.009192924,7855.7134,7855.7134,7096.3926
4425,0.009194414,6855.9004,7846.738,6855.9004
4426,0.009195852,5125.3213,5125.3213,3808.166
4427,0.009197265,3085.887,3085.887,6120.189
4428,0.009198728,1231.666,1722.8969,1231.666
4429,0.009200272,148.39372,148.39372,1801.252
4430,0.009201856,204.98172,204.98172,2037.6426
4431,0.009203399,1534.4238,-1065.088,1534.4238
4432,0.009204907,3968.6125,3968.6125,2518.9863
4433,0.009206417,6602.1133,6602.1133,7983.3066
4434,0.00920793,8295.369,3059.6418,8295.369
4435,0.00920946,8252.08,8252.08,8605.274
4436,0.009211009,7121.427,7121.427,3848.7754
4437,0.009212579,5989.9785,3826.658,5989.9785
4438,0.009214184,5723.9277,5723.9277,9304.228
4439,0.009215805,5988.4395,5988.4395,9511.432
4440,0.009217417,6084.3926,6799.8203,6084.3926
4441,0.009218959,5492.9014,5492.9014,5548.635
4442,0.009220487,4211.879,4211.879,4230.0723
4443,0.009222048,2276.7441,926.131,2276.7441
4444,0.009223618,-66.88053,-66.88053,-339.72455
4445,0.009225197,-1969.958,-1969.958,202.9395
4446,0.009226742,-2417.1384,-3735.3386,-2417.1384
4447,0.009228272,-919.0989,-919.0989,-2740.5605
4448,0.009229811,1550.7876,1550.7876,-1065.4901
4449,0.009231353,3612.6738,2740.7603,3612.6738
4450,0.009232864,4245.2637,4245.2637,5741.3145
4451,0.009234386,3934.079,3934.079,4784.6113
4452,0.009235911,3473.9548,1819.2283,3473.9548
4453,0.009237438,3481.1135,3481.1135,2966.6504
4454,0.009238951,3791.9453,3791.9453,4297.767
4455,0.009240478,4058.9473,2010.4261,4058.9473
4456,0.009241975,3909.2427,3909.2427,-186.79486
4457,0.00924346,2908.6897,2908.6897,1627.6426
4458,0.009244955,571.041,-426.9552,571.041
4459,0.009246474,-3208.4746,-3208.4746,5451.275
4460,0.009248018,-6687.56,-6687.56,523.52545
4461,0.009249588,-7470.357,-6374.1597,-7470.357
4462,0.009251188,-3890.473,-3890.473,-2337.834
4463,0.009252771,1662.3789,1662.3789,24.861374
4464,0.00925434,5914.0566,5481.5845,5914.0566
4465,0.009255907,6502.752,6502.752,2764.58
4466,0.009257481,4099.7236,4099.7236,4751.877
4467,0.009259067,130.10356,1343.5688,130.10356
4468,0.009260618,-3993.318,-3993.318,-958.79486
4469,0.009262211,-7924.0947,-7924.0947,-3505.1697
4470,0.009263865,-11285.239,-8606.78,-11285.239
4471,0.009265503,-13595.153,-13595.153,-13683.107
4472,0.009267123,-15010.523,-15010.523,-17580.1
4473,0.009268747,-15794.67,-10001.053,-15794.67
4474,0.009270361,-16058.25,-16058.25,-12832.607
4475,0.009271966,-15463.117,-15463.117,-16300.427
4476,0.009273549,-13589.942,-14444.08,-13589.942
4477,0.009275154,-10208.79,-10208.79,-4067.1384
4478,0.009276764,-6246.029,-6246.029,-7126.5522
4479,0.009278345,-2967.1775,-3886.098,-2967.1775
4480,0.009279933,-1197.0159,-1197.0159,1474.2441
4481,0.009281529,-865.28314,-865.28314,-364.7011
4482,0.009283122,-1639.4354,-1587.937,-1639.4354
4483,0.009284699,-3161.46,-3161.46,-2274.3105
4484,0.00928621,-5033.386,-5033.386,-5802.0215
4485,0.009287713,-7022.3027,-8854.696,-7022.3027
4486,0.009289257,-9014.239,-9014.239,-8280.786
4487,0.009290866,-11263.243,-11263.243,-8609.662
4488,0.009292519,-14120.771,-12035.871,-14120.771
4489,0.00929415,-17384.902,-17384.902,-18715.389
4490,0.009295738,-19119.094,-19119.094,-17276.373
4491,0.009297256,-17360.139,-13665.441,-17360.139
4492,0.009298701,-11600.741,-11600.741,-1251.1464
4493,0.009300127,-4432.884,-4432.884,3902.4316
4494,0.009301555,1000.166,-704.8251,1000.166
4495,0.009302996,2357.4785,2357.4785,-530.123
4496,0.009304459,792.90125,792.90125,3736.6113
4497,0.009305929,-1495.201,-1263.2572,-1495.201
4498,0.009307386,-2743.291,-2743.291,-821.7402
4499,0.009308848,-3368.35,-3368.35,-7681.5522
4500,0.009310366,-4347.5215,-5274.51,-4347.5215
4501,0.009311915,-6454.9497,-6454.9497,-6751.732
4502,0.009313471,-9270.066,-9270.066,-7438.107
4503,0.009314997,-12001.591,-9112.004,-12001.591
4504,0.009316517,-14000.918,-14000.918,-6933.8335
4505,0.009318033,-14599.034,-14599.034,-9499.92
4506,0.009319549,-13127.615,-13168.229,-13127.615
4507,0.009321073,-9343.222,-9343.222,-9180.818
4508,0.009322621,-4807.882,-4807.882,-5432.724
4509,0.009324211,-1710.0839,-7544.122,-1710.0839
4510,0.009325782,-1819.322,-1819.322,-4547.0137
4511,0.009327346,-3952.6907,-3952.6907,-4095.029
4512,0.009328942,-6364.131,-7085.3784,-6364.131
4513,0.009330559,-7538.305,-7538.305,-5770.482
4514,0.009332166,-7537.958,-7537.958,-2743.529
4515,0.00933375,-6883.771,-3543.186,-6883.771
4516,0.00933533,-5987.753,-5987.753,-5823.3184
4517,0.009336954,-4927.1646,-4927.1646,-4590.4355
4518,0.009338589,-3755.459,-8061.906,-3755.459
4519,0.009340153,-2536.341,-2536.341,-847.3652
4520,0.00934167,-1118.8684,-1118.8684,-1119.5059
4521,0.009343181,695.7363,-2581.783,695.7363
4522,0.009344715,2986.5942,2986.5942,2623.3926
4523,0.009346309,5296.3604,5296.3604,175.71292
4524,0.009347893,6810.424,5648.562,6810.424
4525,0.009349382,7120.531,7120.531,8833.572
4526,0.009350837,6937.605,6937.605,10704.549
4527,0.009352312,7055.635,4640.42,7055.635
4528,0.009353817,8016.739,8016.739,8109.8374
4529,0.009355376,9202.526,9202.526,10406.149
4530,0.009356933,9532.432,8023.112,9532.432
4531,0.00935852,8327.928,8327.928,8103.588
4532,0.00936012,6609.9917,6609.9917,6642.7676
4533,0.009361708,5902.2515,5232.3613,5902.2515
4534,0.009363321,7284.732,7284.732,6988.3613
4535,0.009364929,10074.702,10074.702,10608.627
4536,0.009366538,13138.275,12302.221,13138.275
4537,0.009368149,15432.252,15432.252,15240.22
4538,0.009369757,16285.803,16285.803,16470.744
4539,0.009371319,15201.432,11912.004,15201.432
4540,0.00937289,11959.058,11959.058,9782.142
4541,0.009374495,7336.7095,7336.7095,3781.6973
4542,0.009376134,2530.4082,748.3203,2530.4082
4543,0.009377784,-1221.4343,-1221.4343,113.21293
4544,0.009379398,-3280.6353,-3280.6353,2403.7285
4545,0.009380965,-3374.6384,-4651.4604,-3374.6384
4546,0.009382518,-1544.3217,-1544.3217,-2470.498
4547,0.009384091,1131.7261,1131.7261,-579.7714
4548,0.009385649,3180.9004,3914.3838,3180.9004
4549,0.009387114,3733.3643,3733.3643,-1215.7167
4550,0.009388559,3934.6177,3934.6177,-2419.6074
4551,0.009390036,5225.8223,4652.2573,5225.8223
4552,0.009391562,8596.982,8596.982,7635.486
4553,0.009393178,12513.469,12513.469,10690.134
4554,0.009394748,14047.229,10614.105,14047.229
4555,0.009396336,11565.583,11565.583,13959.603
4556,0.00939798,6686.197,6686.197,7030.885
4557,0.009399639,2418.2988,4652.4995,2418.2988
4558,0.009401278,1091.44,1091.44,-1623.3339
4559,0.009402899,1697.2632,1697.2632,-1447.1932
4560,0.009404484,2529.4238,-463.9122,2529.4238
4561,0.009406066,2424.1094,2424.1094,5260.877
4562,0.009407661,1785.6272,1785.6272,3546.5723
4563,0.009409259,1429.2285,1613.8739,1429.2285
4564,0.009410821,1889.8514,1889.8514,1823.8535
4565,0.009412429,2670.0261,2670.0261,2479.5098
4566,0.009414053,2940.338,-1831.0907,2940.338
4567,0.009415684,2143.3838,2143.3838,1562.8145
4568,0.009417339,946.97156,946.97156,-2024.2245
4569,0.009418944,392.24417,1120.7104,392.24417
4570,0.00942052,1178.0719,1178.0719,2149.7285
4571,0.009422071,3257.3958,3257.3958,3227.6738
4572,0.009423607,6440.6426,3430.7969,6440.6426
4573,0.009425164,10324.555,10324.555,14414.049
4574,0.00942675,13093.374,13093.374,15269.057
4575,0.009428337,12417.767,13225.347,12417.767
4576,0.009429934,6918.728,6918.728,10814.596
4577,0.009431547,-1054.8263,-1054.8263,4604.369
4578,0.009433164,-7995.334,-5897.506,-7995.334
4579,0.009434798,-11163.755,-11163.755,-12177.857
4580,0.009436397,-10912.325,-10912.325,-11607.3955
4581,0.009437939,-8597.537,-8542.775,-8597.537
4582,0.009439493,-5256.782,-5256.782,-12246.131
4583,0.009441074,-1927.8317,-1927.8317,-4465.287
4584,0.009442635,181.44731,514.1964,181.44731
4585,0.009444201,368.46155,368.46155,-3338.5137
4586,0.009445792,-725.7701,-725.7701,-3910.2869
4587,0.00944739,-2046.5449,-1503.8279,-2046.5449
4588,0.00944896,-2708.375,-2708.375,-1600.5057
4589,0.009450537,-2718.2954,-2718.2954,-1326.5682
4590,0.009452088,-2272.1465,-1867.6792,-2272.1465
4591,0.009453623,-1575.593,-1575.593,-458.84955
4592,0.009455143,-865.5705,-865.5705,761.3379
4593,0.009456667,-373.04486,-847.216,-373.04486
4594,0.009458212,-227.30838,-227.30838,-744.09955
4595,0.009459761,-105.71261,-105.71261,202.71294
4596,0.009461314,443.72073,-1442.1823,443.72073
4597,0.009462902,1766.0248,1766.0248,4146.8926
4598,0.009464513,3594.8276,3594.8276,6218.6035
4599,0.009466119,5449.1035,1418.9368,5449.1035
4600,0.009467733,6979.623,6979.623,7583.541
4601,0.009469354,8208.3,8208.3,7823.3843
4602,0.009470969,9250.509,10400.348,9250.509
4603,0.009472572,10007.199,10007.199,6869.3296
4604,0.009474131,9541.297,9541.297,12648.635
4605,0.009475673,6814.752,5976.964,6814.752
4606,0.009477213,1428.7772,1428.7772,657.56445
4607,0.009478735,-4315.38,-4315.38,-4082.2712
4608,0.009480271,-7671.7085,-5082.8374,-7671.7085
4609,0.009481831,-6596.0923,-6596.0923,-8619.748
4610,0.009483449,-2757.979,-2757.979,-5309.9746
4611,0.009485046,646.19727,111.44986,646.19727
4612,0.009486586,1429.0131,1429.0131,6071.994
4613,0.009488121,809.25696,809.25696,1220.5488
4614,0.009489709,637.1738,-1541.5507,637.1738
4615,0.009491333,2504.1804,2504.1804,7835.5254
4616,0.00949291,5832.058,5832.058,11850.611
4617,0.00949444,9603.127,7533.58,9603.127
4618,0.009495961,13080.134,13080.134,19447.406
4619,0.009497498,15690.165,15690.165,21873.096
4620,0.009499067,16806.953,15237.021,16806.953
4621,0.009500667,15986.639,15986.639,13766.854
4622,0.009502254,14027.883,14027.883,17273.805
4623,0.00950378,12087.455,8236.522,12087.455
4624,0.009505268,10785.2705,10785.2705,7220.744
4625,0.00950678,9467.989,9467.989,3985.4001
4626,0.009508341,7150.213,6190.0566,7150.213
4627,0.00950994,3056.7664,3056.7664,4455.416
4628,0.009511538,-2200.202,-2200.202,-849.9355
4629,0.009513123,-7682.5684,-3091.8943,-7682.5684
4630,0.009514715,-12609.449,-12609.449,-15161.325
4631,0.009516324,-16278.435,-16278.435,-15545.186
4632,0.00951795,-17943.113,-13399.954,-17943.113
4633,0.009519544,-17244.375,-17244.375,-16952.451
4634,0.009521139,-15315.342,-15315.342,-16497.373
4635,0.009522742,-13583.036,-10395.183,-13583.036
4636,0.00952434,-13102.1455,-13102.1455,-11304.107
4637,0.009525888,-13281.637,-13281.637,-15635.193
4638,0.00952742,-13198.935,-14124.56,-13198.935
4639,0.009528996,-12284.55,-12284.55,-11993.044
4640,0.009530623,-11354.158,-11354.158,-11277.865
4641,0.009532247,-11734.107,-10163.613,-11734.107
4642,0.009533877,-14166.402,-14166.402,-17931.748
4643,0.00953553,-17111.656,-17111.656,-20079.154
4644,0.009537156,-18308.912,-13565.655,-18308.912
4645,0.009538733,-16407.617,-16407.617,-18728.03
4646,0.009540303,-12456.904,-12456.904,-13136.6455
4647,0.009541839,-8066.1694,-10328.562,-8066.1694
4648,0.009543332,-4478.5366,-4478.5366,-7262.662
4649,0.009544829,-1961.8627,-1961.8627,255.68169
4650,0.009546333,-739.85736,-935.07275,-739.85736
4651,0.009547838,-839.79126,-839.79126,-1069.2401
4652,0.009549381,-1463.9027,-1463.9027,-1575.4354
4653,0.009550927,-1526.6073,-1624.3711,-1526.6073
4654,0.00955247,-305.2536,-305.2536,3941.408
4655,0.009554052,1452.199,1452.199,-956.6777
4656,0.009555582,2468.6035,517.27686,2468.6035
4657,0.009557146,2050.5728,2050.5728,-3434.6152
4658,0.009558749,1092.343,1092.343,-4556.498
4659,0.009560351,1069.6582,2159.4268,1069.6582
4660,0.009561993,3145.746,3145.746,4900.713
4661,0.009563636,6830.4194,6830.4194,4476.299
4662,0.009565264,11148.556,9454.263,11148.556
4663,0.009566899,15178.461,15178.461,8971.346
4664,0.009568536,17703.098,17703.098,18739.229
4665,0.009570158,17474.273,17882.055,17474.273
4666,0.009571729,14062.584,14062.584,10306.432
4667,0.009573287,9244.091,9244.091,2736.1738
4668,0.009574853,5189.619,3743.8599,5189.619
4669,0.009576425,3450.3484,3450.3484,1531.5098
4670,0.009577964,2761.882,2761.882,2906.2754
4671,0.009579511,1160.4551,2703.0376,1160.4551
4672,0.009581099,-2773.1526,-2773.1526,-3693.8496
4673,0.009582706,-7808.609,-7808.609,-8617.17
4674,0.009584314,-11909.428,-7140.7944,-11909.428
4675,0.009585935,-13556.961,-13556.961,-12190.975
4676,0.009587565,-13155.635,-13155.635,-13079.896
4677,0.009589178,-11674.686,-8948.291,-11674.686
4678,0.009590801,-9888.043,-9888.043,-5901.8965
4679,0.009592381,-8009.715,-8009.715,-8752.404
4680,0.009593919,-6044.1304,-3873.388,-6044.1304
4681,0.009595446,-3966.1174,-3966.1174,-4510.4355
4682,0.009596989,-1797.4583,-1797.4583,-1647.2479
4683,0.009598541,380.35355,-685.298,380.35355
4684,0.009600085,2355.2107,2355.2107,-683.0839
4685,0.009601634,3491.9448,3491.9448,1599.5332
4686,0.009603221,2974.6582,1153.9995,2974.6582
4687,0.009604843,312.66592,312.66592,-2389.4902
4688,0.009606471,-2993.806,-2993.806,-206.8105
4689,0.009608069,-4902.4043,-3027.9863,-4902.4043
4690,0.009609679,-4075.4612,-4075.4612,-262.16986
4691,0.009611295,-1238.1459,-1238.1459,746.97076
4692,0.009612881,2229.9238,-1645.8138,2229.9238
4693,0.00961444,5155.9556,5155.9556,6062.0874
4694,0.009615967,6759.4204,6759.4204,5908.3145
4695,0.009617469,6428.9395,5986.479,6428.9395
4696,0.009618942,3967.5588,3967.5588,-50.013622
4697,0.009620451,428.00162,428.00162,2073.955
4698,0.009622009,-2639.2402,51.308937,-2639.2402
4699,0.009623583,-3800.6045,-3800.6045,-7265.5215
4700,0.009625101,-3393.4639,-3393.4639,-3946.037
4701,0.009626608,-2194.3418,-3347.3748,-2194.3418
4702,0.009628139,-831.6733,-831.6733,-2580.5137
4703,0.009629733,141.2537,141.2537,-3984.6072
4704,0.009631365,47.150436,-177.68349,47.150436
4705,0.009632953,-1493.7273,-1493.7273,-5273.5913
4706,0.009634523,-3939.9768,-3939.9768,-4260.6855
4707,0.009636085,-6598.2085,-3896.5464,-6598.2085
4708,0.009637648,-8850.142,-8850.142,-8244.686
4709,0.009639209,-10258.796,-10258.796,-11609.756
4710,0.009640822,-10424.686,-10212.893,-10424.686
4711,0.009642463,-8922.396,-8922.396,-10167.701
4712,0.009644094,-5844.268,-5844.268,-7448.9824
4713,0.00964566,-1576.0057,-1066.5857,-1576.0057
4714,0.009647212,3588.842,3588.842,5832.7676
4715,0.009648789,8751.83,8751.83,10687.861
4716,0.009650385,12636.268,11890.797,12636.268
4717,0.009651976,14220.917,14220.917,12084.438
4718,0.009653579,13847.629,13847.629,14248.791
4719,0.00965517,12181.768,13259.71,12181.768
4720,0.009656745,9883.048,9883.048,9233.463
4721,0.009658321,7455.811,7455.811,6747.627
4722,0.009659952,5336.5957,2423.4946,5336.5957
4723,0.009661571,4036.9353,4036.9353,5435.83
4724,0.009663203,3444.3323,3444.3323,5677.619
4725,0.009664808,3348.1033,-449.2251,3348.1033
4726,0.009666375,3637.2336,3637.2336,1141.502
4727,0.009667914,4687.8213,4687.8213,2092.6504
4728,0.009669446,6993.322,4317.009,6993.322
4729,0.009671021,10869.253,10869.253,8570.955
4730,0.009672666,15337.386,15337.386,12308.314
4731,0.009674245,18526.69,13345.383,18526.69
4732,0.00967579,19621.328,19621.328,16393.955
4733,0.00967727,19521.951,19521.951,19611.072
4734,0.009678679,19391.096,18773.723,19391.096
4735,0.009680059,19792.41,19792.41,19121.846
4736,0.009681496,19809.068,19809.068,15762.158
4737,0.009683034,17805.979,14488.954,17805.979
4738,0.009684557,12702.502,12702.502,20286.01
4739,0.009686067,5829.044,5829.044,5988.322
4740,0.009687572,-1007.52924,3002.838,-1007.52924
4741,0.009689069,-6211.393,-6211.393,-4500.6934
4742,0.009690595,-9082.734,-9082.734,-10013.38
4743,0.009692185,-8819.686,-4883.3267,-8819.686
4744,0.009693794,-5060.8955,-5060.8955,422.97073
4745,0.009695419,104.78489,104.78489,4295.627
4746,0.00969703,3828.588,-1760.5122,3828.588
4747,0.009698587,4188.8647,4188.8647,8750.518
4748,0.009700115,2242.12,2242.12,2076.8223
4749,0.009701573,-423.7011,-1608.9849,-423.7011
4750,0.009703031,-2760.429,-2760.429,-2988.5525
4751,0.009704576,-4276.3857,-4276.3857,-5183.0684
4752,0.009706181,-4299.021,-3915.173,-4299.021
4753,0.009707726,-2654.1187,-2654.1187,-3570.7012
4754,0.00970924,-550.2662,-550.2662,-3674.6462
4755,0.009710753,655.89264,467.30408,655.89264
4756,0.009712283,37.344643,37.344643,2173.7988
4757,0.009713831,-1493.6373,-1493.6373,-769.8105
4758,0.009715418,-2469.3337,59.725597,-2469.3337
4759,0.00971703,-1695.4316,-1695.4316,846.56445
4760,0.00971863,135.28554,135.28554,2763.7363
4761,0.009720248,1886.4395,-230.72984,1886.4395
4762,0.009721876,2711.607,2711.607,7628.322
4763,0.009723503,3202.06,3202.06,5793.9395
4764,0.009725122,4315.283,5052.8384,4315.283
4765,0.009726727,6649.1914,6649.1914,-159.0683
4766,0.009728309,9481.105,9481.105,198.08794
4767,0.009729902,11880.596,8194.039,11880.596
4768,0.009731535,13243.704,13243.704,13847.235
4769,0.009733163,14463.012,14463.012,15379.908
4770,0.009734782,16886.572,9395.752,16886.572
4771,0.009736367,20945.953,20945.953,19753.783
4772,0.00973796,24070.379,24070.379,26346.994
4773,0.009739541,22839.76,19975.059,22839.76
4774,0.009741124,15414.871,15414.871,13944.399
4775,0.009742671,6153.1514,6153.1514,5039.2207
4776,0.009744195,279.86136,4170.527,279.86136
4777,0.009745736,1187.8533,1187.8533,-3628.4355
4778,0.009747316,6219.9873,6219.9873,-1438.201
4779,0.009748932,10636.752,9251.335,10636.752
4780,0.009750573,10544.066,10544.066,4826.791
4781,0.009752238,7807.3354,7807.3354,-1939.0135
4782,0.009753927,6027.5645,6588.6895,6027.5645
4783,0.009755627,7934.585,7934.585,7327.0405
4784,0.009757239,11528.687,11528.687,12325.236
4785,0.009758803,14243.135,10999.641,14243.135
4786,0.009760339,14464.325,14464.325,7119.533
4787,0.009761886,12807.881,12807.881,7991.408
4788,0.009763474,10343.627,8446.804,10343.627
4789,0.00976512,7957.0503,7957.0503,9404.611
4790,0.009766759,5489.1797,5489.1797,6870.4707
4791,0.009768399,2354.916,4972.336,2354.916
4792,0.009770021,-1628.2828,-1628.2828,-3951.0916
4793,0.009771619,-5335.6294,-5335.6294,-6193.701
4794,0.009773218,-7444.2866,-2071.7488,-7444.2866
4795,0.009774788,-7098.4883,-7098.4883,-3715.3962
4796,0.009776343,-5445.8945,-5445.8945,-848.6152
4797,0.00977794,-3977.8027,-3400.8535,-3977.8027
4798,0.009779598,-3946.3271,-3946.3271,-7299.2397
4799,0.009781263,-4824.706,-4824.706,-5482.092
4800,0.009782932,-5516.342,-524.94934,-5516.342
4801,0.009784479,-5084.819,-5084.819,-3588.0134
4802,0.009785955,-3162.2683,-3162.2683,-658.998
4803,0.009787427,676.0801,-2580.074,676.0801
4804,0.0097889,6414.6343,6414.6343,6724.213
4805,0.00979038,12184.956,12184.956,6455.869
4806,0.009791875,15586.806,11422.4,15586.806
4807,0.009793404,14752.873,14752.873,7432.103
4808,0.009794952,10718.795,10718.795,4955.5796
4809,0.009796544,5378.0957,5903.1475,5378.0957
4810,0.009798205,464.6802,464.6802,-4109.576
4811,0.009799886,-3548.6719,-3548.6719,-6697.779
4812,0.009801591,-6795.826,-3130.398,-6795.826
4813,0.009803286,-9307.233,-9307.233,-5742.4043
4814,0.009804934,-10945.058,-10945.058,-5739.217
4815,0.009806542,-11616.372,-10317.659,-11616.372
4816,0.009808131,-11464.562,-11464.562,-8020.49
4817,0.009809736,-11551.132,-11551.132,-10075.334
4818,0.009811287,-13098.982,-12599.943,-13098.982
4819,0.009812813,-16686.936,-16686.936,-19421.186
4820,0.00981436,-20970.031,-20970.031,-23353.197
4821,0.009815969,-23976.477,-17236.023,-23976.477
4822,0.009817628,-23857.586,-23857.586,-22220.783
4823,0.009819273,-21423.373,-21423.373,-22408.826
4824,0.009820892,-18282.785,-17953.316,-18282.785
4825,0.009822471,-15727.464,-15727.464,-12617.217
4826,0.00982403,-14078.461,-14078.461,-12556.686
4827,0.009825586,-13475.45,-11854.142,-13475.45
4828,0.009827178,-13960.151,-13960.151,-12134.912
4829,0.009828799,-14965.419,-14965.419,-13392.24
4830,0.00983041,-15675.13,-14856.194,-15675.13
4831,0.009832001,-15550.318,-15550.318,-13824.552
4832,0.009833571,-15043.556,-15043.556,-15750.545
4833,0.009835136,-14806.731,-16092.855,-14806.731
4834,0.009836705,-15185.711,-15185.711,-12041.607
4835,0.009838303,-15329.839,-15329.839,-13748.092
4836,0.00983989,-14045.475,-11296.849,-14045.475
4837,0.009841468,-10713.524,-10713.524,-14053.248
4838,0.009843029,-6854.4365,-6854.4365,-12463.756
4839,0.009844582,-4398.162,-6021.467,-4398.162
4840,0.00984614,-4629.771,-4629.771,1249.0332
4841,0.009847725,-6406.1465,-6406.1465,-4219.1777
4842,0.009849283,-7828.2476,-6894.8696,-7828.2476
4843,0.009850815,-7586.477,-7586.477,-7770.357
4844,0.009852352,-6186.9614,-6186.9614,-6848.0605
4845,0.00985392,-4528.5293,-7214.3564,-4528.5293
4846,0.009855529,-3426.4626,-3426.4626,1256.2051
4847,0.009857178,-3059.5156,-3059.5156,-3456.443
4848,0.009858779,-3389.2324,-3007.067,-3389.2324
4849,0.00986028,-4198.155,-4198.155,-3714.1777
4850,0.009861746,-5086.138,-5086.138,-5499.4434
4851,0.009863221,-5649.209,-4272.8994,-5649.209
4852,0.009864759,-5506.955,-5506.955,-7073.5913
4853,0.009866287,-4571.615,-4571.615,-4906.771
4854,0.009867851,-2817.795,-6745.7837,-2817.795
4855,0.009869452,-364.81238,-364.81238,-412.5136
4856,0.009871039,1951.5425,1951.5425,1126.9785
4857,0.009872622,3234.7441,1895.1354,3234.7441
4858,0.009874228,2918.9236,2918.9236,-1890.701
4859,0.009875853,1834.0103,1834.0103,2505.502
4860,0.009877454,1251.6426,-1303.0878,1251.6426
4861,0.009879038,2012.2812,2012.2812,435.30667
4862,0.009880575,3521.9717,3521.9717,994.5488
4863,0.00988209,4965.33,5979.4443,4965.33
4864,0.00988362,5773.274,5773.274,7430.8613
4865,0.009885185,6044.5527,6044.5527,7812.3613
4866,0.009886744,6065.5874,8272.24,6065.5874
4867,0.009888264,6054.963,6054.963,5726.463
4868,0.009889749,5870.681,5870.681,1371.2363
4869,0.009891224,5294.2676,6024.354,5294.2676
4870,0.009892705,4209.0024,4209.0024,9538.283
4871,0.009894202,2929.872,2929.872,4701.5566
4872,0.009895746,1894.2363,1862.3997,1894.2363
4873,0.009897321,1487.2196,1487.2196,4409.455
4874,0.009898904,1483.5747,1483.5747,2475.2207
4875,0.009900474,1475.9941,-807.50104,1475.9941
4876,0.009902059,1266.903,1266.903,5019.4004
4877,0.0099036,1486.4828,1486.4828,3891.9238
4878,0.009905146,2932.2285,2336.5269,2932.2285
4879,0.009906706,6293.021,6293.021,5258.713
4880,0.009908308,11772.108,11772.108,11753.399
4881,0.009909926,19264.783,12135.201,19264.783
4882,0.009911534,27840.805,27840.805,27819.008
4883,0.009913077,33802.742,33802.742,35267.633
4884,0.009914583,33806.016,27249.898,33806.016
4885,0.009916094,26164.451,26164.451,26250.36
4886,0.009917632,15644.657,15644.657,13943.532
4887,0.00991917,9328.51,9428.771,9328.51
4888,0.009920689,11861.019,11861.019,8219.111
4889,0.009922216,18873.28,18873.28,14723.65
4890,0.009923768,23801.674,20329.479,23801.674
4891,0.009925338,21441.709,21441.709,23204.268
4892,0.009926879,14430.723,14430.723,11173.618
4893,0.009928441,6987.7983,8855.629,6987.7983
4894,0.009930009,2643.2576,2643.2576,9152.822
4895,0.009931516,986.13885,986.13885,2012.1191
4896,0.009932989,481.66605,-1308.7789,481.66605
4897,0.009934434,85.462105,85.462105,1481.6504
4898,0.009935903,-302.82104,-302.82104,3063.4863
4899,0.009937437,-539.16205,-5518.068,-539.16205
4900,0.009939061,-453.35883,-453.35883,-3136.3809
4901,0.009940696,22.065794,22.065794,247.22855
4902,0.009942343,908.166,-1032.6045,908.166
4903,0.009943976,2043.1355,2043.1355,2928.3923
4904,0.009945597,2647.3318,2647.3318,3501.08
4905,0.009947163,1866.916,1354.0045,1866.916
4906,0.009948697,-654.8825,-654.8825,-1947.7323
4907,0.009950249,-3967.468,-3967.468,-11008.74
4908,0.009951813,-6676.1387,-4810.4644,-6676.1387
4909,0.009953316,-7680.3296,-7680.3296,-6176.0522
4910,0.009954837,-7415.644,-7415.644,-5124.8887
4911,0.009956423,-6473.1543,-6481.7334,-6473.1543
4912,0.009958071,-5476.1665,-5476.1665,-8427.959
4913,0.009959667,-4875.8354,-4875.8354,-6396.193
4914,0.009961197,-4917.6387,-7872.4165,-4917.6387
4915,0.009962713,-5646.233,-5646.233,-6580.9585
4916,0.009964227,-6456.1387,-6456.1387,-5107.0605
4917,0.009965791,-6560.763,-6292.5044,-6560.763
4918,0.009967439,-5341.0244,-5341.0244,-5371.0137
4919,0.009969124,-3744.1409,-3744.1409,-2798.584
4920,0.009970797,-3285.545,-3824.99,-3285.545
4921,0.009972408,-4802.415,-4802.415,-2661.412
4922,0.009974013,-7141.487,-7141.487,-4008.5447
4923,0.009975611,-8737.466,-8581.743,-8737.466
4924,0.0099772,-8524.832,-8524.832,-7390.513
4925,0.009978778,-7286.4785,-7286.4785,-6229.912
4926,0.009980398,-6203.881,-9061.202,-6203.881
4927,0.009982003,-6218.678,-6218.678,-9707.403
4928,0.009983572,-6770.671,-6770.671,-8871.592
4929,0.009985145,-7013.0293,-8663.052,-7013.0293
4930,0.009986762,-6349.268,-6349.268,-3578.6228
4931,0.009988412,-5309.2896,-5309.2896,-4314.037
4932,0.009990027,-4808.2637,-7246.134,-4808.2637
4933,0.009991675,-5368.513,-5368.513,-4351.3496
4934,0.009993324,-6167.3013,-6167.3013,-3735.0215
4935,0.009994958,-6019.9507,-3716.884,-6019.9507
4936,0.009996595,-4206.1357,-4206.1357,-1446.5371
4937,0.009998241,-1744.8784,-1744.8784,1741.791
4938,0.009999911,-129.01363,-1168.6459,-129.01363
4939,0.010001579,-424.48273,-424.48273,-252.20894
4940,0.010003222,-1525.4695,-1525.4695,-1811.0527
4941,0.010004837,-1885.576,-2462.0786,-1885.576
4942,0.010006445,-513.5537,-513.5537,-1221.1229
4943,0.010008019,1757.2881,1757.2881,2243.9785
4944,0.010009586,3782.8848,1770.3235,3782.8848
4945,0.010011164,4728.4175,4728.4175,4538.338
4946,0.010012755,4880.172,4880.172,3536.002
4947,0.010014342,4835.119,4077.3706,4835.119
4948,0.010015921,5066.538,5066.538,5889.0254
4949,0.010017471,5514.6963,5514.6963,7488.5254
4950,0.010018921,5980.8926,7353.717,5980.8926
4951,0.010020348,6380.963,6380.963,7489.744
4952,0.010021801,6772.1265,6772.1265,8153.1655
4953,0.01002335,7262.6035,2179.1643,7262.6035
4954,0.010024981,7867.639,7867.639,8243.064
4955,0.010026588,8179.324,8179.324,7607.9395
4956,0.010028174,7755.1577,5490.9644,7755.1577
4957,0.01002976,6340.673,6340.673,5606.5254
4958,0.010031349,4408.3154,4408.3154,3776.0251
4959,0.010032956,2607.3535,5388.8135,2607.3535
4960,0.010034577,1522.7849,1522.7849,1651.5879
4961,0.010036178,1276.8865,1276.8865,1938.2676
4962,0.010037777,1837.6973,-905.53156,1837.6973
4963,0.010039392,3069.2593,3069.2593,5051.3223
4964,0.010040988,4244.566,4244.566,4295.8613
4965,0.01004255,4557.6113,3202.7107,4557.6113
4966,0.010044126,3575.8103,3575.8103,1243.0879
4967,0.010045737,2140.8584,2140.8584,1387.8536
4968,0.010047363,1556.0411,225.96812,1556.0411
4969,0.010048969,2619.3003,2619.3003,3251.6348
4970,0.010050535,4038.19,4038.19,4793.7754
4971,0.010052077,4206.8535,3002.9065,4206.8535
4972,0.010053619,2217.794,2217.794,-221.77142
4973,0.010055117,-299.5688,-299.5688,-468.40424
4974,0.01005663,-1360.5215,-269.7307,-1360.5215
4975,0.010058146,417.80338,417.80338,-1800.7635
4976,0.010059683,3546.4841,3546.4841,1118.877
4977,0.010061151,5626.8145,4569.129,5626.8145
4978,0.010062605,5376.4136,5376.4136,8471.939
4979,0.010064096,3839.7625,3839.7625,685.0957
4980,0.010065653,2782.3066,1832.0388,2782.3066
4981,0.010067225,3632.0388,3632.0388,4056.1738
4982,0.010068738,4959.931,4959.931,5790.166
4983,0.010070244,4886.478,3918.6223,4886.478
4984,0.010071768,2126.8213,2126.8213,5555.4
4985,0.010073261,-2001.2528,-2001.2528,524.4629
4986,0.010074769,-5794.756,-3201.2476,-5794.756
4987,0.010076322,-7843.034,-7843.034,-7311.3027
4988,0.010077919,-8266.026,-8266.026,179.26761
4989,0.010079524,-7732.248,-3060.8057,-7732.248
4990,0.010081142,-6973.3066,-6973.3066,-5471.8335
4991,0.010082776,-6630.7124,-6630.7124,-2939.6306
4992,0.010084427,-7354.3413,-6933.9775,-7354.3413
4993,0.010086065,-9399.009,-9399.009,-5570.506
4994,0.010087699,-11536.003,-11536.003,-8227.443
4995,0.010089311,-12191.959,-9563.738,-12191.959
4996,0.010090876,-10488.404,-10488.404,-9247.076
4997,0.010092411,-7579.2095,-7579.2095,-7721.787
4998,0.010093906,-4956.8496,-5449.423,-4956.8496
4999,0.010095419,-3534.5051,-3534.5051,-5748.318
5000,0.010096992,-2912.5215,-2912.5215,-975.998
5001,0.010098624,-2266.2244,-919.2906,-2266.2244
5002,0.010100252,-938.3491,-938.3491,-3218.5137
5003,0.010101859,630.5797,630.5797,-663.4589
5004,0.010103425,1760.3535,3752.1401,1760.3535
5005,0.01010498,2043.2098,2043.2098,374.27542
5006,0.010106524,1742.145,1742.145,-107.75581
5007,0.010107985,1297.6426,3406.8276,1297.6426
5008,0.010109422,904.6484,904.6484,-5.9042497
5009,0.010110871,128.14899,128.14899,-1163.4667
5010,0.010112337,-1639.9823,-1612.2108,-1639.9823
5011,0.010113838,-4739.0913,-4739.0913,-3337.068
5012,0.010115406,-8096.294,-8096.294,-8930.092
5013,0.010116958,-9850.779,-10876.824,-9850.779
5014,0.010118516,-8860.464,-8860.464,-9245.975
5015,0.010120121,-5947.802,-5947.802,-5732.881
5016,0.010121765,-2625.3418,-2672.254,-2625.3418
5017,0.010123397,-324.50116,-324.50116,1929.6816
5018,0.010125001,996.94885,996.94885,1023.99414
5019,0.010126619,1751.3066,25.588522,1751.3066
5020,0.010128223,2234.9292,2234.9292,1981.127
5021,0.010129839,2562.1746,2562.1746,2829.6191
5022,0.010131456,2783.1738,-1327.1761,2783.1738
5023,0.010133043,2986.6006,2986.6006,3421.5642
5024,0.0101346,3404.1514,3404.1514,3325.338
5025,0.010136166,4307.119,2443.2898,4307.119
5026,0.010137751,5759.5884,5759.5884,3678.377
5027,0.010139327,6898.38,6898.38,4635.9004
5028,0.010140912,6664.002,6226.199,6664.002
5029,0.010142553,4300.0425,4300.0425,3182.9707
5030,0.010144188,1014.4038,1014.4038,1052.2598
5031,0.010145854,-1543.451,-503.98315,-1543.451
5032,0.010147537,-2049.7234,-2049.7234,-2148.6619
5033,0.010149178,-1336.8538,-1336.8538,-255.91986
5034,0.010150756,-728.4902,-517.66956,-728.4902
5035,0.01015227,-1061.0624,-1061.0624,-2152.3025
5036,0.010153749,-2155.908,-2155.908,-584.1152
5037,0.010155221,-3688.8887,-3085.63,-3688.8887
5038,0.010156749,-5454.5815,-5454.5815,-7769.6616
5039,0.010158337,-7311.35,-7311.35,-7759.5996
5040,0.010159903,-9032.357,-3551.4888,-9032.357
5041,0.010161484,-10451.538,-10451.538,-7957.8804
5042,0.010163068,-11050.294,-11050.294,-9971.356
5043,0.010164629,-10272.029,-7866.624,-10272.029
5044,0.010166151,-7951.7256,-7951.7256,-6865.6387
5045,0.010167679,-4949.92,-4949.92,-2964.5684
5046,0.010169195,-2451.1619,-3400.307,-2451.1619
5047,0.010170728,-1135.257,-1135.257,-2478.2637
5048,0.010172335,51.437893,51.437893,1529.5879
5049,0.010173864,2499.5645,-441.07034,2499.5645
5050,0.010175342,6824.183,6824.183,3026.088
5051,0.010176868,11288.703,11288.703,9976.377
5052,0.010178434,12965.541,6798.8174,12965.541
5053,0.010180005,9673.323,9673.323,9861.643
5054,0.010181583,3306.3074,3306.3074,3836.6582
5055,0.010183113,-2988.8652,-997.20386,-2988.8652
5056,0.010184624,-7142.8457,-7142.8457,-9094.114
5057,0.010186176,-9136.612,-9136.612,-9220.795
5058,0.010187756,-9208.599,-8758.758,-9208.599
5059,0.010189313,-7840.1846,-7840.1846,-7617.763
5060,0.010190848,-5905.5337,-5905.5337,-8770.717
5061,0.010192391,-4267.4277,-4879.4053,-4267.4277
5062,0.010193998,-3598.3003,-3598.3003,-1725.662
5063,0.010195607,-3731.432,-3731.432,-4034.412
5064,0.010197203,-4163.6934,-5478.0376,-4163.6934
5065,0.010198821,-4419.3384,-4419.3384,-5321.2324
5066,0.010200446,-4056.4238,-4056.4238,-3605.5447
5067,0.01020209,-2625.1697,-4771.1553,-2625.1697
5068,0.010203737,76.57464,76.57464,149.72075
5069,0.010205355,3214.8562,3214.8562,3700.9236
5070,0.010206961,5843.1577,2198.134,5843.1577
5071,0.010208552,7336.2236,7336.2236,4872.76
5072,0.010210129,8296.696,8296.696,6679.377
5073,0.010211667,9560.08,8487.873,9560.08
5074,0.010213173,11586.688,11586.688,13584.611
5075,0.010214666,13641.111,13641.111,12224.322
5076,0.010216163,14726.548,9816.044,14726.548
5077,0.010217671,14078.711,14078.711,8540.76
5078,0.010219203,11992.703,11992.703,7796.4624
5079,0.010220738,9115.166,10160.643,9115.166
5080,0.010222309,6003.251,6003.251,5580.9395
5081,0.01022392,3164.1838,3164.1838,5201.135
5082,0.01022553,1183.9238,2983.069,1183.9238
5083,0.010227086,405.7848,405.7848,2730.7363
5084,0.010228629,436.02243,436.02243,411.73636
5085,0.010230201,821.4785,-649.4389,821.4785
5086,0.010231713,1221.5608,1221.5608,-1275.3262
5087,0.010233174,1852.2756,1852.2756,168.38481
5088,0.010234626,3048.0723,3292.032,3048.0723
5089,0.010236109,5001.726,5001.726,3687.1738
5090,0.010237641,7143.9487,7143.9487,2965.088
5091,0.010239134,8515.885,7219.7607,8515.885
5092,0.010240659,8665.796,8665.796,9442.033
5093,0.01024224,8368.984,8368.984,5997.5566
5094,0.010243812,8879.775,5455.276,8879.775
5095,0.010245395,10950.028,10950.028,12466.775
5096,0.010247009,13187.845,13187.845,16599.914
5097,0.010248528,13555.377,9635.773,13555.377
5098,0.010249977,11213.272,11213.272,9506.314
5099,0.010251421,7273.6484,7273.6484,5531.549
5100,0.010252895,3180.6816,3127.5044,3180.6816
5101,0.010254426,203.09648,203.09648,-1510.1542
5102,0.010256018,-1596.3098,-1596.3098,-3057.3337
5103,0.010257633,-2557.8416,-4531.486,-2557.8416
5104,0.010259227,-3049.1968,-3049.1968,-6587.81
5105,0.010260697,-3122.3545,-3122.3545,-5848.2944
5106,0.01026212,-2793.2246,-6696.7646,-2793.2246
5107,0.010263553,-2031.8434,-2031.8434,1434.8457
5108,0.010264999,-867.3574,-867.3574,1674.5176
5109,0.010266497,694.77545,-2610.4631,694.77545
5110,0.010268066,2582.4033,2582.4033,465.65042
5111,0.010269655,4348.502,4348.502,-263.17767
5112,0.010271174,5456.205,2261.751,5456.205
5113,0.010272655,5677.6807,5677.6807,8856.947
5114,0.010274123,5152.8022,5152.8022,10006.861
5115,0.010275641,4031.6738,2168.3633,4031.6738
5116,0.010277169,2460.3882,2460.3882,2820.1582
5117,0.010278719,335.07974,335.07974,1591.963
5118,0.010280293,-2512.4043,-3001.0007,-2512.4043
5119,0.010281865,-5976.356,-5976.356,-8442.216
5120,0.010283432,-9111.452,-9111.452,-10053.427
5121,0.010284967,-10770.013,-11518.283,-10770.013
5122,0.010286543,-10308.23,-10308.23,-8143.959
5123,0.010288161,-8585.6455,-8585.6455,-7182.3726
5124,0.010289785,-7101.7085,-7242.9893,-7101.7085
5125,0.010291422,-7004.1665,-7004.1665,-10106.014
5126,0.010293053,-7839.5337,-7839.5337,-10253.951
5127,0.010294696,-8746.576,-10112.79,-8746.576
5128,0.010296321,-9014.063,-9014.063,-5736.4507
5129,0.010297894,-8660.202,-8660.202,-7727.4663
5130,0.010299477,-7839.021,-6468.4253,-7839.021
5131,0.010301052,-6803.3647,-6803.3647,-9411.451
5132,0.010302586,-6209.655,-6209.655,-5970.763
5133,0.010304092,-6709.1226,-6610.4326,-6709.1226
5134,0.010305616,-8555.228,-8555.228,-9698.287
5135,0.010307161,-10284.851,-10284.851,-8194.904
5136,0.010308696,-9902.131,-5461.8984,-9902.131
5137,0.010310216,-6320.2944,-6320.2944,-5285.7246
5138,0.010311724,-1606.4083,-1606.4083,-1576.1464
5139,0.010313261,1541.5879,-1377.1708,1541.5879
5140,0.010314829,985.6285,985.6285,-1107.2167
5141,0.010316417,-1745.667,-1745.667,-6083.623
5142,0.010318032,-3983.8962,-2686.2322,-3983.8962
5143,0.010319684,-3625.1204,-3625.1204,-983.4355
5144,0.010321345,-1864.6818,-1864.6818,647.377
5145,0.010322991,-867.6386,-1150.2933,-867.6386
5146,0.010324626,-2089.0735,-2089.0735,-5024.474
5147,0.010326239,-4461.765,-4461.765,-5143.4434
5148,0.01032782,-6386.5137,-6108.2363,-6386.5137
5149,0.010329373,-6766.1562,-6766.1562,-9436.482
5150,0.010330925,-5844.641,-5844.641,-8307.795
5151,0.010332514,-4098.576,-6249.21,-4098.576
5152,0.01033416,-1948.2869,-1948.2869,1629.2441
5153,0.01033581,329.13324,329.13324,8484.877
5154,0.010337452,2563.2988,1881.89,2563.2988
5155,0.010339072,4579.1475,4579.1475,853.61914
5156,0.010340624,6162.987,6162.987,4241.127
5157,0.010342128,7210.9004,8542.129,7210.9004
5158,0.01034359,7711.3696,7711.3696,13237.15
5159,0.010345049,8005.615,8005.615,13145.557
5160,0.010346544,8505.149,7631.6807,8505.149
5161,0.010348079,9448.229,9448.229,7282.1733
5162,0.01034961,10191.937,10191.937,3008.5645
5163,0.010351113,9913.486,7086.833,9913.486
5164,0.010352626,8108.9375,8108.9375,5588.6426
5165,0.010354161,5415.136,5415.136,5631.9316
5166,0.010355718,2838.1895,2840.9336,2838.1895
5167,0.010357282,1208.4373,1208.4373,-5644.0605
5168,0.010358819,289.32684,289.32684,-500.0136
5169,0.010360364,-464.48236,-2041.526,-464.48236
5170,0.010361971,-1457.8335,-1457.8335,-354.21677
5171,0.010363589,-2446.0671,-2446.0671,646.8457
5172,0.010365187,-3032.8027,-2972.6125,-3032.8027
5173,0.010366705,-2910.4329,-2910.4329,340.31448
5174,0.010368241,-1881.0695,-1881.0695,2730.0488
5175,0.010369769,252.99419,-270.35297,252.99419
5176,0.010371283,3399.2856,3399.2856,4200.5254
5177,0.010372827,6507.7637,6507.7637,6812.713
5178,0.010374386,8066.1895,8326.477,8066.1895
5179,0.010375942,7077.583,7077.583,4290.4707
5180,0.010377497,4719.3296,4719.3296,868.8067
5181,0.01037909,2661.3223,1893.6412,2661.3223
5182,0.010380681,2259.4622,2259.4622,3033.2285
5183,0.010382276,2744.76,2744.76,1709.3301
5184,0.010383848,2833.7048,2542.9072,2833.7048
5185,0.010385452,1627.5485,1627.5485,5319.049
5186,0.010387111,-294.05267,-294.05267,3388.0723
5187,0.010388733,-1736.9668,-3306.688,-1736.9668
5188,0.010390289,-2060.1514,-2060.1514,-2172.584
5189,0.010391821,-2150.7334,-2150.7334,-2260.959
5190,0.010393367,-3157.3572,-3775.3474,-3157.3572
5191,0.010394941,-5722.0796,-5722.0796,-3625.7246
5192,0.010396496,-8084.098,-8084.098,-4469.6465
5193,0.01039804,-8037.623,-8624.809,-8037.623
5194,0.010399541,-4449.3374,-4449.3374,-3701.67
5195,0.010401076,602.74854,602.74854,1156.9238
5196,0.010402653,3931.7832,-841.19934,3931.7832
5197,0.01040425,2969.6812,2969.6812,6140.8066
5198,0.010405824,-439.12305,-439.12305,815.34576
5199,0.010407396,-3461.0527,-4554.0,-3461.0527
5200,0.010408977,-4058.713,-4058.713,-6243.9355
5201,0.010410542,-3256.539,-3256.539,-3772.8027
5202,0.01041208,-2827.154,-1831.8689,-2827.154
5203,0.010413595,-3943.7378,-3943.7378,1316.0723
5204,0.010415126,-6000.3667,-6000.3667,-2352.1387
5205,0.010416701,-7944.0605,-7185.1797,-7944.0605
5206,0.010418266,-8815.801,-8815.801,-9607.186
5207,0.010419819,-8848.908,-8848.908,-9644.036
5208,0.010421357,-8540.489,-6962.354,-8540.489
5209,0.01042291,-8269.97,-8269.97,-7126.8257
5210,0.01042452,-8046.7734,-8046.7734,-8512.044
5211,0.010426077,-7805.2163,-2775.9553,-7805.2163
5212,0.010427604,-7566.7437,-7566.7437,-9713.553
5213,0.010429171,-7768.3193,-7768.3193,-7481.084
5214,0.010430751,-9001.279,-7789.598,-9001.279
5215,0.010432378,-11776.122,-11776.122,-16655.639
5216,0.010433983,-15708.732,-15708.732,-20328.145
5217,0.010435554,-20248.998,-14954.212,-20248.998
5218,0.010437131,-25011.781,-25011.781,-23263.791
5219,0.010438731,-29434.723,-29434.723,-27486.38
5220,0.010440363,-32837.71,-27936.232,-32837.71
5221,0.010441998,-34423.625,-34423.625,-29328.143
5222,0.010443584,-33549.305,-33549.305,-28922.309
5223,0.010445119,-29825.578,-21969.627,-29825.578
5224,0.01044662,-23438.31,-23438.31,-25727.186
5225,0.01044811,-16633.166,-16633.166,-19448.678
5226,0.01044961,-12103.865,-14261.142,-12103.865
5227,0.010451118,-11748.912,-11748.912,-13770.817
5228,0.010452629,-13580.412,-13580.412,-17954.357
5229,0.010454168,-14577.639,-9535.612,-14577.639
5230,0.010455698,-12461.001,-12461.001,-8063.818
5231,0.010457234,-8570.652,-8570.652,-6909.3496
5232,0.010458808,-5116.412,-6185.5454,-5116.412
5233,0.010460417,-4090.9285,-4090.9285,-2089.498
5234,0.010462065,-5390.485,-5390.485,-3091.9824
5235,0.010463707,-8184.717,-5992.42,-8184.717
5236,0.010465297,-11549.849,-11549.849,-9001.787
5237,0.010466886,-15031.676,-15031.676,-13077.42
5238,0.010468516,-18236.201,-9352.158,-18236.201
5239,0.010470163,-20564.625,-20564.625,-18935.668
5240,0.010471806,-21353.596,-21353.596,-21682.37
5241,0.010473438,-19983.889,-17092.34,-19983.889
5242,0.010475012,-16391.783,-16391.783,-14090.467
5243,0.010476563,-11841.928,-11841.928,-9238.951
5244,0.010478148,-7716.9663,-4756.017,-7716.9663
5245,0.010479767,-5241.291,-5241.291,-10132.842
5246,0.01048137,-3952.569,-3952.569,-6411.279
5247,0.010482966,-2826.826,-3334.3682,-2826.826
5248,0.010484579,-1079.1466,-1079.1466,-5930.459
5249,0.010486231,1176.2432,1176.2432,0.5020004
5250,0.010487899,3504.5332,931.2378,3504.5332
5251,0.010489589,5521.796,5521.796,3816.1816
5252,0.010491249,6974.5474,6974.5474,8384.385
5253,0.010492872,7749.76,6150.831,7749.76
5254,0.010494485,7740.782,7740.782,7897.166
5255,0.010496101,6751.133,6751.133,6492.1655
5256,0.010497687,4617.416,3159.3816,4617.416
5257,0.01049923,1492.3817,1492.3817,3534.4785
5258,0.010500761,-1578.2771,-1578.2771,1264.5488
5259,0.010502332,-3344.7246,-2092.9595,-3344.7246
5260,0.010503919,-2799.0027,-2799.0027,-255.14644
5261,0.010505489,-993.5909,-993.5909,1223.0021
5262,0.010507063,559.28326,2840.8005,559.28326
5263,0.010508604,722.93195,722.93195,2910.6738
5264,0.010510167,-136.86794,-136.86794,3171.127
5265,0.010511747,-1320.0059,-2039.8615,-1320.0059
5266,0.010513287,-2162.722,-2162.722,2642.7988
5267,0.010514772,-2487.685,-2487.685,224.61919
5268,0.010516258,-2236.1074,-3669.6711,-2236.1074
5269,0.010517795,-1420.2877,-1420.2877,-266.0058
5270,0.010519345,-697.67145,-697.67145,1019.9863
5271,0.010520867,-893.9355,-1354.7655,-893.9355
5272,0.010522379,-2473.6838,-2473.6838,-2678.7087
5273,0.010523912,-4781.732,-4781.732,-4864.685
5274,0.010525467,-6808.99,-4649.0986,-6808.99
5275,0.010527026,-7681.3086,-7681.3086,-9263.513
5276,0.010528547,-7439.256,-7439.256,-6624.9746
5277,0.010530029,-6387.0913,-5408.6016,-6387.0913
5278,0.010531521,-4747.4497,-4747.4497,-1945.037
5279,0.010533047,-2774.5527,-2774.5527,-3436.5605
5280,0.010534599,-800.48236,-5544.1084,-800.48236
5281,0.010536151,779.8277,779.8277,2235.2676
5282,0.010537708,1546.7389,1546.7389,4530.4473
5283,0.010539294,1031.5566,695.25916,1031.5566
5284,0.010540879,-974.8929,-974.8929,-2234.9275
5285,0.010542461,-3550.772,-3550.772,-5945.451
5286,0.010544064,-5528.873,-4168.0967,-5528.873
5287,0.010545682,-5885.3203,-5885.3203,-4603.592
5288,0.010547342,-4549.1978,-4549.1978,-3131.5603
5289,0.010548952,-1870.2401,-2502.7234,-1870.2401
5290,0.010550548,1741.4589,1741.4589,1463.2207
5291,0.010552133,5364.706,5364.706,3649.4004
5292,0.010553701,7974.705,4501.0723,7974.705
5293,0.010555269,8912.396,8912.396,10425.063
5294,0.010556825,8664.997,8664.997,8990.627
5295,0.010558384,8005.5645,9361.223,8005.5645
5296,0.010559961,7519.523,7519.523,8214.08
5297,0.01056153,7104.4634,7104.4634,7188.8535
5298,0.010563059,6490.7676,5485.5894,6490.7676
5299,0.010564577,5477.8643,5477.8643,8494.634
5300,0.010566108,4118.0967,4118.0967,3666.6738
5301,0.010567638,2556.9004,2639.6033,2556.9004
5302,0.010569176,966.22504,966.22504,2164.3926
5303,0.010570738,-301.95947,-301.95947,1557.6035
5304,0.010572284,-800.498,-2850.5244,-800.498
5305,0.010573793,-320.20117,-320.20117,-2121.3025
5306,0.010575298,734.58374,734.58374,-779.84174
5307,0.010576842,1861.8457,-1682.2804,1861.8457
5308,0.010578396,2701.9358,2701.9358,5389.8457
5309,0.010579888,3756.94,3756.94,4834.3535
5310,0.010581378,5768.9624,2534.187,5768.9624
5311,0.0105829,9151.236,9151.236,11301.97
5312,0.010584419,12644.238,12644.238,14992.619
5313,0.01058597,14659.166,11750.315,14659.166
5314,0.010587539,13967.823,13967.823,13720.557
5315,0.01058912,11757.793,11757.793,13913.377
5316,0.010590683,9922.431,12209.995,9922.431
5317,0.01059224,9784.019,9784.019,10490.932
5318,0.010593805,10778.35,10778.35,10940.768
5319,0.010595346,11848.564,12912.691,11848.564
5320,0.010596908,12307.415,12307.415,11939.884
5321,0.010598492,12677.791,12677.791,8998.915
5322,0.010600053,13803.899,11989.324,13803.899
5323,0.010601635,16217.666,16217.666,15791.189
5324,0.010603189,18907.979,18907.979,21574.72
5325,0.010604725,20639.314,20533.686,20639.314
5326,0.010606276,20483.395,20483.395,16287.557
5327,0.010607847,18496.709,18496.709,17392.463
5328,0.010609411,15089.196,16987.318,15089.196
5329,0.010610957,10808.377,10808.377,12381.416
5330,0.010612515,6471.2773,6471.2773,4656.502
5331,0.010614109,3052.2285,4298.129,3052.2285
5332,0.010615733,1336.0366,1336.0366,1115.6973
5333,0.010617386,552.16077,552.16077,-1363.2401
5334,0.010619003,-512.5839,1444.5323,-512.5839
5335,0.010620605,-2666.7773,-2666.7773,-2116.3494
5336,0.010622245,-5184.0405,-5184.0405,-7536.4277
5337,0.010623906,-6770.74,-5761.6504,-6770.74
5338,0.010625547,-6500.3975,-6500.3975,-4647.138
5339,0.010627153,-5133.1895,-5133.1895,-7586.6465
5340,0.010628762,-3703.8262,-1354.655,-3703.8262
5341,0.01063034,-2977.3574,-2977.3574,-7543.8574
5342,0.010631909,-2600.9392,-2600.9392,-6865.279
5343,0.010633399,-2039.2949,-621.5636,-2039.2949
5344,0.01063487,-959.0622,-959.0622,-8074.638
5345,0.010636342,328.06213,328.06213,-6275.0835
5346,0.010637856,1365.4629,-90.03852,1365.4629
5347,0.010639417,1874.9948,1874.9948,812.4942
5348,0.01064098,2687.7793,2687.7793,24.189499
5349,0.010642464,4795.33,2825.7112,4795.33
5350,0.010643965,8825.48,8825.48,7868.2676
5351,0.010645539,13717.889,13717.889,9688.424
5352,0.010647123,17357.307,10348.974,17357.307
5353,0.010648724,18215.957,18215.957,17892.65
5354,0.010650319,16883.564,16883.564,13471.275
5355,0.01065194,14490.267,12227.139,14490.267
5356,0.010653552,12053.898,12053.898,13287.556
5357,0.010655133,9717.825,9717.825,10759.713
5358,0.010656727,7310.885,6604.54,7310.885
5359,0.010658349,4712.776,4712.776,4759.76
5360,0.010659926,1999.481,1999.481,3249.447
5361,0.010661514,-950.2402,122.73107,-950.2402
5362,0.010663101,-4049.3545,-4049.3545,-4155.412
5363,0.010664668,-6811.557,-6811.557,-6259.4746
5364,0.010666255,-8758.506,-8854.302,-8758.506
5365,0.010667784,-9497.641,-9497.641,-9894.225
5366,0.010669312,-9567.125,-9567.125,-11072.029
5367,0.010670876,-9609.693,-9218.706,-9609.693
5368,0.010672429,-10083.326,-10083.326,-7935.1855
5369,0.010673956,-10607.476,-10607.476,-9433.092
5370,0.010675504,-10627.099,-8353.172,-10627.099
5371,0.010677024,-9681.838,-9681.838,-8931.428
5372,0.010678503,-7760.1113,-7760.1113,-6807.748
5373,0.010679971,-4881.451,-6502.624,-4881.451
5374,0.010681436,-1204.3325,-1204.3325,1326.502
5375,0.010682924,2551.7407,2551.7407,4961.4863
5376,0.010684535,5516.5957,3081.9546,5516.5957
5377,0.010686176,6580.441,6580.441,13051.58
5378,0.010687746,6712.2773,6712.2773,7746.1265
5379,0.010689298,7311.6504,7231.336,7311.6504
5380,0.010690864,9236.595,9236.595,6466.8535
5381,0.010692449,11515.962,11515.962,9399.814
5382,0.010693995,12623.893,11077.201,12623.893
5383,0.010695463,11802.702,11802.702,12725.127
5384,0.010696961,10072.068,10072.068,10602.447
5385,0.010698544,8889.314,7505.5835,8889.314
5386,0.010700151,9531.893,9531.893,9002.049
5387,0.010701749,10860.406,10860.406,10889.244
5388,0.010703335,11151.158,6889.716,11151.158
5389,0.010704938,9198.621,9198.621,7830.2676
5390,0.010706577,5772.5527,5772.5527,3937.6738
5391,0.010708225,2352.6426,-202.27592,2352.6426
5392,0.010709871,153.80003,153.80003,-1844.4746
5393,0.010711467,-839.2983,-839.2983,-2162.6074
5394,0.010713001,-1021.59174,-480.9536,-1021.59174
5395,0.010714536,-696.6585,-696.6585,3218.338
5396,0.010716055,-29.533031,-29.533031,497.8926
5397,0.01071756,841.877,-418.67743,841.877
5398,0.010719065,1822.9429,1822.9429,1838.9238
5399,0.010720582,2933.0405,2933.0405,2615.8223
5400,0.010722127,4228.1895,3404.7485,4228.1895
5401,0.010723713,5682.452,5682.452,9282.627
5402,0.010725308,6861.7173,6861.7173,9346.579
5403,0.010726895,7252.9546,6817.371,7252.9546
5404,0.010728447,6518.7886,6518.7886,7282.541
5405,0.01073,4795.076,4795.076,2911.5566
5406,0.010731544,2333.6738,541.09686,2333.6738
5407,0.010733108,-688.41675,-688.41675,-1234.0996
5408,0.010734701,-4098.5444,-4098.5444,-4746.3027
5409,0.010736275,-7588.8965,-7996.407,-7588.8965
5410,0.010737819,-10888.976,-10888.976,-10130.326
5411,0.010739344,-13639.123,-13639.123,-14796.514
5412,0.010740886,-15474.014,-15194.203,-15474.014
5413,0.010742436,-16080.086,-16080.086,-16068.693
5414,0.010744007,-15784.515,-15784.515,-16148.592
5415,0.010745617,-15078.951,-15145.538,-15078.951
5416,0.010747249,-14392.121,-14392.121,-9859.3955
5417,0.010748905,-13653.191,-13653.191,-8081.9663
5418,0.010750536,-12683.639,-12338.899,-12683.639
5419,0.010752167,-11246.617,-11246.617,-11929.318
5420,0.010753815,-8971.997,-8971.997,-8934.904
5421,0.010755486,-5431.357,-3824.288,-5431.357
5422,0.010757113,-754.11395,-754.11395,-1627.2401
5423,0.010758703,3705.8638,3705.8638,-116.70893
5424,0.010760286,6468.877,7631.783,6468.877
5425,0.010761843,6576.4653,6576.4653,2166.7676
5426,0.010763394,5258.872,5258.872,6146.9316
5427,0.010764939,4191.8223,1399.613,4191.8223
5428,0.010766461,4514.5273,4514.5273,1916.0098
5429,0.010767986,5420.301,5420.301,6377.642
5430,0.010769542,5631.947,5536.548,5631.947
5431,0.010771146,4097.215,4097.215,1762.6504
5432,0.010772779,1333.3342,1333.3342,1886.3535
5433,0.010774378,-1528.7246,-1591.653,-1528.7246
5434,0.010775995,-3710.1987,-3710.1987,-2824.7402
5435,0.010777641,-4948.783,-4948.783,-3345.0369
5436,0.010779277,-5111.709,-7248.3345,-5111.709
5437,0.010780906,-4291.4067,-4291.4067,-4084.8728
5438,0.010782508,-3227.5647,-3227.5647,-2328.912
5439,0.01078412,-2753.6775,-5992.808,-2753.6775
5440,0.01078573,-3477.9272,-3477.9272,-4171.5527
5441,0.010787308,-4960.3877,-4960.3877,-5465.6616
5442,0.010788863,-6563.49,-10086.767,-6563.49
5443,0.010790458,-7814.4575,-7814.4575,-7125.2476
5444,0.010792057,-8447.934,-8447.934,-7336.959
5445,0.010793619,-8330.529,-5932.1626,-8330.529
5446,0.010795224,-7311.4375,-7311.4375,-8620.662
5447,0.010796863,-5182.735,-5182.735,-6159.0913
