,time,spline,prediction,target
0,0.00506477,0.16138999,0.16138999,0.30065817
1,0.005066378,0.15170322,0.02403133,0.15170322
2,0.005067965,0.07128166,0.07128166,0.034601796
3,0.005069541,-0.032998174,-0.032998174,-0.0023201793
4,0.005071127,-0.09147031,0.026721891,-0.09147031
5,0.005072728,-0.0538202,-0.0538202,-0.025776101
6,0.005074318,0.02253185,0.02253185,0.049600918
7,0.005075862,0.05023017,0.016269442,0.05023017
8,0.00507737,-0.032766283,-0.032766283,-0.12390708
9,0.005078875,-0.16844633,-0.16844633,-0.20231444
10,0.005080396,-0.2739611,0.02477186,-0.2739611
11,0.005081959,-0.28571105,-0.28571105,-0.1847658
12,0.005083585,-0.23113558,-0.23113558,-0.1332754
13,0.005085185,-0.16276143,0.042155027,-0.16276143
14,0.005086778,-0.11832878,-0.11832878,-0.21227375
15,0.005088385,-0.101171754,-0.101171754,-0.14856231
16,0.005090001,-0.10872125,0.04169614,-0.10872125
17,0.005091609,-0.13734232,-0.13734232,-0.06799373
18,0.005093204,-0.1738367,-0.1738367,-0.13113374
19,0.005094836,-0.1981151,0.02484717,-0.1981151
20,0.005096525,-0.19446854,-0.19446854,-0.2170704
21,0.005098176,-0.15358658,-0.15358658,-0.0469455
22,0.005099795,-0.067447364,0.026160605,-0.067447364
23,0.005101394,0.05739979,0.05739979,-0.12798306
24,0.005102977,0.16287182,0.16287182,-0.03447827
25,0.005104555,0.17957082,-0.05198823,0.17957082
26,0.00510609,0.056071926,0.056071926,0.086794145
27,0.005107553,-0.11549245,-0.11549245,-0.05556698
28,0.005109025,-0.21824574,-0.10004437,-0.21824574
29,0.00511051,-0.18161814,-0.18161814,-0.2699749
30,0.005112036,-0.07487675,-0.07487675,-0.12232087
31,0.00511358,0.0036752287,-0.113650784,0.0036752287
32,0.005115128,-0.013407432,-0.013407432,-0.17749095
33,0.005116658,-0.081400685,-0.081400685,-0.29524478
34,0.005118149,-0.1441578,-0.10872966,-0.1441578
35,0.005119606,-0.15808213,-0.15808213,0.09120774
36,0.00512108,-0.12999627,-0.12999627,0.034430508
37,0.00512261,-0.08183761,-0.056822617,-0.08183761
38,0.005124227,-0.0368347,-0.0368347,-0.1636121
39,0.005125853,-0.013179571,-0.013179571,-0.039369658
40,0.005127468,-0.025435174,-0.024447527,-0.025435174
41,0.005129052,-0.07549426,-0.07549426,-0.042187948
42,0.00513061,-0.12765335,-0.12765335,-0.12929665
43,0.0051322,-0.13265386,-0.021444108,-0.13265386
44,0.005133844,-0.05051767,-0.05051767,-0.0652889
45,0.005135506,0.058365736,0.058365736,0.1651701
46,0.005137132,0.1040338,-0.014577057,0.1040338
47,0.005138743,0.028684089,0.028684089,-0.087344214
48,0.005140368,-0.11875531,-0.11875531,-0.21210769
49,0.005142048,-0.2746727,-0.038497653,-0.2746727
50,0.005143613,-0.37842962,-0.37842962,-0.24086091
51,0.005145096,-0.40370414,-0.40370414,-0.21731576
52,0.005146613,-0.3420594,-0.047304608,-0.3420594
53,0.00514822,-0.2044463,-0.2044463,-0.16702577
54,0.005149876,-0.06293795,-0.06293795,-0.098153904
55,0.005151534,-0.011220349,-0.015204009,-0.011220349
56,0.005153185,-0.10417433,-0.10417433,-0.094235994
57,0.00515479,-0.2410346,-0.2410346,-0.3403366
58,0.005156356,-0.32188773,0.011059843,-0.32188773
59,0.00515789,-0.26196954,-0.26196954,-0.16973336
60,0.005159442,-0.12054645,-0.12054645,0.096852034
61,0.005161042,-0.01889781,0.031212967,-0.01889781
62,0.005162637,-0.04315211,-0.04315211,-0.26841924
63,0.005164243,-0.13287883,-0.13287883,-0.1891761
64,0.005165853,-0.2010295,0.046833582,-0.2010295
65,0.005167398,-0.19175361,-0.19175361,-0.15130542
66,0.005168903,-0.12861553,-0.12861553,-0.16891354
67,0.005170424,-0.052727483,0.06407885,-0.052727483
68,0.005171978,-0.0031638741,-0.0031638741,-0.15954658
69,0.005173605,0.022697134,0.022697134,-0.01907185
70,0.005175132,0.03682966,0.06893317,0.03682966
71,0.005176569,0.04786034,0.04786034,0.07033466
72,0.005177996,0.052537996,0.052537996,0.08899943
73,0.005179489,0.04453714,0.013910724,0.04453714
74,0.005181039,0.021321058,0.021321058,-0.1395429
75,0.005182544,0.00073870685,0.00073870685,-0.047712997
76,0.005184089,0.00845316,-0.020942755,0.00845316
77,0.00518568,0.052636053,0.052636053,0.34996256
78,0.005187222,0.11432283,0.11432283,0.43488112
79,0.005188693,0.17083588,-0.041742858,0.17083588
80,0.005190121,0.19810288,0.19810288,0.09565824
81,0.005191545,0.19850428,0.19850428,0.13397615
82,0.005193028,0.18372197,-0.021320185,0.18372197
83,0.005194597,0.1638896,0.1638896,0.3577703
84,0.005196272,0.14828907,0.14828907,0.26149127
85,0.005197914,0.14333813,0.013556594,0.14333813
86,0.005199518,0.1470227,0.1470227,-0.00184514
87,0.005201086,0.13109188,0.13109188,-0.016894381
88,0.005202678,0.056485545,0.010569349,0.056485545
89,0.00520432,-0.10622354,-0.10622354,-0.12517716
90,0.00520594,-0.29460412,-0.29460412,-0.14373316
91,0.00520752,-0.38619536,-0.0068285293,-0.38619536
92,0.005209128,-0.31560984,-0.31560984,-0.15367787
93,0.00521075,-0.15372393,-0.15372393,0.03410913
94,0.005212336,0.011750344,-0.023509521,0.011750344
95,0.005213921,0.10373127,0.10373127,-0.21017778
96,0.005215478,0.108713634,0.108713634,-0.30532056
97,0.005217003,0.041285116,0.003662292,0.041285116
98,0.005218527,-0.080364235,-0.080364235,0.35100406
99,0.005220043,-0.19428273,-0.19428273,0.081497945
100,0.005221566,-0.22588822,0.05056317,-0.22588822
101,0.005223073,-0.13306342,-0.13306342,0.027713038
102,0.005224588,0.02827417,0.02827417,0.3211091
103,0.005226097,0.18278566,0.027762959,0.18278566
104,0.005227505,0.2803563,0.2803563,0.010636687
105,0.005228942,0.33134004,0.33134004,0.12327358
106,0.005230482,0.3623959,0.0072239647,0.3623959
107,0.005232045,0.39355525,0.39355525,0.5441137
108,0.005233625,0.42403612,0.42403612,0.5706245
109,0.005235209,0.44685486,-0.0021978514,0.44685486
110,0.005236769,0.456291,0.456291,0.51767343
111,0.005238314,0.45270276,0.45270276,0.48463604
112,0.005239858,0.43350586,-0.019459212,0.43350586
113,0.005241381,0.39791438,0.39791438,0.35059458
114,0.005242915,0.34845373,0.34845373,0.40599075
115,0.005244484,0.28904822,-0.013600352,0.28904822
116,0.005246049,0.22379883,0.22379883,0.10932009
117,0.005247668,0.15205725,0.15205725,0.059323937
118,0.005249329,0.0719352,-0.0053957626,0.0719352
119,0.005251,-0.012402438,-0.012402438,0.10931156
120,0.005252668,-0.08237485,-0.08237485,-0.06775828
121,0.005254282,-0.11262043,0.0074004987,-0.11262043
122,0.005255901,-0.08743535,-0.08743535,-0.06837431
123,0.005257524,-0.041752018,-0.041752018,-0.047634788
124,0.005259075,-0.029869976,0.020359298,-0.029869976
125,0.005260604,-0.09191853,-0.09191853,-0.07554919
126,0.00526216,-0.18729882,-0.18729882,-0.05658618
127,0.005263743,-0.25458226,-0.014512262,-0.25458226
128,0.005265328,-0.25649232,-0.25649232,-0.3676752
129,0.005266918,-0.2108847,-0.2108847,-0.16725022
130,0.005268533,-0.15338072,-0.029936219,-0.15338072
131,0.005270171,-0.10572146,-0.10572146,-0.28024068
132,0.005271863,-0.062493898,-0.062493898,-0.1121743
133,0.005273571,-0.012965464,-0.04363308,-0.012965464
134,0.005275248,0.04959858,0.04959858,-0.0034225455
135,0.005276825,0.11721487,0.11721487,0.18034135
136,0.00527837,0.17838886,0.0059823715,0.17838886
137,0.005279914,0.22138406,0.22138406,0.4735419
138,0.005281503,0.2404912,0.2404912,0.23963478
139,0.005283157,0.23007892,0.044333942,0.23007892
140,0.005284865,0.18705651,0.18705651,0.093778186
141,0.005286535,0.11289811,0.11289811,-0.027207552
142,0.005288159,0.004710401,0.032325175,0.004710401
143,0.005289774,-0.13818981,-0.13818981,-0.23166002
144,0.005291344,-0.30399436,-0.30399436,-0.37352905
145,0.005292897,-0.4727252,-0.021837953,-0.4727252
146,0.005294458,-0.6132732,-0.6132732,-0.4148076
147,0.005296048,-0.67697865,-0.67697865,-0.49380124
148,0.005297657,-0.62818915,-0.07442972,-0.62818915
149,0.005299265,-0.45497113,-0.45497113,-0.41985732
150,0.00530087,-0.23870175,-0.23870175,-0.1905153
151,0.005302492,-0.06753632,-0.07834552,-0.06753632
152,0.00530411,-0.0049168775,-0.0049168775,-0.10673765
153,0.005305787,-0.03250401,-0.03250401,-0.17848895
154,0.005307414,-0.10889474,-0.048438743,-0.10889474
155,0.005308982,-0.18707435,-0.18707435,0.12694447
156,0.005310524,-0.21684761,-0.21684761,0.16244793
157,0.005312047,-0.1461538,-0.02215049,-0.1461538
158,0.005313569,0.051057506,0.051057506,-0.21882735
159,0.005315045,0.30413094,0.30413094,0.31023055
160,0.005316492,0.48729873,-0.018266778,0.48729873
161,0.005317976,0.5285454,0.5285454,0.15127088
162,0.005319537,0.4623059,0.4623059,-0.024364753
163,0.00532111,0.33811715,0.004703021,0.33811715
164,0.00532265,0.2026259,0.2026259,0.5644261
165,0.005324167,0.11412767,0.11412767,0.2751121
166,0.005325713,0.12117762,-0.0081454655,0.12117762
167,0.005327304,0.25138682,0.25138682,0.27002957
168,0.005328947,0.43254113,0.43254113,0.5361176
169,0.005330575,0.53446203,-0.023357943,0.53446203
170,0.005332194,0.46962953,0.46962953,0.38087535
171,0.005333807,0.31355122,0.31355122,0.19310379
172,0.005335407,0.16756403,-0.044449825,0.16756403
173,0.005336956,0.11173307,0.11173307,0.2088291
174,0.005338477,0.10114114,0.10114114,0.087098174
175,0.005339988,0.04885132,-0.045981593,0.04885132
176,0.005341501,-0.10070778,-0.10070778,-0.09035169
177,0.005343045,-0.27441663,-0.27441663,-0.2930764
178,0.005344629,-0.3689659,-0.052997664,-0.3689659
179,0.005346253,-0.32137382,-0.32137382,-0.32757443
180,0.00534784,-0.19789203,-0.19789203,-0.25761122
181,0.005349405,-0.08386913,-0.07260123,-0.08386913
182,0.005350973,-0.03947137,-0.03947137,-0.06128535
183,0.005352573,-0.037871014,-0.037871014,-0.07048046
184,0.005354206,-0.027769888,-0.051210202,-0.027769888
185,0.005355848,0.034584183,0.034584183,0.01048853
186,0.005357467,0.13059229,0.13059229,0.109071694
187,0.005359078,0.23018411,-0.0020413548,0.23018411
188,0.005360729,0.30995223,0.30995223,0.24670611
189,0.005362354,0.36019588,0.36019588,0.29144323
190,0.005363955,0.37191984,0.0076496825,0.37191984
191,0.005365525,0.34326163,0.34326163,0.4021965
192,0.005367088,0.30306095,0.30306095,0.36562565
193,0.005368622,0.2853864,0.033558674,0.2853864
194,0.005370151,0.31503215,0.31503215,0.3318904
195,0.005371648,0.37459365,0.37459365,0.3679956
196,0.005373143,0.43670473,0.03549754,0.43670473
197,0.005374634,0.47952366,0.47952366,0.3260382
198,0.005376133,0.49675852,0.49675852,0.28501382
199,0.005377662,0.48499322,0.034034252,0.48499322
200,0.005379206,0.44424424,0.44424424,0.56068635
201,0.005380757,0.38790113,0.38790113,0.45215216
202,0.0053823,0.3298264,0.040959664,0.3298264
203,0.005383837,0.28159025,0.28159025,0.356818
204,0.005385408,0.24322742,0.24322742,0.32428208
205,0.005387024,0.21205138,0.058510147,0.21205138
206,0.005388655,0.18687509,0.18687509,0.09408965
207,0.005390317,0.16911748,0.16911748,0.15455374
208,0.00539196,0.16084354,0.057913605,0.16084354
209,0.005393568,0.16030307,0.16030307,0.108733796
210,0.005395135,0.15142456,0.15142456,0.17760016
211,0.0053967,0.11218878,0.054142147,0.11218878
212,0.005398269,0.02976275,0.02976275,0.07082347
213,0.005399853,-0.067726165,-0.067726165,-0.05351233
214,0.005401479,-0.13618678,0.016184218,-0.13618678
215,0.005403112,-0.14907826,-0.14907826,-0.18643133
216,0.00540476,-0.13208964,-0.13208964,-0.13643792
217,0.005406399,-0.1191655,-0.01414951,-0.1191655
218,0.005407933,-0.13253874,-0.13253874,-0.040690955
219,0.005409463,-0.15187411,-0.15187411,-0.007463821
220,0.005411018,-0.14422417,-0.008098718,-0.14422417
221,0.005412572,-0.08771943,-0.08771943,-0.17237815
222,0.005414158,-0.016197784,-0.016197784,-0.10807107
223,0.005415779,0.020291137,-0.027721867,0.020291137
224,0.005417452,-0.004919906,-0.004919906,0.04518677
225,0.005419118,-0.050978553,-0.050978553,-0.026365425
226,0.005420648,-0.0657386,-0.092923746,-0.0657386
227,0.005422129,-0.011547039,-0.011547039,0.008183282
228,0.005423614,0.08075589,0.08075589,0.053231593
229,0.005425133,0.1586377,-0.11037874,0.1586377
230,0.005426741,0.17980024,0.17980024,0.13621585
231,0.005428365,0.16907035,0.16907035,0.1203366
232,0.00542998,0.17017633,-0.0937703,0.17017633
233,0.005431598,0.20592739,0.20592739,0.32118014
234,0.005433243,0.2609789,0.2609789,0.31382516
235,0.005434938,0.31138608,-0.06363142,0.31138608
236,0.005436677,0.33233094,0.33233094,0.45567793
237,0.005438411,0.3050598,0.3050598,0.39450115
238,0.005440084,0.21799833,0.031651538,0.21799833
239,0.005441729,0.06996364,0.06996364,0.22593299
240,0.005443344,-0.09910381,-0.09910381,0.06440507
241,0.005444935,-0.23401925,0.048230782,-0.23401925
242,0.005446516,-0.28307906,-0.28307906,-0.115095586
243,0.005448126,-0.25448132,-0.25448132,-0.059690595
244,0.005449743,-0.17956874,0.014752588,-0.17956874
245,0.005451353,-0.08480625,-0.08480625,-0.20477831
246,0.005452955,0.0068608564,0.0068608564,-0.028309643
247,0.005454531,0.0754078,-0.0056799427,0.0754078
248,0.005456098,0.10752864,0.10752864,0.009151536
249,0.005457668,0.11011786,0.11011786,0.060843788
250,0.005459261,0.09455422,0.008598427,0.09455422
251,0.005460858,0.07465382,0.07465382,0.12576169
252,0.005462448,0.06890278,0.06890278,0.1464117
253,0.005464063,0.09587827,0.052665956,0.09587827
254,0.00546571,0.1621733,0.1621733,0.13250035
255,0.005467298,0.23073596,0.23073596,0.17228743
256,0.005468823,0.25264397,0.05424747,0.25264397
257,0.005470361,0.19360518,0.19360518,0.08346942
258,0.005471912,0.0923523,0.0923523,-0.03916422
259,0.005473447,0.003402322,0.03628385,0.003402322
260,0.005474986,-0.029612137,-0.029612137,0.17455743
261,0.005476516,-0.027084036,-0.027084036,0.09287823
262,0.005478011,-0.025784362,0.00504914,-0.025784362
263,0.005479514,-0.049766093,-0.049766093,-0.17780297
264,0.005481054,-0.092709936,-0.092709936,-0.15834564
265,0.005482635,-0.13922207,-0.046878487,-0.13922207
266,0.005484264,-0.17760088,-0.17760088,-0.16935085
267,0.005485956,-0.20438837,-0.20438837,-0.26827025
268,0.005487668,-0.21871582,-0.0717927,-0.21871582
269,0.005489287,-0.2203891,-0.2203891,-0.1514409
270,0.005490828,-0.2077417,-0.2077417,-0.12561172
271,0.005492353,-0.17839064,-0.08834751,-0.17839064
272,0.005493938,-0.1344752,-0.1344752,-0.18380857
273,0.005495565,-0.09960671,-0.09960671,-0.0661828
274,0.005497201,-0.10797523,-0.06631005,-0.10797523
275,0.005498834,-0.17449188,-0.17449188,-0.0036092566
276,0.005500479,-0.26290947,-0.26290947,-0.11449552
277,0.005502112,-0.33782646,-0.057533395,-0.33782646
278,0.005503714,-0.37288758,-0.37288758,-0.3979901
279,0.005505311,-0.36842614,-0.36842614,-0.36238724
280,0.005506918,-0.33686042,-0.07986374,-0.33686042
281,0.005508534,-0.29370704,-0.29370704,-0.34125996
282,0.005510161,-0.25838703,-0.25838703,-0.2253135
283,0.005511751,-0.2522299,-0.061218895,-0.2522299
284,0.005513333,-0.28591654,-0.28591654,-0.22215427
285,0.005514943,-0.3369634,-0.3369634,-0.46848676
286,0.005516544,-0.37567952,-0.07204126,-0.37567952
287,0.005518161,-0.37472066,-0.37472066,-0.254612
288,0.005519716,-0.32026178,-0.32026178,-0.2678883
289,0.005521228,-0.20602746,-0.045735173,-0.20602746
290,0.005522753,-0.039669946,-0.039669946,-0.17359315
291,0.005524324,0.10953378,0.10953378,-0.08054082
292,0.005525892,0.1468592,-0.07539094,0.1468592
293,0.005527477,0.01579596,0.01579596,-0.05281561
294,0.005529051,-0.18843731,-0.18843731,-0.32553604
295,0.005530592,-0.35391942,-0.09426622,-0.35391942
296,0.005532158,-0.41031095,-0.41031095,-0.20014578
297,0.005533766,-0.3847734,-0.3847734,-0.14218219
298,0.005535373,-0.3363573,-0.09682361,-0.3363573
299,0.005536967,-0.31220692,-0.31220692,-0.40701887
300,0.005538536,-0.30023026,-0.30023026,-0.33641428
301,0.005540087,-0.2735637,-0.082535625,-0.2735637
302,0.005541609,-0.21143743,-0.21143743,-0.24492808
303,0.005543099,-0.118838325,-0.118838325,-0.08605899
304,0.005544607,-0.012477206,-0.037259467,-0.012477206
305,0.005546173,0.088317804,0.088317804,0.03765692
306,0.005547749,0.15312812,0.15312812,0.17236978
307,0.005549281,0.15193868,0.006980037,0.15193868
308,0.005550819,0.07107565,0.07107565,0.030681415
309,0.005552365,-0.04779898,-0.04779898,-0.14029635
310,0.005553885,-0.15795377,0.004456752,-0.15795377
311,0.005555436,-0.22010408,-0.22010408,-0.09353322
312,0.005557008,-0.23543087,-0.23543087,-0.17223111
313,0.005558576,-0.22275048,-0.0022542253,-0.22275048
314,0.005560173,-0.19833875,-0.19833875,-0.12493262
315,0.005561807,-0.17002118,-0.17002118,-0.048063565
316,0.005563445,-0.14444228,0.009262659,-0.14444228
317,0.005565112,-0.12520728,-0.12520728,-0.30977023
318,0.005566721,-0.11117375,-0.11117375,-0.23587671
319,0.005568304,-0.099461704,0.021486739,-0.099461704
320,0.005569872,-0.084560186,-0.084560186,0.008653364
321,0.00557146,-0.052224994,-0.052224994,0.03209221
322,0.005573082,0.014024474,0.021415297,0.014024474
323,0.005574737,0.12322763,0.12322763,-0.1104906
324,0.005576396,0.2373915,0.2373915,-0.00799201
325,0.005578079,0.31959695,-0.009988502,0.31959695
326,0.005579731,0.34230682,0.34230682,0.58427584
327,0.005581339,0.30754763,0.30754763,0.506557
328,0.00558294,0.22217536,-0.03261844,0.22217536
329,0.00558453,0.09985232,0.09985232,-0.063624196
330,0.005586063,-0.017422648,-0.017422648,-0.16409926
331,0.005587564,-0.08238976,-0.03151102,-0.08238976
332,0.005589084,-0.06297516,-0.06297516,0.11559144
333,0.005590663,-0.0021868246,-0.0021868246,0.16411704
334,0.005592202,0.047085274,-0.04426211,0.047085274
335,0.005593774,0.050547156,0.050547156,-0.044049
336,0.005595364,0.041302096,0.041302096,-0.022566212
337,0.005596947,0.0633363,-0.056428485,0.0633363
338,0.005598534,0.14486009,0.14486009,0.23986995
339,0.005600104,0.25869966,0.25869966,0.3388205
340,0.005601635,0.3493793,-0.011178948,0.3493793
341,0.005603168,0.3814822,0.3814822,0.1140245
342,0.005604728,0.3533836,0.3533836,0.21399973
343,0.005606313,0.27699214,0.0069742766,0.27699214
344,0.005607887,0.16893381,0.16893381,0.13162877
345,0.005609374,0.06677937,0.06677937,0.05845317
346,0.005610826,0.0101007875,0.004547097,0.0101007875
347,0.005612265,0.014320913,0.014320913,-0.030008769
348,0.005613697,0.021254474,0.021254474,-0.030124981
349,0.005615169,-0.052083634,-0.015456791,-0.052083634
350,0.005616625,-0.25178248,-0.25178248,-0.19635484
351,0.005618085,-0.46592915,-0.46592915,-0.4408929
352,0.005619604,-0.58514565,-0.012724811,-0.58514565
353,0.005621069,-0.5446546,-0.5446546,-0.5647773
354,0.005622519,-0.42403132,-0.42403132,-0.3933708
355,0.005623959,-0.3348322,-0.005848445,-0.3348322
356,0.005625404,-0.36572453,-0.36572453,-0.29451418
357,0.0056269,-0.4634588,-0.4634588,-0.38431862
358,0.00562844,-0.5426964,-0.012310116,-0.5426964
359,0.005630008,-0.52764124,-0.52764124,-0.5466865
360,0.005631612,-0.4385647,-0.4385647,-0.44938055
361,0.005633237,-0.31160182,-0.06689923,-0.31160182
362,0.00563488,-0.17970484,-0.17970484,-0.32618952
363,0.005636514,-0.07322212,-0.07322212,-0.25804797
364,0.005638093,-0.032990362,-0.055411838,-0.032990362
365,0.005639676,-0.084011056,-0.084011056,0.09025353
366,0.005641272,-0.168644,-0.168644,-0.17273286
367,0.005642851,-0.19948459,-0.043041315,-0.19948459
368,0.005644438,-0.11544706,-0.11544706,-0.13244319
369,0.005646068,0.013119015,0.013119015,-0.067440204
370,0.005647724,0.084342115,-0.032133017,0.084342115
371,0.005649375,0.03932824,0.03932824,0.15663096
372,0.005650939,-0.07011404,-0.07011404,0.008305552
373,0.005652466,-0.15940036,-0.018684268,-0.15940036
374,0.005654004,-0.16819364,-0.16819364,-0.1017978
375,0.005655564,-0.114458084,-0.114458084,0.019751381
376,0.005657106,-0.04008979,-0.052280165,-0.04008979
377,0.005658669,0.014506098,0.014506098,-0.15498373
378,0.005660272,0.03667382,0.03667382,-0.18510012
379,0.005661861,0.025714569,-0.083023146,0.025714569
380,0.005663437,-0.01446144,-0.01446144,0.19515568
381,0.005665007,-0.0480293,-0.0480293,0.113559924
382,0.005666592,-0.029113216,-0.066089466,-0.029113216
383,0.005668116,0.07071642,0.07071642,-0.06600848
384,0.00566963,0.21108359,0.21108359,0.19981878
385,0.005671194,0.3228008,-0.03283502,0.3228008
386,0.005672802,0.3580749,0.3580749,0.19618535
387,0.005674382,0.33409777,0.33409777,0.18918066
388,0.005675994,0.28210163,-0.016175184,0.28210163
389,0.005677619,0.23316279,0.23316279,0.37155384
390,0.005679253,0.20121008,0.20121008,0.22468191
391,0.005680845,0.19903062,-0.022826359,0.19903062
392,0.005682427,0.23725545,0.23725545,0.24629745
393,0.005684006,0.29721427,0.29721427,0.31319508
394,0.005685615,0.35674667,-0.005685422,0.35674667
395,0.005687241,0.3954182,0.3954182,0.237538
396,0.005688891,0.4146825,0.4146825,0.24612036
397,0.005690545,0.42169046,-0.0028018071,0.42169046
398,0.005692167,0.42112166,0.42112166,0.5063565
399,0.005693756,0.4050591,0.4050591,0.4944527
400,0.005695357,0.36142078,-0.0029175826,0.36142078
401,0.00569696,0.28383508,0.28383508,0.23632024
402,0.005698586,0.19040108,0.19040108,0.26918194
403,0.005700176,0.10837139,-0.049917128,0.10837139
404,0.005701735,0.056456387,0.056456387,-0.00025424061
405,0.005703306,0.01633241,0.01633241,0.04353804
406,0.005704909,-0.038267568,-0.096117824,-0.038267568
407,0.005706558,-0.12394859,-0.12394859,-0.20004472
408,0.005708232,-0.2261532,-0.2261532,-0.2440843
409,0.005709947,-0.3169206,-0.092767596,-0.3169206
410,0.005711616,-0.3779975,-0.3779975,-0.43472427
411,0.005713254,-0.40814856,-0.40814856,-0.4208914
412,0.005714887,-0.4069608,-0.083341345,-0.4069608
413,0.005716507,-0.37301683,-0.37301683,-0.4080122
414,0.005718107,-0.30718818,-0.30718818,-0.244469
415,0.005719685,-0.21012188,-0.057759624,-0.21012188
416,0.005721235,-0.09554173,-0.09554173,-0.29777282
417,0.005722776,0.006198402,0.006198402,-0.024159865
418,0.005724322,0.06246195,-0.0627926,0.06246195
419,0.005725892,0.053984955,0.053984955,0.22593024
420,0.005727491,0.018724555,0.018724555,0.11197701
421,0.005729105,0.005837552,-0.028456047,0.005837552
422,0.005730683,0.04471912,0.04471912,0.26786286
423,0.005732243,0.10209381,0.10209381,0.471859
424,0.005733788,0.13103779,-0.03229797,0.13103779
425,0.005735339,0.09763309,0.09763309,-0.08644839
426,0.0057369,0.026540712,0.026540712,0.04397563
427,0.005738448,-0.038155485,-0.020868436,-0.038155485
428,0.00574,-0.062984236,-0.062984236,-0.11450103
429,0.005741594,-0.06789585,-0.06789585,-0.0113489535
430,0.005743213,-0.08261998,-0.033965714,-0.08261998
431,0.005744786,-0.12517881,-0.12517881,-0.08624846
432,0.005746289,-0.16949688,-0.16949688,-0.0418685
433,0.00574778,-0.17753172,-0.040774185,-0.17753172
434,0.005749278,-0.12817135,-0.12817135,-0.1659435
435,0.005750825,-0.06185485,-0.06185485,-0.082446486
436,0.005752441,-0.042189877,-0.037328653,-0.042189877
437,0.005754037,-0.10951882,-0.10951882,-0.20290211
438,0.00575562,-0.21025729,-0.21025729,-0.19855158
439,0.005757207,-0.28504783,-0.036549583,-0.28504783
440,0.005758809,-0.29307905,-0.29307905,-0.27118164
441,0.005760434,-0.26107123,-0.26107123,-0.19889747
442,0.005761985,-0.23813735,-0.04063222,-0.23813735
443,0.00576352,-0.2658667,-0.2658667,-0.44605443
444,0.00576511,-0.32043004,-0.32043004,-0.52510977
445,0.005766766,-0.36424166,-0.07038743,-0.36424166
446,0.005768451,-0.36626664,-0.36626664,-0.23433484
447,0.005770132,-0.3232209,-0.3232209,-0.21233983
448,0.005771805,-0.24509028,-0.09263196,-0.24509028
449,0.005773406,-0.14502789,-0.14502789,-0.18616559
450,0.005774948,-0.064758085,-0.064758085,0.023849111
451,0.005776468,-0.06797638,-0.046389483,-0.06797638
452,0.005778004,-0.19949056,-0.19949056,-0.33221576
453,0.005779572,-0.38279057,-0.38279057,-0.4218335
454,0.005781199,-0.5123137,-0.015811644,-0.5123137
455,0.005782838,-0.51629514,-0.51629514,-0.5149431
456,0.005784433,-0.44220892,-0.44220892,-0.48807517
457,0.005786027,-0.34898177,-0.033822484,-0.34898177
458,0.005787633,-0.2776519,-0.2776519,-0.4189783
459,0.005789212,-0.22764364,-0.22764364,-0.32373694
460,0.005790789,-0.18681853,-0.06430395,-0.18681853
461,0.005792372,-0.14463957,-0.14463957,-0.45891243
462,0.005793965,-0.09633935,-0.09633935,-0.37726682
463,0.005795561,-0.036247343,-0.070977256,-0.036247343
464,0.005797148,0.04132624,0.04132624,0.20125711
465,0.005798745,0.14069499,0.14069499,0.26958373
466,0.005800361,0.26950854,-0.0418179,0.26950854
467,0.005802001,0.42395282,0.42395282,0.59533864
468,0.005803665,0.5544892,0.5544892,0.80490386
469,0.005805342,0.59797627,0.02627124,0.59797627
470,0.005807029,0.51592964,0.51592964,0.40117428
471,0.005808732,0.36238974,0.36238974,0.3842089
472,0.005810412,0.21530588,0.041676164,0.21530588
473,0.005812009,0.1365061,0.1365061,0.21545321
474,0.005813585,0.1037311,0.1037311,0.20631401
475,0.005815171,0.06988578,0.06038434,0.06988578
476,0.005816713,-0.00016397264,-0.00016397264,-0.07059887
477,0.005818246,-0.08339061,-0.08339061,-0.14978556
478,0.00581979,-0.13939144,0.038689796,-0.13939144
479,0.005821333,-0.14219083,-0.14219083,-0.10514152
480,0.00582284,-0.105323374,-0.105323374,0.009991185
481,0.005824386,-0.04558152,0.027281877,-0.04558152
482,0.005825954,0.016736455,0.016736455,-0.12802437
483,0.005827514,0.060722,0.060722,-0.2027333
484,0.005829016,0.06351062,0.030890038,0.06351062
485,0.005830518,0.01436297,0.01436297,0.11514586
486,0.005832035,-0.04336907,-0.04336907,-0.062195774
487,0.00583357,-0.05804214,0.046702042,-0.05804214
488,0.005835146,0.008479775,0.008479775,0.01836234
489,0.005836706,0.1074474,0.1074474,0.09086296
490,0.005838267,0.1688622,0.005079592,0.1688622
491,0.005839823,0.15371764,0.15371764,0.14367521
492,0.005841341,0.09613621,0.09613621,-0.0027200384
493,0.005842868,0.051316567,-0.053149372,0.051316567
494,0.005844407,0.05892667,0.05892667,-0.017688593
495,0.005845917,0.07921672,0.07921672,-0.069851205
496,0.005847407,0.05174837,-0.096282154,0.05174837
497,0.005848888,-0.06394789,-0.06394789,0.033125456
498,0.005850335,-0.22735934,-0.22735934,-0.10770398
499,0.005851773,-0.38966495,-0.1099563,-0.38966495
500,0.005853215,-0.5062995,-0.5062995,-0.5926207
501,0.005854656,-0.56268424,-0.56268424,-0.63290596
502,0.005856087,-0.5577283,-0.07265199,-0.5577283
503,0.00585751,-0.49604928,-0.49604928,-0.45278126
504,0.005858945,-0.41077074,-0.41077074,-0.31952906
505,0.005860409,-0.33680782,-0.07511671,-0.33680782
506,0.005861919,-0.30111817,-0.30111817,-0.36283252
507,0.005863412,-0.3023754,-0.3023754,-0.46808165
508,0.005864908,-0.33140805,-0.067889184,-0.33140805
509,0.005866429,-0.37499696,-0.37499696,-0.31776384
510,0.005867972,-0.40411583,-0.40411583,-0.26408577
511,0.005869538,-0.38309067,-0.06534932,-0.38309067
512,0.005871138,-0.28572878,-0.28572878,-0.37571174
513,0.005872743,-0.1542713,-0.1542713,-0.2716247
514,0.005874332,-0.043257818,-0.0474832,-0.043257818
515,0.005875925,0.010043553,0.010043553,0.15325034
516,0.005877488,0.040897995,0.040897995,0.1987087
517,0.005879045,0.10809436,-0.006738955,0.10809436
518,0.00588065,0.25141886,0.25141886,0.19425738
519,0.005882317,0.40594384,0.40594384,0.44879496
520,0.005883963,0.48001233,0.045561343,0.48001233
521,0.005885597,0.41370937,0.41370937,0.29900944
522,0.005887258,0.25855085,0.25855085,0.16675633
523,0.005888882,0.08699931,0.07568185,0.08699931
524,0.005890413,-0.04618182,-0.04618182,0.19571994
525,0.005891934,-0.12866285,-0.12866285,-0.09592989
526,0.005893509,-0.15933537,0.037883185,-0.15933537
527,0.005895144,-0.14578255,-0.14578255,-0.12603416
528,0.005896752,-0.09677433,-0.09677433,-0.025662918
529,0.005898331,-0.024826022,-0.00587725,-0.024826022
530,0.005899906,0.05150555,0.05150555,-0.0025721565
531,0.005901488,0.10653781,0.10653781,0.01234077
532,0.005903067,0.10693306,-0.06818833,0.10693306
533,0.005904635,0.029695299,0.029695299,0.12793227
534,0.005906194,-0.05836274,-0.05836274,0.10245309
535,0.00590778,-0.074533574,-0.038453616,-0.074533574
536,0.005909381,0.028289357,0.028289357,-0.054187577
537,0.005910962,0.177981,0.177981,0.2971718
538,0.005912499,0.26998165,0.039233677,0.26998165
539,0.005914007,0.23223335,0.23223335,0.080043636
540,0.005915518,0.115413144,0.115413144,0.0026733777
541,0.005917003,-0.0041961023,0.059942804,-0.0041961023
542,0.005918466,-0.062782034,-0.062782034,0.057503916
543,0.005919924,-0.074135534,-0.074135534,-0.11613627
544,0.005921395,-0.072912104,0.08204296,-0.072912104
545,0.005922887,-0.08379322,-0.08379322,-0.13440338
546,0.005924418,-0.10465332,-0.10465332,-0.15963554
547,0.005925937,-0.12666397,0.079559475,-0.12666397
548,0.005927409,-0.14262156,-0.14262156,-0.18310715
549,0.005928898,-0.14857861,-0.14857861,-0.19670291
550,0.00593044,-0.14089835,0.03727152,-0.14089835
551,0.00593204,-0.11859199,-0.11859199,-0.27812162
552,0.005933621,-0.093709,-0.093709,-0.2869312
553,0.005935192,-0.08375897,0.0051217023,-0.08375897
554,0.005936777,-0.09514175,-0.09514175,0.025782865
555,0.005938386,-0.09823924,-0.09823924,0.013208783
556,0.005940036,-0.051109046,-0.038715355,-0.051109046
557,0.005941701,0.07730506,0.07730506,-0.11999579
558,0.005943337,0.23090824,0.23090824,0.12180908
559,0.005944979,0.3386872,-0.036579527,0.3386872
560,0.005946594,0.35109362,0.35109362,0.34466967
561,0.005948183,0.29672307,0.29672307,0.38894248
562,0.005949777,0.22709017,-0.025935985,0.22709017
563,0.005951378,0.18859546,0.18859546,0.32529578
564,0.005952898,0.17858544,0.17858544,0.1773939
565,0.005954409,0.18094334,-0.022741165,0.18094334
566,0.005955952,0.18531923,0.18531923,0.10573045
567,0.005957524,0.20048791,0.20048791,0.1290754
568,0.005959135,0.2399757,-0.010687942,0.2399757
569,0.005960751,0.3088904,0.3088904,0.360048
570,0.005962335,0.37423503,0.37423503,0.5301613
571,0.005963867,0.40568864,-0.0023122886,0.40568864
572,0.005965367,0.37910697,0.37910697,0.034474567
573,0.005966879,0.30564564,0.30564564,-0.034775134
574,0.005968399,0.2078077,-0.00394774,0.2078077
575,0.005969896,0.110822715,0.110822715,0.27457398
576,0.005971379,0.02972472,0.02972472,0.17948242
577,0.005972843,-0.026140986,0.025086379,-0.026140986
578,0.005974318,-0.0535692,-0.0535692,-0.14459181
579,0.005975816,-0.060460813,-0.060460813,-0.07038022
580,0.005977351,-0.05614226,0.006762048,-0.05614226
581,0.005978972,-0.04842207,-0.04842207,-0.13635917
582,0.005980577,-0.03682651,-0.03682651,-0.06272864
583,0.005982229,-0.019043762,0.0023098132,-0.019043762
584,0.005983926,0.000928161,0.000928161,0.04551255
585,0.005985628,-0.0090674665,-0.0090674665,0.037500773
586,0.005987333,-0.092666306,-0.0015006736,-0.092666306
587,0.005989049,-0.28301215,-0.28301215,-0.29776952
588,0.005990761,-0.4975923,-0.4975923,-0.5432326
589,0.005992475,-0.6384307,-0.020533832,-0.6384307
590,0.005994117,-0.6163019,-0.6163019,-0.39290237
591,0.0059957,-0.46887088,-0.46887088,-0.26031
592,0.005997232,-0.27261996,-0.0039118007,-0.27261996
593,0.00599879,-0.09277864,-0.09277864,-0.25832224
594,0.006000407,0.04800282,0.04800282,-0.007998068
595,0.006002041,0.14069279,0.051820286,0.14069279
596,0.006003649,0.18190981,0.18190981,-0.0136002265
597,0.006005234,0.20037824,0.20037824,0.027791798
598,0.006006822,0.22488707,0.06838392,0.22488707
599,0.006008393,0.2740997,0.2740997,0.35421064
600,0.006009954,0.33277225,0.33277225,0.41949618
601,0.006011487,0.37110636,0.07331365,0.37110636
602,0.006013009,0.36941022,0.36941022,0.39735797
603,0.006014516,0.34926414,0.34926414,0.39499682
604,0.006016039,0.33981243,0.04886194,0.33981243
605,0.006017586,0.35643038,0.35643038,0.3613924
606,0.006019161,0.36180812,0.36180812,0.47266644
607,0.006020707,0.30846974,0.05449592,0.30846974
608,0.006022266,0.16710816,0.16710816,0.082891114
609,0.006023851,-0.028820192,-0.028820192,-0.05244549
610,0.006025424,-0.23678741,0.06271272,-0.23678741
611,0.006027012,-0.41482496,-0.41482496,-0.31999034
612,0.006028592,-0.5357182,-0.5357182,-0.47455487
613,0.006030161,-0.5742547,0.054549262,-0.5742547
614,0.006031745,-0.5258518,-0.5258518,-0.5073686
615,0.00603332,-0.43804345,-0.43804345,-0.54688555
616,0.006034914,-0.37814558,0.03832784,-0.37814558
617,0.006036554,-0.38938493,-0.38938493,-0.21116091
618,0.00603819,-0.4266032,-0.4266032,-0.222954
619,0.006039802,-0.42256713,-0.0023222892,-0.42256713
620,0.006041371,-0.3288764,-0.3288764,-0.3684815
621,0.006042929,-0.17420597,-0.17420597,-0.24209051
622,0.006044501,-0.002694152,-0.016304716,-0.002694152
623,0.006046089,0.14425342,0.14425342,0.08194406
624,0.00604772,0.23519966,0.23519966,0.116677
625,0.006049304,0.25000274,-0.026185188,0.25000274
626,0.006050794,0.18651895,0.18651895,0.02760729
627,0.006052261,0.09148425,0.09148425,-0.058953665
628,0.006053734,0.020414233,-0.03378189,0.020414233
629,0.006055219,0.015024962,0.015024962,0.16965668
630,0.00605675,0.04960997,0.04960997,0.20877706
631,0.006058367,0.076210275,-0.02648209,0.076210275
632,0.006060009,0.064328074,0.064328074,0.043913666
633,0.006061612,0.028698416,0.028698416,-0.0042106975
634,0.006063243,-0.009992957,-0.03638371,-0.009992957
635,0.00606488,-0.036414556,-0.036414556,-0.030639676
636,0.006066511,-0.057990424,-0.057990424,0.003349999
637,0.006068124,-0.08985848,-0.0008902475,-0.08985848
638,0.006069707,-0.14030156,-0.14030156,-0.22561091
639,0.006071286,-0.18482776,-0.18482776,-0.20364097
640,0.006072857,-0.19488978,0.008907258,-0.19488978
641,0.006074455,-0.15152802,-0.15152802,-0.23032716
642,0.006076103,-0.08936447,-0.08936447,-0.15800086
643,0.006077744,-0.055538613,0.017616393,-0.055538613
644,0.006079364,-0.08025266,-0.08025266,-0.112440325
645,0.006080957,-0.14011572,-0.14011572,-0.252936
646,0.006082551,-0.1998726,0.010630371,-0.1998726
647,0.006084162,-0.23082776,-0.23082776,0.13334084
648,0.006085798,-0.22267854,-0.22267854,0.07279908
649,0.006087468,-0.17121355,-0.048813958,-0.17121355
650,0.006089112,-0.08238378,-0.08238378,-0.26852995
651,0.006090747,0.009260101,0.009260101,-0.082627416
652,0.006092378,0.06612347,-0.052338123,0.06612347
653,0.006094009,0.060413834,0.060413834,-0.06927427
654,0.006095617,0.009621097,0.009621097,-0.20415263
655,0.006097181,-0.05522385,-0.027196715,-0.05522385
656,0.006098758,-0.10078468,-0.10078468,0.09410011
657,0.006100345,-0.1072331,-0.1072331,0.05196675
658,0.006101964,-0.056916643,-0.020245718,-0.056916643
659,0.006103607,0.053741023,0.053741023,-0.05501373
660,0.006105267,0.16939437,0.16939437,0.13457097
661,0.006106896,0.22554938,-0.021833368,0.22554938
662,0.006108506,0.18326718,0.18326718,-0.016111463
663,0.006110136,0.07479554,0.07479554,-0.13335252
664,0.006111756,-0.0481594,-0.0031209043,-0.0481594
665,0.006113283,-0.13569401,-0.13569401,0.08606493
666,0.006114748,-0.16871054,-0.16871054,0.15534161
667,0.0061162,-0.13827942,-0.026571553,-0.13827942
668,0.006117702,-0.05093746,-0.05093746,-0.16418463
669,0.006119289,0.041025277,0.041025277,-0.050939135
670,0.006120901,0.0690946,0.0026867585,0.0690946
671,0.006122518,-0.0017152915,-0.0017152915,0.13795105
672,0.006124087,-0.11579262,-0.11579262,-0.072329946
673,0.006125662,-0.2141929,0.030174278,-0.2141929
674,0.006127244,-0.24775004,-0.24775004,-0.09347566
675,0.006128833,-0.18674889,-0.18674889,-0.05627279
676,0.006130359,-0.010328101,0.037314437,-0.010328101
677,0.006131841,0.26718178,0.26718178,0.09093181
678,0.006133314,0.50947076,0.50947076,0.21715206
679,0.006134766,0.5778572,0.033502754,0.5778572
680,0.00613625,0.38185966,0.38185966,0.27840182
681,0.006137753,0.069721,0.069721,-0.0020913342
682,0.006139314,-0.14115335,0.038951583,-0.14115335
683,0.006140919,-0.13163653,-0.13163653,0.1859625
684,0.00614254,0.009653559,0.009653559,0.49299425
685,0.006144176,0.15314376,0.010110287,0.15314376
686,0.006145758,0.20422548,0.20422548,-0.12971716
687,0.006147296,0.16711871,0.16711871,-0.26552576
688,0.00614884,0.07438006,-0.031039964,0.07438006
689,0.006150426,-0.038299143,-0.038299143,0.038431574
690,0.006152044,-0.14300269,-0.14300269,-0.07979095
691,0.006153636,-0.2154236,-0.0461697,-0.2154236
692,0.006155213,-0.24140169,-0.24140169,-0.30735758
693,0.006156797,-0.25403982,-0.25403982,-0.3391026
694,0.006158413,-0.29263717,-0.056989126,-0.29263717
695,0.006160061,-0.38156363,-0.38156363,-0.29704994
696,0.006161688,-0.47380787,-0.47380787,-0.43121037
697,0.006163315,-0.49873862,-0.05626172,-0.49873862
698,0.006164935,-0.41505018,-0.41505018,-0.4436319
699,0.006166566,-0.26662558,-0.26662558,-0.29083613
700,0.006168178,-0.11765089,-0.054422483,-0.11765089
701,0.006169763,-0.024928315,-0.024928315,-0.108358845
702,0.006171366,0.0136861205,0.0136861205,-0.10902445
703,0.006172975,0.020682734,-0.07689187,0.020682734
704,0.006174579,0.016296245,0.016296245,-0.055431213
705,0.006176181,0.018019794,0.018019794,-0.034212798
706,0.006177755,0.042405933,-0.049129404,0.042405933
707,0.006179344,0.09767713,0.09767713,0.23807335
708,0.006180984,0.16691796,0.16691796,0.18621035
709,0.006182672,0.22443931,-0.020398196,0.22443931
710,0.006184312,0.2536929,0.2536929,0.26150477
711,0.006185946,0.27619737,0.27619737,0.30094594
712,0.00618754,0.32140347,-0.011417341,0.32140347
713,0.006189052,0.4089344,0.4089344,0.2853319
714,0.006190575,0.5164813,0.5164813,0.60051644
715,0.006192128,0.60380507,0.0048723314,0.60380507
716,0.006193745,0.63346857,0.63346857,0.5040661
717,0.006195357,0.61071366,0.61071366,0.5145745
718,0.00619699,0.5480963,0.016379071,0.5480963
719,0.006198623,0.4633963,0.4633963,0.33801663
720,0.006200188,0.37587017,0.37587017,0.5164276
721,0.006201683,0.31071553,0.03820105,0.31071553
722,0.006203129,0.28702083,0.28702083,0.14258523
723,0.006204588,0.2853934,0.2853934,0.23821984
724,0.006206105,0.27216217,0.03176152,0.27216217
725,0.006207641,0.22594257,0.22594257,0.21168843
726,0.006209197,0.1786741,0.1786741,0.11817813
727,0.006210773,0.16646056,0.025634194,0.16646056
728,0.00621237,0.2036647,0.2036647,0.12215276
729,0.006213992,0.2524888,0.2524888,0.162541
730,0.006215581,0.25974065,0.031627167,0.25974065
731,0.006217153,0.18544938,0.18544938,0.19935283
732,0.006218705,0.07951785,0.07951785,0.111743204
733,0.006220283,0.019227048,0.0408557,0.019227048
734,0.006221905,0.060154725,0.060154725,0.16511916
735,0.006223484,0.14891353,0.14891353,0.15775675
736,0.006225081,0.19784261,0.04798042,0.19784261
737,0.006226681,0.1525038,0.1525038,0.08207294
738,0.006228251,0.05907409,0.05907409,-0.039112724
739,0.00622983,-0.01686767,0.030726269,-0.01686767
740,0.006231404,-0.022483103,-0.022483103,0.30601662
741,0.006232935,0.016984435,0.016984435,0.38829368
742,0.006234495,0.05718392,-0.026233613,0.05718392
743,0.006236105,0.061081514,0.061081514,-0.10855574
744,0.006237728,0.025960568,0.025960568,-0.14651978
745,0.006239365,-0.043777745,-0.07138881,-0.043777745
746,0.006240941,-0.13366875,-0.13366875,0.011908966
747,0.006242524,-0.19121394,-0.19121394,-0.12478033
748,0.006244135,-0.16035126,-0.041448567,-0.16035126
749,0.006245782,0.0013500643,0.0013500643,0.198156
750,0.00624741,0.22232188,0.22232188,0.5941985
751,0.006249037,0.39816955,0.027179943,0.39816955
752,0.006250659,0.4490537,0.4490537,0.1773749
753,0.006252285,0.41739985,0.41739985,0.28018686
754,0.00625388,0.36343026,0.047241673,0.36343026
755,0.006255433,0.33529252,0.33529252,0.3467915
756,0.006256957,0.31682357,0.31682357,0.2329969
757,0.006258478,0.27372193,0.03415975,0.27372193
758,0.006260015,0.18586326,0.18586326,0.5396197
759,0.006261584,0.08558796,0.08558796,0.36580187
760,0.006263167,0.019923773,0.0074740797,0.019923773
761,0.006264704,0.01496703,0.01496703,-0.055983912
762,0.006266281,0.038462423,0.038462423,-0.019039907
763,0.006267913,0.048784953,-0.010861136,0.048784953
764,0.006269559,0.016917286,0.016917286,0.07130814
765,0.006271222,-0.037452046,-0.037452046,-0.05259943
766,0.006272858,-0.078520045,-0.01137089,-0.078520045
767,0.006274498,-0.0801962,-0.0801962,-0.131359
768,0.006276154,-0.058723886,-0.058723886,-0.07891192
769,0.006277776,-0.040390234,-0.0313774,-0.040390234
770,0.006279375,-0.04946836,-0.04946836,-0.1296125
771,0.006280879,-0.08444204,-0.08444204,-0.22267668
772,0.006282356,-0.13538568,-0.03650003,-0.13538568
773,0.00628388,-0.18999226,-0.18999226,-0.20090942
774,0.006285433,-0.2184638,-0.2184638,-0.15950143
775,0.006286997,-0.18684688,-0.06800753,-0.18684688
776,0.006288571,-0.08176822,-0.08176822,-0.064414
777,0.00629017,0.041219678,0.041219678,0.021504482
778,0.006291796,0.13204019,-0.07268774,0.13204019
779,0.006293448,0.15439768,0.15439768,0.1322357
780,0.006295117,0.11627981,0.11627981,0.005559413
781,0.006296794,0.04389191,-0.06927782,0.04389191
782,0.006298468,-0.035880983,-0.035880983,0.050681252
783,0.006300043,-0.10074737,-0.10074737,0.029829098
784,0.00630161,-0.12697323,-0.07562062,-0.12697323
785,0.006303225,-0.09696132,-0.09696132,-0.12405717
786,0.006304865,-0.027018303,-0.027018303,-0.06528532
787,0.006306521,0.05592734,-0.08126015,0.05592734
788,0.006308171,0.12555999,0.12555999,0.10470299
789,0.00630984,0.16210559,0.16210559,0.18878107
790,0.006311547,0.15612811,-0.085743934,0.15612811
791,0.00631324,0.09954454,0.09954454,0.040511284
792,0.006314874,0.01855572,0.01855572,-0.121832885
793,0.006316441,-0.048400633,-0.08168031,-0.048400633
794,0.006317995,-0.07174411,-0.07174411,0.0834562
795,0.006319583,-0.06541384,-0.06541384,0.04308283
796,0.006321214,-0.05397966,-0.08620132,-0.05397966
797,0.006322821,-0.060390852,-0.060390852,-0.110023275
798,0.006324402,-0.090876415,-0.090876415,-0.002587578
799,0.006325962,-0.14611992,-0.06454925,-0.14611992
800,0.006327529,-0.22646831,-0.22646831,-0.31676558
801,0.006329106,-0.32289273,-0.32289273,-0.53708106
802,0.006330706,-0.42091894,-0.057372335,-0.42091894
803,0.006332322,-0.5017426,-0.5017426,-0.4271911
804,0.006333925,-0.55696243,-0.55696243,-0.46009907
805,0.006335514,-0.5804685,-0.06236426,-0.5804685
806,0.006337102,-0.566863,-0.566863,-0.5383949
807,0.006338658,-0.5135048,-0.5135048,-0.5047828
808,0.006340198,-0.41772696,-0.074338794,-0.41772696
809,0.006341732,-0.28570855,-0.28570855,-0.3857385
810,0.00634328,-0.15953538,-0.15953538,-0.3218189
811,0.006344822,-0.08613362,-0.05325491,-0.08613362
812,0.00634638,-0.09387268,-0.09387268,-0.12127523
813,0.006347951,-0.14412186,-0.14412186,-0.18237904
814,0.006349478,-0.18506321,-0.046597734,-0.18506321
815,0.006351001,-0.17904675,-0.17904675,-0.13376807
816,0.006352581,-0.13259551,-0.13259551,0.013314256
817,0.006354238,-0.06431156,-0.008237428,-0.06431156
818,0.006355895,0.006380613,0.006380613,-0.22991903
819,0.006357534,0.050399203,0.050399203,0.0059818537
820,0.00635913,0.037268072,0.027185054,0.037268072
821,0.006360694,-0.042603876,-0.042603876,0.147337
822,0.006362252,-0.13503513,-0.13503513,0.00951587
823,0.006363834,-0.15358202,0.063100636,-0.15358202
824,0.006365433,-0.030759847,-0.030759847,0.21723936
825,0.006367021,0.16416107,0.16416107,0.46725374
826,0.006368647,0.3320832,0.054061737,0.3320832
827,0.006370235,0.4101579,0.4101579,0.081755705
828,0.006371766,0.4232351,0.4232351,0.1177992
829,0.006373344,0.41306183,0.029300772,0.41306183
830,0.006374997,0.41175413,0.41175413,0.47939906
831,0.006376661,0.40929008,0.40929008,0.22843376
832,0.006378222,0.3839002,0.0041840016,0.3839002
833,0.006379745,0.3262257,0.3262257,0.6382034
834,0.006381274,0.26975283,0.26975283,0.4953587
835,0.006382795,0.25159255,0.019570936,0.25159255
836,0.006384372,0.29510656,0.29510656,0.020813266
837,0.006385971,0.31927773,0.31927773,-0.03900202
838,0.006387581,0.22499613,0.025787093,0.22499613
839,0.006389196,-0.021962859,-0.021962859,0.41683927
840,0.006390801,-0.28799507,-0.28799507,0.09695668
841,0.006392413,-0.39137205,0.02033934,-0.39137205
842,0.006394001,-0.20961729,-0.20961729,-0.47926477
843,0.006395585,0.10876752,0.10876752,-0.015266306
844,0.006397142,0.32134813,0.021650098,0.32134813
845,0.006398689,0.24908705,0.24908705,0.05839947
846,0.006400208,0.0015280673,0.0015280673,-0.3277884
847,0.00640172,-0.24449874,-0.004989577,-0.24449874
848,0.006403236,-0.34635165,-0.34635165,0.23691094
849,0.006404748,-0.31890908,-0.31890908,0.24314813
850,0.006406263,-0.21156627,-0.02157761,-0.21156627
851,0.006407802,-0.07250759,-0.07250759,-0.35791
852,0.006409385,0.04137366,0.04137366,-0.09592934
853,0.006410996,0.07735037,-0.059745565,0.07735037
854,0.006412596,0.005222303,0.005222303,0.019539885
855,0.006414183,-0.109303355,-0.109303355,-0.14130425
856,0.006415739,-0.17726542,-0.05931945,-0.17726542
857,0.006417279,-0.13677861,-0.13677861,-0.099658325
858,0.006418795,-0.04262476,-0.04262476,0.018272012
859,0.006420278,0.008175846,-0.055436425,0.008175846
860,0.006421741,-0.056167953,-0.056167953,-0.20114377
861,0.006423207,-0.17976107,-0.17976107,-0.24466012
862,0.006424737,-0.27829978,-0.006074108,-0.27829978
863,0.00642637,-0.2911771,-0.2911771,-0.15450236
864,0.006428066,-0.21965429,-0.21965429,-0.05294256
865,0.006429753,-0.08093655,0.020144807,-0.08093655
866,0.006431425,0.102685206,0.102685206,-0.22931181
867,0.006433122,0.28000498,0.28000498,-0.03603282
868,0.006434805,0.39123726,0.0237862,0.39123726
869,0.006436484,0.37580058,0.37580058,0.2416013
870,0.006438125,0.26809025,0.26809025,0.057441406
871,0.006439731,0.15272959,0.057201263,0.15272959
872,0.006441346,0.09403461,0.09403461,0.30925846
873,0.006442959,0.07331739,0.07331739,0.24267228
874,0.006444595,0.053123917,0.07218013,0.053123917
875,0.006446232,0.0054311897,0.0054311897,0.092855096
876,0.006447848,-0.05540592,-0.05540592,0.05435076
877,0.006449436,-0.107614756,0.027103662,-0.107614756
878,0.006450984,-0.13799049,-0.13799049,-0.044113714
879,0.0064525,-0.15462214,-0.15462214,-0.057127863
880,0.006453989,-0.1720744,-0.024526585,-0.1720744
881,0.006455488,-0.20066278,-0.20066278,-0.28850776
882,0.006457028,-0.23369299,-0.23369299,-0.409667
883,0.006458623,-0.26098743,-0.059219945,-0.26098743
884,0.00646026,-0.2740299,-0.2740299,0.03915116
885,0.006461895,-0.26789486,-0.26789486,0.09836032
886,0.006463535,-0.23859477,-0.052799273,-0.23859477
887,0.006465178,-0.18545902,-0.18545902,-0.44663084
888,0.006466821,-0.12547559,-0.12547559,-0.28412116
889,0.006468435,-0.08396138,-0.05868242,-0.08396138
890,0.006470043,-0.081366785,-0.081366785,-0.048130207
891,0.006471667,-0.09645892,-0.09645892,-0.1200035
892,0.006473265,-0.0960282,-0.047799587,-0.0960282
893,0.006474867,-0.057738464,-0.057738464,-0.08805195
894,0.006476502,-0.004372322,-0.004372322,-0.024234496
895,0.006478122,0.02973409,-0.061801463,0.02973409
896,0.006479742,0.024311554,0.024311554,-0.04167298
897,0.006481363,0.0020970567,0.0020970567,-0.08209785
898,0.006482969,-0.0026002459,-0.057791226,-0.0026002459
899,0.006484516,0.034764737,0.034764737,0.024561256
900,0.006485982,0.107205294,0.107205294,0.20715035
901,0.006487415,0.1953793,-0.038755797,0.1953793
902,0.006488859,0.2783532,0.2783532,0.1425855
903,0.006490352,0.31963643,0.31963643,0.1845528
904,0.00649188,0.27972314,-0.004470676,0.27972314
905,0.006493433,0.14938374,0.14938374,0.13239157
906,0.006495007,0.0052921353,0.0052921353,-0.036245413
907,0.006496575,-0.07972789,0.0069633666,-0.07972789
908,0.006498161,-0.061090123,-0.061090123,0.056113224
909,0.00649979,0.013371617,0.013371617,0.17670682
910,0.006501401,0.06071408,-0.014328077,0.06071408
911,0.006502972,0.013028596,0.013028596,-0.15565705
912,0.006504589,-0.09500564,-0.09500564,-0.25126606
913,0.006506182,-0.19657129,0.0003090324,-0.19657129
914,0.006507755,-0.2440986,-0.2440986,-0.14592907
915,0.006509301,-0.25971943,-0.25971943,-0.18360175
916,0.006510852,-0.2855983,0.032221142,-0.2855983
917,0.006512409,-0.34408712,-0.34408712,-0.19010139
918,0.006513992,-0.3844933,-0.3844933,-0.16368039
919,0.006515563,-0.3316226,0.032886174,-0.3316226
920,0.006517129,-0.14679079,-0.14679079,-0.32863328
921,0.006518711,0.09163881,0.09163881,0.035394628
922,0.006520268,0.2884253,0.009217441,0.2884253
923,0.006521794,0.3677215,0.3677215,0.34281138
924,0.006523304,0.34697077,0.34697077,0.24681434
925,0.00652481,0.26976547,0.026887313,0.26976547
926,0.006526345,0.17666256,0.17666256,0.08359638
927,0.006527924,0.08977532,0.08977532,-0.017509593
928,0.006529495,0.030168371,0.040166244,0.030168371
929,0.006531053,0.011432237,0.011432237,0.2882884
930,0.006532584,0.032795507,0.032795507,0.30819958
931,0.006534059,0.09159797,0.025426725,0.09159797
932,0.006535529,0.18217129,0.18217129,0.22033662
933,0.006537067,0.27484122,0.27484122,0.4118256
934,0.006538625,0.32709295,0.031377904,0.32709295
935,0.006540177,0.31095538,0.31095538,0.17702076
936,0.006541724,0.24224831,0.24224831,0.22053462
937,0.00654328,0.14797479,0.073042385,0.14797479
938,0.00654483,0.045686845,0.045686845,0.049279545
939,0.00654638,-0.056278434,-0.056278434,-0.08413818
940,0.006547941,-0.14115968,0.08341321,-0.14115968
941,0.006549479,-0.19585389,-0.19585389,-0.19953938
942,0.006550994,-0.2170706,-0.2170706,-0.34248158
943,0.006552523,-0.20316704,0.045234658,-0.20316704
944,0.006554077,-0.15482286,-0.15482286,0.05332137
945,0.00655567,-0.08209449,-0.08209449,0.067676365
946,0.006557314,0.003244251,0.023908952,0.003244251
947,0.006558932,0.08381051,0.08381051,0.04216277
948,0.00656047,0.13284539,0.13284539,0.03799757
949,0.006561996,0.1218245,0.0026014717,0.1218245
950,0.006563502,0.03390251,0.03390251,0.04231478
951,0.006564983,-0.08287773,-0.08287773,0.031614143
952,0.006566483,-0.15513134,-0.030301256,-0.15513134
953,0.006568014,-0.124059044,-0.124059044,-0.21465775
954,0.006569541,-0.033568997,-0.033568997,0.09019901
955,0.0065711,0.06371798,-0.057497546,0.06371798
956,0.006572626,0.12078957,0.12078957,-0.21793345
957,0.006574096,0.10484938,0.10484938,-0.38533643
958,0.006575549,-0.01609852,-0.04028619,-0.01609852
959,0.006577038,-0.24970229,-0.24970229,0.28533328
960,0.006578593,-0.46876302,-0.46876302,-0.03357638
961,0.006580183,-0.51561505,-0.06524016,-0.51561505
962,0.006581797,-0.2958819,-0.2958819,-0.7216524
963,0.006583395,0.0019309666,0.0019309666,-0.53006643
964,0.00658497,0.16560493,-0.07908344,0.16560493
965,0.006586537,0.051819593,0.051819593,0.28902727
966,0.006588071,-0.22215673,-0.22215673,-0.239967
967,0.006589598,-0.42337427,-0.07879694,-0.42337427
968,0.006591132,-0.36043578,-0.36043578,-0.09656658
969,0.006592691,-0.12891707,-0.12891707,0.2850711
970,0.006594297,0.10322169,-0.10922253,0.10322169
971,0.006595924,0.21385382,0.21385382,-0.15916932
972,0.006597573,0.21320345,0.21320345,-0.21592893
973,0.00659926,0.14358075,-0.11497739,0.14358075
974,0.006600913,0.04114169,0.04114169,0.23887472
975,0.006602555,-0.0632476,-0.0632476,-0.017798197
976,0.006604133,-0.13689782,-0.08224844,-0.13689782
977,0.006605674,-0.15005739,-0.15005739,-0.13807455
978,0.006607194,-0.11215989,-0.11215989,-0.08420179
979,0.006608706,-0.042858236,-0.06739173,-0.042858236
980,0.006610238,0.029777247,0.029777247,-0.07488111
981,0.006611806,0.07120036,0.07120036,-0.043388076
982,0.0066134,0.047139525,-0.061105452,0.047139525
983,0.006614948,-0.052606765,-0.052606765,0.02542872
984,0.006616479,-0.17464612,-0.17464612,-0.13699532
985,0.006618024,-0.25433907,0.0044428366,-0.25433907
986,0.006619616,-0.24974488,-0.24974488,-0.33289185
987,0.006621247,-0.20704423,-0.20704423,-0.20380041
988,0.006622825,-0.20274101,0.023209743,-0.20274101
989,0.006624412,-0.28598198,-0.28598198,-0.26500806
990,0.006626063,-0.3968129,-0.3968129,-0.3154126
991,0.006627717,-0.45431075,0.032474205,-0.45431075
992,0.00662938,-0.3976472,-0.3976472,-0.39160284
993,0.006631041,-0.27599305,-0.27599305,-0.27317184
994,0.006632677,-0.18188472,0.0051507438,-0.18188472
995,0.006634214,-0.17242493,-0.17242493,-0.25829002
996,0.006635745,-0.22292043,-0.22292043,-0.28887042
997,0.006637269,-0.27932614,-0.049316354,-0.27932614
998,0.006638785,-0.29238117,-0.29238117,-0.076780714
999,0.006640285,-0.24285328,-0.24285328,-0.026106011
1000,0.006641823,-0.12203116,-0.08257288,-0.12203116
1001,0.006643455,0.053773772,0.053773772,-0.08483435
1002,0.00664509,0.23568588,0.23568588,0.19211598
1003,0.006646675,0.35886467,-0.09347377,0.35886467
1004,0.006648249,0.37535724,0.37535724,0.25420347
1005,0.00664983,0.29885244,0.29885244,0.15887481
1006,0.006651467,0.1515928,-0.120214194,0.1515928
1007,0.006653155,-0.045327146,-0.045327146,0.110331304
1008,0.006654755,-0.22792156,-0.22792156,-0.19835082
1009,0.006656281,-0.33195966,-0.11595458,-0.33195966
1010,0.006657802,-0.3279395,-0.3279395,-0.48041835
1011,0.006659332,-0.26334846,-0.26334846,-0.4685074
1012,0.006660902,-0.20508894,-0.11039744,-0.20508894
1013,0.006662541,-0.20664272,-0.20664272,-0.09215959
1014,0.006664149,-0.220013,-0.220013,-0.22357279
1015,0.006665698,-0.18202792,-0.005209416,-0.18202792
1016,0.006667213,-0.058454096,-0.058454096,0.0013245419
1017,0.006668778,0.10179309,0.10179309,0.29195076
1018,0.006670357,0.22794881,0.024591599,0.22794881
1019,0.006671933,0.25992513,0.25992513,0.032444153
1020,0.006673467,0.23050234,0.23050234,0.04082412
1021,0.006674978,0.20258832,0.02302327,0.20258832
1022,0.006676462,0.21497767,0.21497767,0.31145656
1023,0.006677947,0.25017962,0.25017962,0.3370663
1024,0.006679429,0.27378088,-0.017373439,0.27378088
1025,0.006680897,0.26256418,0.26256418,0.24667114
1026,0.00668236,0.24462336,0.24462336,0.24397485
1027,0.006683865,0.25680724,-0.055933286,0.25680724
1028,0.006685423,0.31551766,0.31551766,0.26848495
1029,0.006686976,0.37052962,0.37052962,0.27324608
1030,0.006688498,0.35495886,-0.048857123,0.35495886
1031,0.006690032,0.2293783,0.2293783,0.24643485
1032,0.006691627,0.053670973,0.053670973,0.119153544
1033,0.006693282,-0.09231464,-0.041535642,-0.09231464
1034,0.006694916,-0.13967931,-0.13967931,-0.13425358
1035,0.006696549,-0.12547205,-0.12547205,-0.09593843
1036,0.006698197,-0.120812856,-0.047425643,-0.120812856
1037,0.006699775,-0.17381501,-0.17381501,-0.13268223
1038,0.006701311,-0.25577116,-0.25577116,-0.2195808
1039,0.006702869,-0.3080579,-0.055509597,-0.3080579
1040,0.006704456,-0.28356132,-0.28356132,-0.33997887
1041,0.006706026,-0.2182139,-0.2182139,-0.3466955
1042,0.006707582,-0.16609195,-0.05076508,-0.16609195
1043,0.006709045,-0.16742544,-0.16742544,0.05318092
1044,0.006710484,-0.20126228,-0.20126228,-0.18086167
1045,0.006711975,-0.23957679,-0.07053638,-0.23957679
1046,0.006713568,-0.25862768,-0.25862768,-0.3553233
1047,0.00671517,-0.25594446,-0.25594446,-0.27871618
1048,0.006716776,-0.23591031,-0.05751674,-0.23591031
1049,0.006718379,-0.20634295,-0.20634295,-0.199698
1050,0.006719988,-0.17858744,-0.17858744,-0.20300978
1051,0.006721593,-0.16494854,-0.059737813,-0.16494854
1052,0.006723199,-0.17548418,-0.17548418,-0.19327465
1053,0.006724819,-0.19026706,-0.19026706,-0.13185635
1054,0.006726419,-0.17930795,-0.059619397,-0.17930795
1055,0.006728025,-0.1233584,-0.1233584,-0.12244506
1056,0.006729617,-0.045864746,-0.045864746,-0.07625446
1057,0.006731146,0.01808778,-0.053925462,0.01808778
1058,0.006732677,0.04165113,0.04165113,-0.15390699
1059,0.006734228,0.027723184,0.027723184,0.0017640564
1060,0.006735806,-0.012424332,-0.028247952,-0.012424332
1061,0.006737392,-0.06424582,-0.06424582,0.12415839
1062,0.006738933,-0.09633291,-0.09633291,0.12651403
1063,0.006740449,-0.07704344,0.0070640426,-0.07704344
1064,0.006741987,0.009986993,0.009986993,-0.0011255589
1065,0.006743568,0.13487737,0.13487737,0.2100353
1066,0.006745179,0.25288245,0.03296052,0.25288245
1067,0.006746747,0.32284847,0.32284847,0.28173262
1068,0.006748327,0.33990029,0.33990029,0.32559952
1069,0.006749957,0.3117069,0.036293954,0.3117069
1070,0.006751557,0.24531518,0.24531518,0.21533176
1071,0.006753142,0.16145594,0.16145594,0.17432941
1072,0.006754703,0.089415535,0.035527416,0.089415535
1073,0.006756216,0.055401336,0.055401336,0.15161593
1074,0.006757729,0.056247517,0.056247517,0.14030312
1075,0.006759276,0.08659449,-0.017415607,0.08659449
1076,0.006760828,0.13251336,0.13251336,0.12244935
1077,0.006762411,0.15917416,0.15917416,0.16024457
1078,0.006764031,0.12855738,-0.09370365,0.12855738
1079,0.006765635,0.025100347,0.025100347,0.055730164
1080,0.006767229,-0.10583175,-0.10583175,-0.10533952
1081,0.006768839,-0.20436275,-0.117593914,-0.20436275
1082,0.006770418,-0.21974105,-0.21974105,-0.23999675
1083,0.006771997,-0.17306961,-0.17306961,-0.0876755
1084,0.006773615,-0.10468768,-0.07559699,-0.10468768
1085,0.006775223,-0.055603217,-0.055603217,-0.13249387
1086,0.006776769,-0.0411576,-0.0411576,-0.16573587
1087,0.006778316,-0.07161229,-0.039941553,-0.07161229
1088,0.006779918,-0.1457038,-0.1457038,-0.042744778
1089,0.006781513,-0.22460648,-0.22460648,-0.2092211
1090,0.006783051,-0.25950944,0.016009407,-0.25950944
1091,0.006784559,-0.21887042,-0.21887042,-0.32219037
1092,0.006786087,-0.16388069,-0.16388069,-0.26849306
1093,0.006787678,-0.16667053,-0.01642642,-0.16667053
1094,0.006789314,-0.27591357,-0.27591357,-0.1004608
1095,0.00679093,-0.41341144,-0.41341144,-0.2937756
1096,0.006792553,-0.47047034,-0.076454446,-0.47047034
1097,0.006794177,-0.39238703,-0.39238703,-0.39352363
1098,0.006795811,-0.25656757,-0.25656757,-0.31586093
1099,0.00679742,-0.17815077,-0.07970796,-0.17815077
1100,0.006798993,-0.25337413,-0.25337413,-0.21078171
1101,0.006800597,-0.39405045,-0.39405045,-0.47162393
1102,0.006802204,-0.46839148,-0.054745466,-0.46839148
1103,0.006803706,-0.38469082,-0.38469082,-0.14973655
1104,0.006805175,-0.22058305,-0.22058305,0.13727333
1105,0.006806676,-0.10045006,-0.06789504,-0.10045006
1106,0.006808229,-0.10381725,-0.10381725,-0.2740459
1107,0.00680983,-0.1754777,-0.1754777,-0.3013261
1108,0.006811439,-0.2257194,-0.08382815,-0.2257194
1109,0.006812976,-0.19297163,-0.19297163,-0.16054375
1110,0.0068145,-0.11254337,-0.11254337,-0.044634745
1111,0.006816051,-0.028959827,-0.119646624,-0.028959827
1112,0.00681759,0.020138597,0.020138597,0.045940775
1113,0.006819143,0.04198891,0.04198891,0.026491156
1114,0.006820685,0.059408758,-0.12352036,0.059408758
1115,0.006822211,0.08715329,0.08715329,0.08961382
1116,0.00682374,0.10854699,0.10854699,0.18402159
1117,0.006825275,0.098681144,-0.07561394,0.098681144
1118,0.006826818,0.0437122,0.0437122,-0.0013048346
1119,0.006828329,-0.023593282,-0.023593282,-0.071335524
1120,0.006829846,-0.0567817,-0.05420544,-0.0567817
1121,0.006831372,-0.026147548,-0.026147548,-0.14031425
1122,0.006832899,0.041936845,0.041936845,-0.0720529
1123,0.006834432,0.10757718,-0.010291427,0.10757718
1124,0.006835978,0.14025508,0.14025508,0.19229223
1125,0.006837543,0.1499603,0.1499603,0.15944567
1126,0.006839121,0.15734725,0.0009783162,0.15734725
1127,0.006840689,0.17810005,0.17810005,0.16004905
1128,0.006842279,0.21098675,0.21098675,0.2188578
1129,0.006843908,0.25065073,0.005061711,0.25065073
1130,0.006845543,0.29274663,0.29274663,0.21871212
1131,0.006847165,0.3368042,0.3368042,0.4700938
1132,0.006848751,0.38301814,-0.04587818,0.38301814
1133,0.006850306,0.42906076,0.42906076,0.47163925
1134,0.006851892,0.4660368,0.4660368,0.53134656
1135,0.006853528,0.48124138,-0.048499316,0.48124138
1136,0.006855146,0.4615029,0.4615029,0.7026033
1137,0.006856766,0.3993924,0.3993924,0.4515769
1138,0.006858451,0.29113013,-0.038350925,0.29113013
1139,0.006860145,0.14239243,0.14239243,0.19638197
1140,0.006861794,-0.01096601,-0.01096601,0.11140503
1141,0.006863416,-0.11574605,-0.017633405,-0.11574605
1142,0.006865012,-0.12552814,-0.12552814,0.118978396
1143,0.006866537,-0.062734656,-0.062734656,0.24626054
1144,0.006868053,0.0404708,-0.02930193,0.0404708
1145,0.006869573,0.14306971,0.14306971,0.07936536
1146,0.006871104,0.20591599,0.20591599,-0.0988476
1147,0.006872683,0.19866987,-0.0034349486,0.19866987
1148,0.006874323,0.109976344,0.109976344,0.2547829
1149,0.006875974,-0.000824972,-0.000824972,0.21281669
1150,0.006877613,-0.07388367,0.002897493,-0.07388367
1151,0.006879201,-0.066844724,-0.066844724,-0.07146992
1152,0.006880755,-0.008514759,-0.008514759,0.12568182
1153,0.006882284,0.053975683,-0.002409338,0.053975683
1154,0.006883796,0.076459125,0.076459125,-0.15551633
1155,0.00688531,0.055547446,0.055547446,-0.22265603
1156,0.00688677,0.0031049063,-0.02776427,0.0031049063
1157,0.006888203,-0.061256744,-0.061256744,0.07416471
1158,0.006889694,-0.099518046,-0.099518046,-0.0017090999
1159,0.006891257,-0.07232912,-0.04340228,-0.07232912
1160,0.006892824,0.036495913,0.036495913,-0.040591817
1161,0.006894365,0.16250177,0.16250177,0.04048044
1162,0.006895915,0.22025482,-0.03596197,0.22025482
1163,0.006897474,0.16549136,0.16549136,0.14694512
1164,0.006899061,0.044611774,0.044611774,0.088131964
1165,0.00690071,-0.06251935,-0.030657174,-0.06251935
1166,0.006902339,-0.0820172,-0.0820172,-0.074970335
1167,0.006903927,-0.05245752,-0.05245752,0.038644448
1168,0.006905546,-0.03713601,-0.03945501,-0.03713601
1169,0.006907159,-0.08130344,-0.08130344,-0.16684622
1170,0.00690877,-0.15686078,-0.15686078,-0.11633345
1171,0.006910353,-0.21360935,-0.035890557,-0.21360935
1172,0.006911891,-0.20790344,-0.20790344,-0.17960894
1173,0.006913414,-0.16334677,-0.16334677,-0.20551991
1174,0.006914933,-0.113742895,-0.0181045,-0.113742895
1175,0.006916466,-0.087378204,-0.087378204,0.06806989
1176,0.006918039,-0.07845968,-0.07845968,0.03486451
1177,0.006919656,-0.07329627,0.0032948642,-0.07329627
1178,0.006921323,-0.06345741,-0.06345741,-0.16431984
1179,0.006922975,-0.05799609,-0.05799609,-0.16342428
1180,0.006924582,-0.06981843,-0.010712635,-0.06981843
1181,0.006926139,-0.10782755,-0.10782755,-0.028853804
1182,0.006927709,-0.16392492,-0.16392492,-0.15647991
1183,0.006929303,-0.22364907,-0.05703217,-0.22364907
1184,0.006930865,-0.27420148,-0.27420148,-0.29579803
1185,0.006932405,-0.31633225,-0.31633225,-0.23029329
1186,0.006933947,-0.35645077,-0.078866996,-0.35645077
1187,0.006935525,-0.39767462,-0.39767462,-0.3631057
1188,0.006937091,-0.43219325,-0.43219325,-0.4486417
1189,0.006938616,-0.4470706,-0.062168334,-0.4470706
1190,0.006940104,-0.42684138,-0.42684138,-0.39423385
1191,0.006941574,-0.3490621,-0.3490621,-0.21861063
1192,0.006943052,-0.18750286,-0.02620212,-0.18750286
1193,0.006944586,0.06676987,0.06676987,-0.35325134
1194,0.006946181,0.31284678,0.31284678,-0.20335953
1195,0.006947782,0.43296307,-0.04125103,0.43296307
1196,0.006949338,0.3696194,0.3696194,0.43233573
1197,0.006950851,0.22251362,0.22251362,0.25018725
1198,0.006952378,0.119132064,-0.08391258,0.119132064
1199,0.006953943,0.15695578,0.15695578,0.32669225
1200,0.006955489,0.28915018,0.28915018,0.56888074
1201,0.006957015,0.40700555,-0.099057645,0.40700555
1202,0.006958564,0.42426544,0.42426544,0.22985585
1203,0.006960175,0.36034733,0.36034733,0.055510957
1204,0.006961812,0.24898052,-0.089145325,0.24898052
1205,0.006963401,0.11940816,0.11940816,0.25802553
1206,0.00696496,0.0021028172,0.0021028172,0.079647355
1207,0.006966496,-0.07965656,-0.090523854,-0.07965656
1208,0.006968056,-0.114457175,-0.114457175,-0.24920619
1209,0.006969627,-0.12858918,-0.12858918,-0.14529625
1210,0.006971183,-0.16279504,-0.060282733,-0.16279504
1211,0.00697275,-0.23843358,-0.23843358,-0.2502127
1212,0.006974305,-0.30380338,-0.30380338,-0.3350839
1213,0.006975852,-0.29501924,-0.052010745,-0.29501924
1214,0.006977462,-0.17367922,-0.17367922,-0.17532946
1215,0.006979079,-0.007928186,-0.007928186,-0.048382185
1216,0.006980651,0.10218707,-0.03577364,0.10218707
1217,0.006982178,0.091832444,0.091832444,-0.015502586
1218,0.006983696,0.01700378,0.01700378,-0.09499248
1219,0.006985196,-0.036390267,-0.05048982,-0.036390267
1220,0.006986679,-0.006250519,-0.006250519,0.059874434
1221,0.006988144,0.0692964,0.0692964,0.049937163
1222,0.006989605,0.120001726,-0.029707685,0.120001726
1223,0.006991089,0.10829133,0.10829133,0.25283784
1224,0.006992593,0.08715655,0.08715655,0.2563801
1225,0.006994115,0.12713502,-0.0073390733,0.12713502
1226,0.00699566,0.26697165,0.26697165,0.19924708
1227,0.006997206,0.43619046,0.43619046,0.54623914
1228,0.006998752,0.5436009,0.043209042,0.5436009
1229,0.007000269,0.52439153,0.52439153,0.48952165
1230,0.007001764,0.42171043,0.42171043,0.3057481
1231,0.007003268,0.3127484,0.04362254,0.3127484
1232,0.007004803,0.26047596,0.26047596,0.5119529
1233,0.007006403,0.25154218,0.25154218,0.3705848
1234,0.007008052,0.2506455,0.021453412,0.2506455
1235,0.007009641,0.22610666,0.22610666,0.1992033
1236,0.00701119,0.15933362,0.15933362,0.09238804
1237,0.007012771,0.032662258,-0.042798206,0.032662258
1238,0.007014438,-0.15934883,-0.15934883,-0.07492462
1239,0.007016135,-0.35821655,-0.35821655,-0.34925798
1240,0.007017853,-0.46759865,-0.041778542,-0.46759865
1241,0.007019547,-0.42125022,-0.42125022,-0.41897637
1242,0.007021219,-0.29798967,-0.29798967,-0.18135351
1243,0.007022869,-0.19041312,-0.03340827,-0.19041312
1244,0.007024497,-0.17555204,-0.17555204,-0.075022385
1245,0.007026087,-0.227772,-0.227772,-0.024150228
1246,0.007027622,-0.28110623,-0.078439415,-0.28110623
1247,0.00702915,-0.28363717,-0.28363717,-0.37122792
1248,0.007030684,-0.25723064,-0.25723064,-0.20532632
1249,0.007032253,-0.23898885,-0.06665811,-0.23898885
1250,0.007033845,-0.25214547,-0.25214547,-0.17773357
1251,0.00703545,-0.27471906,-0.27471906,-0.3309402
1252,0.007037078,-0.27725717,-0.06216987,-0.27725717
1253,0.007038729,-0.24224767,-0.24224767,0.17339063
1254,0.007040347,-0.18463871,-0.18463871,0.18547535
1255,0.007041925,-0.12714423,-0.050820507,-0.12714423
1256,0.007043525,-0.087126516,-0.087126516,-0.36864397
1257,0.007045135,-0.046364088,-0.046364088,-0.1668454
1258,0.007046698,0.024552995,-0.031118207,0.024552995
1259,0.007048231,0.1421368,0.1421368,0.13002437
1260,0.007049762,0.2591899,0.2591899,0.15961751
1261,0.007051282,0.321165,-0.021123817,0.321165
1262,0.007052816,0.29859605,0.29859605,0.44872114
1263,0.007054392,0.24058574,0.24058574,0.24809515
1264,0.007055922,0.2195234,0.045472056,0.2195234
1265,0.007057416,0.2807395,0.2807395,0.43261662
1266,0.007058918,0.40076733,0.40076733,0.6026809
1267,0.007060457,0.5393757,0.047041498,0.5393757
1268,0.007062003,0.65754837,0.65754837,0.44438466
1269,0.007063559,0.70342225,0.70342225,0.57927763
1270,0.007065142,0.6212325,0.002235028,0.6212325
1271,0.007066701,0.40330005,0.40330005,0.47174224
1272,0.007068303,0.1658197,0.1658197,0.25610444
1273,0.007069947,0.063277915,-0.023326756,0.063277915
1274,0.007071525,0.207618,0.207618,0.26174378
1275,0.007073071,0.46359983,0.46359983,0.6423777
1276,0.007074612,0.62937844,-0.022040375,0.62937844
1277,0.007076176,0.5506882,0.5506882,0.27906522
1278,0.007077808,0.30802834,0.30802834,0.021069925
1279,0.007079456,0.048274662,-0.028890405,0.048274662
1280,0.007081088,-0.09090101,-0.09090101,0.1890369
1281,0.007082714,-0.13586235,-0.13586235,0.15084486
1282,0.007084329,-0.13566713,-0.028875545,-0.13566713
1283,0.007085937,-0.12729509,-0.12729509,-0.18554625
1284,0.007087525,-0.11639507,-0.11639507,-0.21607709
1285,0.007089132,-0.101281725,-0.010146951,-0.101281725
1286,0.007090751,-0.08131764,-0.08131764,-0.1846226
1287,0.007092385,-0.05930704,-0.05930704,-0.15461472
1288,0.00709399,-0.03905572,0.0051515424,-0.03905572
1289,0.007095598,-0.023519365,-0.023519365,0.04291099
1290,0.007097202,-0.013237137,-0.013237137,0.029350478
1291,0.007098786,-0.0078702895,0.00033706427,-0.0078702895
1292,0.007100367,-0.0074040564,-0.0074040564,-0.17103703
1293,0.007101952,-0.011359977,-0.011359977,-0.07121739
1294,0.00710357,-0.01888707,-0.007481084,-0.01888707
1295,0.007105223,-0.029299645,-0.029299645,-0.051611073
1296,0.007106848,-0.041548092,-0.041548092,-0.10527178
1297,0.007108432,-0.054427713,-0.019767594,-0.054427713
1298,0.007109958,-0.06436948,-0.06436948,0.09392166
1299,0.00711146,-0.05700055,-0.05700055,0.058833476
1300,0.007112992,-0.013791895,-0.02625494,-0.013791895
1301,0.007114569,0.07394331,0.07394331,-0.019770227
1302,0.007116139,0.1615974,0.1615974,0.100029156
1303,0.007117691,0.19785997,-0.034507543,0.19785997
1304,0.007119238,0.15830788,0.15830788,0.1527417
1305,0.00712084,0.08970039,0.08970039,0.14449915
1306,0.007122443,0.049654894,-0.024156196,0.049654894
1307,0.007124041,0.08396603,0.08396603,0.0092801405
1308,0.007125634,0.1595311,0.1595311,0.12798513
1309,0.007127238,0.22162047,0.01354596,0.22162047
1310,0.007128852,0.2328335,0.2328335,0.27600405
1311,0.007130485,0.21116842,0.21116842,0.28188628
1312,0.007132145,0.19163048,0.024312068,0.19163048
1313,0.007133795,0.19971155,0.19971155,0.19640814
1314,0.007135449,0.21726531,0.21726531,0.20799634
1315,0.007137137,0.21554382,0.018466968,0.21554382
1316,0.007138791,0.17198962,0.17198962,0.09419788
1317,0.007140413,0.09206829,0.09206829,0.1186931
1318,0.007141999,-0.011357766,0.031325914,-0.011357766
1319,0.007143517,-0.120054185,-0.120054185,-0.0060469653
1320,0.007145044,-0.21295361,-0.21295361,-0.03751081
1321,0.007146589,-0.2669228,0.025153656,-0.2669228
1322,0.007148149,-0.2679601,-0.2679601,-0.37896955
1323,0.007149721,-0.25417793,-0.25417793,-0.354194
1324,0.007151294,-0.27062482,-0.025366616,-0.27062482
1325,0.007152834,-0.33952942,-0.33952942,-0.3458239
1326,0.007154303,-0.4273588,-0.4273588,-0.47800875
1327,0.007155785,-0.4852602,-0.025260955,-0.4852602
1328,0.007157358,-0.47217166,-0.47217166,-0.3978921
1329,0.007158958,-0.3913395,-0.3913395,-0.30071393
1330,0.007160593,-0.25912142,-0.008060846,-0.25912142
1331,0.007162199,-0.10351375,-0.10351375,-0.21264881
1332,0.007163815,0.020040795,0.020040795,-0.062170163
1333,0.007165418,0.06552533,0.024601277,0.06552533
1334,0.007166945,-0.006463433,-0.006463433,-0.091769926
1335,0.007168439,-0.13325444,-0.13325444,-0.23007986
1336,0.007169993,-0.21220215,0.014245263,-0.21220215
1337,0.007171584,-0.16576692,-0.16576692,-0.13941099
1338,0.007173168,-0.04771836,-0.04771836,-0.020111155
1339,0.007174756,0.056256425,-0.0003548758,0.056256425
1340,0.007176366,0.08603622,0.08603622,0.013984543
1341,0.007177974,0.072301,0.072301,0.09382142
1342,0.007179579,0.057221647,-0.013765254,0.057221647
1343,0.007181184,0.0750009,0.0750009,0.068153605
1344,0.007182774,0.108857505,0.108857505,0.14644943
1345,0.007184343,0.12874246,-0.020702887,0.12874246
1346,0.007185883,0.11352951,0.11352951,0.17759493
1347,0.007187429,0.08138995,0.08138995,0.093875125
1348,0.007189005,0.060834423,-0.021296408,0.060834423
1349,0.007190591,0.069286704,0.069286704,0.06604085
1350,0.007192199,0.08077032,0.08077032,0.1061953
1351,0.007193804,0.06008097,-0.029579181,0.06008097
1352,0.007195381,-0.012605445,-0.012605445,-0.06921754
1353,0.007196936,-0.110416204,-0.110416204,-0.162499
1354,0.007198489,-0.19472097,-0.018482292,-0.19472097
1355,0.007200055,-0.23054908,-0.23054908,-0.13850799
1356,0.00720162,-0.21858796,-0.21858796,-0.058697283
1357,0.007203181,-0.16919911,-0.013087452,-0.16919911
1358,0.007204744,-0.0985739,-0.0985739,-0.09122604
1359,0.007206255,-0.035466794,-0.035466794,-0.14137669
1360,0.007207763,-0.009916125,-0.023994863,-0.009916125
1361,0.007209271,-0.04149077,-0.04149077,-0.053311024
1362,0.007210796,-0.10275046,-0.10275046,-0.058302656
1363,0.007212299,-0.15399262,-0.039827496,-0.15399262
1364,0.007213809,-0.16676287,-0.16676287,-0.2338306
1365,0.00721535,-0.15587786,-0.15587786,-0.1913263
1366,0.007216941,-0.14516075,-0.0351485,-0.14516075
1367,0.00721851,-0.1501425,-0.1501425,-0.21497498
1368,0.007220067,-0.15812978,-0.15812978,-0.24388905
1369,0.007221554,-0.14904864,-0.025682671,-0.14904864
1370,0.007223008,-0.11006855,-0.11006855,-0.07525756
1371,0.007224515,-0.05493981,-0.05493981,0.090691395
1372,0.007226094,-0.0061923685,-0.030644258,-0.0061923685
1373,0.007227672,0.012536434,0.012536434,-0.19964679
1374,0.007229258,-0.0051214164,-0.0051214164,-0.20993105
1375,0.007230854,-0.059325986,-0.041294307,-0.059325986
1376,0.007232461,-0.14230004,-0.14230004,0.36216432
1377,0.007234078,-0.21660689,-0.21660689,0.1644497
1378,0.007235728,-0.2232795,-0.023022315,-0.2232795
1379,0.007237399,-0.12232988,-0.12232988,-0.36879683
1380,0.007239036,0.016533121,0.016533121,-0.32669154
1381,0.007240666,0.09485136,-0.022104453,0.09485136
1382,0.007242301,0.041961145,0.041961145,0.08597956
1383,0.007243949,-0.08745154,-0.08745154,-0.023786444
1384,0.00724552,-0.20528997,-0.03209027,-0.20528997
1385,0.007247043,-0.23632248,-0.23632248,-0.17255083
1386,0.00724855,-0.19755152,-0.19755152,-0.112676606
1387,0.007250069,-0.12930931,-0.03687878,-0.12930931
1388,0.007251617,-0.066474065,-0.066474065,-0.08260318
1389,0.007253218,-0.033053953,-0.033053953,-0.019501727
1390,0.007254851,-0.04885254,-0.022982862,-0.04885254
1391,0.007256443,-0.11402944,-0.11402944,-0.15933454
1392,0.007258037,-0.18236586,-0.18236586,-0.25555187
1393,0.007259642,-0.19805285,-0.048325904,-0.19805285
1394,0.007261184,-0.122943915,-0.122943915,-0.14341095
1395,0.007262693,-0.0073062056,-0.0073062056,-0.037929393
1396,0.007264186,0.061971214,-0.05315918,0.061971214
1397,0.007265667,0.024747472,0.024747472,0.04191024
1398,0.007267151,-0.05452614,-0.05452614,-0.106322095
1399,0.007268655,-0.084203444,-0.045377277,-0.084203444
1400,0.007270152,-0.0052430592,-0.0052430592,0.10911879
1401,0.007271607,0.12684064,0.12684064,0.19898987
1402,0.007273071,0.24017563,0.013961986,0.24017563
1403,0.007274585,0.28281757,0.28281757,0.10377522
1404,0.007276122,0.2671996,0.2671996,0.06638536
1405,0.007277689,0.21986103,0.024326066,0.21986103
1406,0.007279307,0.1631835,0.1631835,0.2402979
1407,0.007280899,0.0961783,0.0961783,0.10621072
1408,0.007282439,0.00823175,0.036790587,0.00823175
1409,0.007283958,-0.10417227,-0.10417227,-0.10525911
1410,0.007285486,-0.20219329,-0.20219329,-0.24236149
1411,0.007287046,-0.23501228,0.0433992,-0.23501228
1412,0.007288651,-0.1673331,-0.1673331,-0.14514782
1413,0.007290245,-0.062037583,-0.062037583,0.0294017
1414,0.007291801,-0.002950811,0.03614223,-0.002950811
1415,0.007293348,-0.041322365,-0.041322365,-0.13549913
1416,0.007294862,-0.15269206,-0.15269206,-0.3092112
1417,0.007296371,-0.29595968,0.023318246,-0.29595968
1418,0.007297907,-0.42778802,-0.42778802,-0.25769326
1419,0.007299474,-0.5047541,-0.5047541,-0.40598014
1420,0.007301105,-0.49337083,0.014614652,-0.49337083
1421,0.007302688,-0.38261208,-0.38261208,-0.41472965
1422,0.00730422,-0.23674095,-0.23674095,-0.4752323
1423,0.007305756,-0.12938724,0.016388087,-0.12938724
1424,0.007307321,-0.11005035,-0.11005035,0.014625089
1425,0.007308835,-0.1311985,-0.1311985,0.11184042
1426,0.007310355,-0.1107255,0.01702208,-0.1107255
1427,0.007311917,0.004091502,0.004091502,0.038397152
1428,0.007313457,0.13477482,0.13477482,0.15495856
1429,0.00731498,0.18747933,0.02383076,0.18747933
1430,0.007316509,0.09736905,0.09736905,-0.016496725
1431,0.007318075,-0.050293013,-0.050293013,-0.13113457
1432,0.007319638,-0.14806826,0.02089527,-0.14806826
1433,0.007321212,-0.11525653,-0.11525653,-0.10536596
1434,0.007322802,-0.00315392,-0.00315392,-0.078755505
1435,0.007324427,0.102623,0.04206852,0.102623
1436,0.007326046,0.14537244,0.14537244,0.37317696
1437,0.007327535,0.16299863,0.16299863,0.37569895
1438,0.007328981,0.21986544,0.029555352,0.21986544
1439,0.007330434,0.3564387,0.3564387,0.34118137
1440,0.007331926,0.5047689,0.5047689,0.5094149
1441,0.007333492,0.5641865,-0.00075255474,0.5641865
1442,0.007335087,0.4625213,0.4625213,0.27199885
1443,0.007336663,0.29214036,0.29214036,0.111676835
1444,0.007338239,0.14181828,0.0069054454,0.14181828
1445,0.007339781,0.06666524,0.06666524,0.06387385
1446,0.007341341,0.043610755,0.043610755,0.13376713
1447,0.007342964,0.02601226,0.021674052,0.02601226
1448,0.007344618,-0.027788695,-0.027788695,-0.05375577
1449,0.00734621,-0.10532742,-0.10532742,-0.28655142
1450,0.007347806,-0.18257952,0.036976464,-0.18257952
1451,0.007349439,-0.23561655,-0.23561655,0.03447429
1452,0.007351062,-0.24916402,-0.24916402,0.024444768
1453,0.00735267,-0.2030186,0.039713956,-0.2030186
1454,0.007354254,-0.08946607,-0.08946607,-0.18605928
1455,0.007355808,0.029763713,0.029763713,-0.09698654
1456,0.007357375,0.092863634,0.026079122,0.092863634
1457,0.007358944,0.054988556,0.054988556,-0.06338819
1458,0.007360495,-0.034107897,-0.034107897,-0.17948116
1459,0.007362045,-0.09951265,-0.019129524,-0.09951265
1460,0.00736354,-0.0916736,-0.0916736,-0.1182336
1461,0.007364999,-0.047230884,-0.047230884,0.013899174
1462,0.00736649,-0.018822078,-0.03584259,-0.018822078
1463,0.007368045,-0.045516603,-0.045516603,-0.11150512
1464,0.00736959,-0.10632598,-0.10632598,-0.1078637
1465,0.007371171,-0.16732952,-0.016010659,-0.16732952
1466,0.007372793,-0.19919623,-0.19919623,-0.2504746
1467,0.007374389,-0.19675104,-0.19675104,-0.20819142
1468,0.007375966,-0.15652066,-0.009836966,-0.15652066
1469,0.007377564,-0.079615735,-0.079615735,-0.11934395
1470,0.007379152,-0.010664305,-0.010664305,-0.19409971
1471,0.007380692,-0.002124105,-0.041881815,-0.002124105
1472,0.007382213,-0.08861324,-0.08861324,-0.03740396
1473,0.007383759,-0.19099149,-0.19099149,-0.15925193
1474,0.007385333,-0.20865986,-0.036074918,-0.20865986
1475,0.007386917,-0.078205906,-0.078205906,-0.11178464
1476,0.007388489,0.11503971,0.11503971,0.20915185
1477,0.007390106,0.24892049,-0.0110532725,0.24892049
1478,0.007391699,0.2511,0.2511,0.10259629
1479,0.00739328,0.16709445,0.16709445,0.10001924
1480,0.007394897,0.07333911,-0.015624059,0.07333911
1481,0.007396529,0.034577478,0.034577478,0.14730367
1482,0.007398176,0.03754126,0.03754126,0.06515577
1483,0.007399794,0.049017377,-0.014770553,0.049017377
1484,0.007401358,0.042713646,0.042713646,0.13552602
1485,0.007402865,0.027028142,0.027028142,0.10614848
1486,0.007404335,0.01815883,-0.016649216,0.01815883
1487,0.007405832,0.030052045,0.030052045,0.10662628
1488,0.007407386,0.0611296,0.0611296,0.15600722
1489,0.007409007,0.10432599,-0.035950895,0.10432599
1490,0.007410621,0.15125388,0.15125388,0.11583212
1491,0.007412242,0.1906822,0.1906822,0.16725422
1492,0.007413824,0.21287534,-0.018962292,0.21287534
1493,0.007415408,0.21127686,0.21127686,0.23318718
1494,0.007417009,0.18877952,0.18877952,0.21127342
1495,0.007418576,0.15187782,-2.0868145e-05,0.15187782
1496,0.007420122,0.11088009,0.11088009,0.18036447
1497,0.007421664,0.074259534,0.074259534,0.06103876
1498,0.007423225,0.051211093,-0.015606259,0.051211093
1499,0.00742483,0.045913648,0.045913648,0.21934661
1500,0.007426456,0.051928047,0.051928047,0.3775644
1501,0.007428083,0.059483387,-0.0188463,0.059483387
1502,0.007429711,0.05750796,0.05750796,-0.2586541
1503,0.00743133,0.027372947,0.027372947,-0.22432734
1504,0.007432914,-0.052992128,-0.0077178087,-0.052992128
1505,0.007434478,-0.19548309,-0.19548309,0.029405005
1506,0.007436083,-0.34889582,-0.34889582,-0.12504387
1507,0.007437727,-0.44261268,-0.0072380085,-0.44261268
1508,0.00743933,-0.42952514,-0.42952514,-0.33117124
1509,0.007440925,-0.35228965,-0.35228965,-0.19115087
1510,0.007442507,-0.27588272,-0.015906867,-0.27588272
1511,0.007444067,-0.24139117,-0.24139117,-0.29142794
1512,0.007445658,-0.22035994,-0.22035994,-0.32662076
1513,0.007447288,-0.16528478,-0.03667034,-0.16528478
1514,0.007448943,-0.049849022,-0.049849022,0.073366374
1515,0.007450569,0.07935537,0.07935537,0.005479276
1516,0.007452155,0.15799385,-0.050005056,0.15799385
1517,0.007453672,0.14721341,0.14721341,0.31217808
1518,0.007455187,0.094641194,0.094641194,0.21918881
1519,0.007456759,0.072715364,-0.05950091,0.072715364
1520,0.007458374,0.13532484,0.13532484,0.025140667
1521,0.007459977,0.22416112,0.22416112,0.072985515
1522,0.007461546,0.25880763,-0.04737106,0.25880763
1523,0.007463059,0.19614568,0.19614568,0.27803776
1524,0.007464557,0.085329406,0.085329406,0.22430739
1525,0.007466031,-0.007827605,-0.05140324,-0.007827605
1526,0.007467508,-0.023692343,-0.023692343,-0.23490047
1527,0.007469022,0.01214747,0.01214747,-0.045051675
1528,0.007470611,0.049298543,-0.07318343,0.049298543
1529,0.007472188,0.052374717,0.052374717,-0.11586171
1530,0.007473756,0.026946327,0.026946327,-0.13979983
1531,0.007475307,-0.013729933,-0.08901684,-0.013729933
1532,0.007476843,-0.05642262,-0.05642262,-0.033040483
1533,0.007478337,-0.080415815,-0.080415815,0.0572401
1534,0.007479843,-0.057669543,-0.07187736,-0.057669543
1535,0.007481391,0.026466198,0.026466198,-0.045395907
1536,0.007482965,0.12749004,0.12749004,-0.019543586
1537,0.00748456,0.1882449,-0.037594482,0.1882449
1538,0.007486084,0.17073512,0.17073512,0.3117738
1539,0.007487603,0.1010621,0.1010621,0.08674871
1540,0.007489152,0.014305918,-0.0073075835,0.014305918
1541,0.007490753,-0.058908265,-0.058908265,-0.063092425
1542,0.007492367,-0.10013473,-0.10013473,-0.0124012
1543,0.007493945,-0.094990276,0.03946287,-0.094990276
1544,0.007495496,-0.040592622,-0.040592622,-0.10223318
1545,0.007497087,0.040391132,0.040391132,0.016420875
1546,0.007498703,0.12162595,0.036528863,0.12162595
1547,0.007500287,0.1777774,0.1777774,0.01396802
1548,0.007501847,0.19719234,0.19719234,0.046893332
1549,0.007503414,0.1761778,-0.0046413736,0.1761778
1550,0.007504973,0.11910094,0.11910094,0.34891912
1551,0.007506486,0.049865082,0.049865082,0.2226873
1552,0.007508005,0.0029930999,-0.017949797,0.0029930999
1553,0.007509562,0.0015796872,0.0015796872,0.017467063
1554,0.007511102,0.01554595,0.01554595,0.09282756
1555,0.007512637,0.005137523,-0.015404854,0.005137523
1556,0.00751418,-0.055170503,-0.055170503,-0.22465368
1557,0.007515747,-0.13370442,-0.13370442,-0.2530511
1558,0.007517381,-0.19231988,-0.010802667,-0.19231988
1559,0.007519019,-0.19949538,-0.19949538,0.046950888
1560,0.007520621,-0.15989462,-0.15989462,-0.10302849
1561,0.00752219,-0.0893435,-0.022566024,-0.0893435
1562,0.00752373,-0.0026209534,-0.0026209534,-0.14139046
1563,0.007525299,0.08453727,0.08453727,0.031204646
1564,0.007526917,0.15535015,-0.048953794,0.15535015
1565,0.007528545,0.19102243,0.19102243,0.1757694
1566,0.007530116,0.1972069,0.1972069,0.13122973
1567,0.007531635,0.18569538,-0.019233592,0.18569538
1568,0.007533154,0.16620211,0.16620211,0.14349455
1569,0.007534701,0.144035,0.144035,0.04889786
1570,0.007536267,0.12444176,-0.013270605,0.12444176
1571,0.007537843,0.11443171,0.11443171,0.28927127
1572,0.007539447,0.12154496,0.12154496,0.33687654
1573,0.007541078,0.15133421,-0.020827945,0.15133421
1574,0.007542698,0.2035003,0.2035003,0.23701338
1575,0.007544329,0.24994086,0.24994086,0.32885376
1576,0.007545949,0.25166744,-0.011248913,0.25166744
1577,0.00754758,0.18247984,0.18247984,0.073770635
1578,0.007549188,0.07311051,0.07311051,-0.038079202
1579,0.00755075,-0.027092166,0.014465174,-0.027092166
1580,0.00755231,-0.0772302,-0.0772302,-0.110538796
1581,0.007553899,-0.09294337,-0.09294337,-0.14947191
1582,0.007555489,-0.1022687,0.027087588,-0.1022687
1583,0.007557082,-0.1268443,-0.1268443,-0.13209015
1584,0.007558678,-0.15984298,-0.15984298,-0.19165346
1585,0.007560258,-0.18809383,-0.0070067276,-0.18809383
1586,0.007561819,-0.20662646,-0.20662646,-0.26890448
1587,0.00756338,-0.23368461,-0.23368461,-0.25503662
1588,0.007564931,-0.29354206,-0.060514014,-0.29354206
1589,0.007566513,-0.39472416,-0.39472416,-0.3610574
1590,0.007568131,-0.47987986,-0.47987986,-0.44240117
1591,0.007569723,-0.4753623,-0.08663194,-0.4753623
1592,0.007571283,-0.34238026,-0.34238026,-0.27369148
1593,0.007572817,-0.15684476,-0.15684476,0.031533454
1594,0.00757435,-0.023473056,-0.113547355,-0.023473056
1595,0.007575927,-0.015446848,-0.015446848,-0.24013582
1596,0.007577477,-0.093920566,-0.093920566,-0.1971102
1597,0.007579003,-0.17926884,-0.10639067,-0.17926884
1598,0.00758064,-0.2101956,-0.2101956,-0.21689993
1599,0.007582333,-0.18550725,-0.18550725,-0.1815526
1600,0.007583991,-0.11550839,-0.0641537,-0.11550839
1601,0.007585618,-0.008459641,-0.008459641,0.14464703
1602,0.007587256,0.10947436,0.10947436,0.00848648
1603,0.007588869,0.21440895,0.0030561062,0.21440895
1604,0.007590438,0.28962573,0.28962573,0.34512597
1605,0.007591992,0.30376402,0.30376402,0.23216055
1606,0.007593554,0.23278375,0.025790859,0.23278375
1607,0.00759504,0.07615452,0.07615452,-0.119009085
1608,0.007596483,-0.10918896,-0.10918896,-0.10231084
1609,0.007597936,-0.2451426,0.010607509,-0.2451426
1610,0.007599474,-0.28264302,-0.28264302,-0.33405396
1611,0.007601033,-0.25452197,-0.25452197,-0.1970521
1612,0.007602606,-0.20668921,-0.009087831,-0.20668921
1613,0.007604223,-0.17714992,-0.17714992,-0.20151417
1614,0.007605849,-0.16463187,-0.16463187,-0.26721114
1615,0.007607407,-0.16157287,-0.010276394,-0.16157287
1616,0.007608899,-0.15802673,-0.15802673,-0.043619674
1617,0.00761038,-0.12845452,-0.12845452,0.06413464
1618,0.007611925,-0.041809294,0.005038218,-0.041809294
1619,0.007613458,0.1172972,0.1172972,-0.08261365
1620,0.007615004,0.27297464,0.27297464,0.100472525
1621,0.007616547,0.32720226,-0.0015290205,0.32720226
1622,0.007618071,0.23835857,0.23835857,0.1515782
1623,0.007619606,0.074074976,0.074074976,-0.028806163
1624,0.007621181,-0.0837251,0.016952407,-0.0837251
1625,0.00762276,-0.1495044,-0.1495044,-0.07632661
1626,0.007624339,-0.12269085,-0.12269085,0.008674294
1627,0.007625945,-0.020622544,0.021513294,-0.020622544
1628,0.007627564,0.12866029,0.12866029,-0.1301586
1629,0.007629156,0.27053118,0.27053118,0.030702895
1630,0.00763076,0.3387445,0.008232841,0.3387445
1631,0.007632382,0.2831605,0.2831605,0.20693474
1632,0.007634033,0.15793705,0.15793705,0.11587508
1633,0.00763566,0.041263912,0.023134677,0.041263912
1634,0.007637261,-0.0014702918,-0.0014702918,0.22280627
1635,0.007638806,0.0132901305,0.0132901305,0.10366561
1636,0.007640362,0.04867067,0.02370318,0.04867067
1637,0.007641884,0.07409747,0.07409747,0.20212705
1638,0.007643384,0.081009634,0.081009634,0.28445148
1639,0.007644905,0.0668246,0.02944713,0.0668246
1640,0.007646433,0.03423215,0.03423215,-0.14228298
1641,0.007647977,0.0015260054,0.0015260054,-0.08022303
1642,0.007649553,-0.013033759,0.023105139,-0.013033759
1643,0.007651129,0.0007204009,0.0007204009,0.11584507
1644,0.007652679,0.017484779,0.017484779,0.15721065
1645,0.007654212,0.004985786,-0.01622119,0.004985786
1646,0.007655742,-0.051330686,-0.051330686,0.10269736
1647,0.0076573,-0.088076845,-0.088076845,0.1805165
1648,0.007658897,-0.01626678,-0.04713075,-0.01626678
1649,0.007660444,0.21222098,0.21222098,-0.009245287
1650,0.007661963,0.46468672,0.46468672,0.30824366
1651,0.007663453,0.5790755,-0.033439696,0.5790755
1652,0.007664921,0.45170373,0.45170373,0.13657743
1653,0.00766641,0.17951913,0.17951913,-0.032917112
1654,0.007667946,-0.07974331,-0.0071806535,-0.07974331
1655,0.007669501,-0.18922833,-0.18922833,-0.080731116
1656,0.007671013,-0.20467366,-0.20467366,-0.18783277
1657,0.007672514,-0.21162383,-0.015130956,-0.21162383
1658,0.007674008,-0.26852793,-0.26852793,-0.35616764
1659,0.007675497,-0.35870078,-0.35870078,-0.44103444
1660,0.007676978,-0.44580632,-0.060758337,-0.44580632
1661,0.007678477,-0.5001809,-0.5001809,-0.34671673
1662,0.00768004,-0.5487925,-0.5487925,-0.36869547
1663,0.00768162,-0.6336996,-0.08119388,-0.6336996
1664,0.007683194,-0.7754539,-0.7754539,-0.7840119
1665,0.007684759,-0.91920656,-0.91920656,-0.8087575
1666,0.007686268,-0.9924341,-0.05978941,-0.9924341
1667,0.007687757,-0.9470713,-0.9470713,-1.0
1668,0.007689268,-0.82577497,-0.82577497,-0.7414071
1669,0.007690859,-0.7111046,0.006945214,-0.7111046
1670,0.007692459,-0.6687434,-0.6687434,-0.7712765
1671,0.007694021,-0.6734254,-0.6734254,-0.7966843
1672,0.007695576,-0.67898256,0.024107467,-0.67898256
1673,0.007697142,-0.6556525,-0.6556525,-0.59813446
1674,0.007698725,-0.6181798,-0.6181798,-0.4095089
1675,0.007700365,-0.593497,-0.0012578396,-0.593497
1676,0.007702041,-0.60256046,-0.60256046,-0.7100752
1677,0.007703699,-0.6131431,-0.6131431,-0.6517354
1678,0.007705332,-0.5830635,-0.01587733,-0.5830635
1679,0.007706931,-0.48551387,-0.48551387,-0.44542822
1680,0.007708521,-0.35682,-0.35682,-0.17026018
1681,0.007710114,-0.250601,-0.051894687,-0.250601
1682,0.007711727,-0.21852082,-0.21852082,-0.5526419
1683,0.007713332,-0.25116196,-0.25116196,-0.38008484
1684,0.007714901,-0.32022247,-0.111615844,-0.32022247
1685,0.007716428,-0.3942969,-0.3942969,-0.38882998
1686,0.007717909,-0.42729622,-0.42729622,-0.34092814
1687,0.007719393,-0.36829618,-0.12130658,-0.36829618
1688,0.00772087,-0.18960297,-0.18960297,-0.2796434
1689,0.007722384,0.023565304,0.023565304,0.04349508
1690,0.007723928,0.16027486,-0.0942969,0.16027486
1691,0.007725477,0.1570957,0.1570957,0.17648017
1692,0.007727045,0.07912827,0.07912827,0.04006571
1693,0.007728626,0.008225966,-0.09018126,0.008225966
1694,0.007730168,0.007612087,0.007612087,0.1948522
1695,0.007731725,0.0733953,0.0733953,0.3119622
1696,0.007733243,0.18456657,-0.04702855,0.18456657
1697,0.007734731,0.31168568,0.31168568,0.05010928
1698,0.007736221,0.41308063,0.41308063,0.09338273
1699,0.007737773,0.43984577,-0.033198133,0.43984577
1700,0.007739415,0.3646847,0.3646847,0.3824076
1701,0.007741081,0.2320968,0.2320968,0.173148
1702,0.00774275,0.10858757,0.0026128301,0.10858757
1703,0.0077444,0.038586125,0.038586125,0.061275866
1704,0.007746056,0.015754594,0.015754594,-0.003731803
1705,0.007747727,0.025511611,-0.01661743,0.025511611
1706,0.007749342,0.056242593,0.056242593,0.16693065
1707,0.0077509,0.10011302,0.10011302,0.31072378
1708,0.007752414,0.15014565,-0.05681592,0.15014565
1709,0.007753942,0.19518213,0.19518213,0.11269521
1710,0.007755472,0.2103044,0.2103044,0.17308743
1711,0.007757048,0.16503683,-0.006367212,0.16503683
1712,0.00775869,0.049016017,0.049016017,0.026931772
1713,0.007760304,-0.090893745,-0.090893745,-0.1810313
1714,0.00776187,-0.20472543,0.0057976525,-0.20472543
1715,0.007763467,-0.2580059,-0.2580059,-0.16275868
1716,0.00776513,-0.24204208,-0.24204208,-0.12821466
1717,0.007766778,-0.15375414,0.017956339,-0.15375414
1718,0.007768406,0.00021425067,0.00021425067,-0.018377606
1719,0.007770013,0.14100741,0.14100741,0.048352323
1720,0.007771635,0.18650198,-0.0033230744,0.18650198
1721,0.007773188,0.09313092,0.09313092,-0.025720749
1722,0.00777474,-0.05829336,-0.05829336,-0.2419228
1723,0.007776368,-0.12873982,-0.020829244,-0.12873982
1724,0.007777984,-0.030713294,-0.030713294,0.20641342
1725,0.007779529,0.15070793,0.15070793,0.30462015
1726,0.007781016,0.29802936,-0.04159134,0.29802936
1727,0.007782496,0.3200193,0.3200193,0.15266597
1728,0.007783994,0.25195822,0.25195822,0.05207002
1729,0.007785518,0.1429672,-0.03449445,0.1429672
1730,0.007787093,0.049004424,0.049004424,0.061602198
1731,0.007788687,-0.009642113,-0.009642113,-0.039227836
1732,0.007790344,-0.028320659,-0.042004272,-0.028320659
1733,0.007791964,-0.009807146,-0.009807146,0.009877451
1734,0.007793544,0.013369613,0.013369613,-0.054613598
1735,0.007795107,-0.0018024554,-0.021417487,-0.0018024554
1736,0.007796667,-0.084313296,-0.084313296,0.05157405
1737,0.007798229,-0.17879224,-0.17879224,-0.024257902
1738,0.007799796,-0.20243672,-0.010991305,-0.20243672
1739,0.007801396,-0.09850638,-0.09850638,-0.089797065
1740,0.007803028,0.05119975,0.05119975,0.12079429
1741,0.007804609,0.14641887,0.02598247,0.14641887
1742,0.007806173,0.11906535,0.11906535,-0.009877847
1743,0.007807747,0.011153597,0.011153597,-0.18500538
1744,0.007809343,-0.107683875,-0.015069693,-0.107683875
1745,0.007810927,-0.1785765,-0.1785765,-0.089775585
1746,0.007812437,-0.1829343,-0.1829343,-0.14050812
1747,0.007813938,-0.11834926,0.004228485,-0.11834926
1748,0.007815441,0.007451727,0.007451727,-0.07193036
1749,0.007816974,0.15915747,0.15915747,0.16562422
1750,0.007818548,0.2922234,0.013757185,0.2922234
1751,0.007820172,0.36394376,0.36394376,0.2585785
1752,0.007821742,0.36485496,0.36485496,0.12766156
1753,0.007823273,0.29567122,0.037855417,0.29567122
1754,0.007824844,0.16593185,0.16593185,0.57130635
1755,0.007826454,0.040586665,0.040586665,0.36265397
1756,0.007828102,0.0089226905,0.015380716,0.0089226905
1757,0.007829771,0.13969082,0.13969082,0.2485443
1758,0.00783147,0.34434652,0.34434652,0.5494848
1759,0.007833117,0.51153755,-0.029406354,0.51153755
1760,0.007834724,0.5651123,0.5651123,0.32255596
1761,0.007836328,0.5032474,0.5032474,0.3004384
1762,0.007837937,0.3502454,-0.076291986,0.3502454
1763,0.007839568,0.14314575,0.14314575,0.2790476
1764,0.007841203,-0.05499925,-0.05499925,0.057091117
1765,0.007842829,-0.16506669,-0.093427315,-0.16506669
1766,0.007844412,-0.15396656,-0.15396656,-0.21664603
1767,0.007845988,-0.08656503,-0.08656503,-0.15192668
1768,0.007847578,-0.048055027,-0.08546953,-0.048055027
1769,0.007849162,-0.09937585,-0.09937585,-0.07232113
1770,0.007850744,-0.19433565,-0.19433565,-0.12746616
1771,0.007852329,-0.25754648,-0.08603801,-0.25754648
1772,0.00785393,-0.23998946,-0.23998946,-0.40751046
1773,0.007855563,-0.18316548,-0.18316548,-0.39020938
1774,0.007857159,-0.14660019,-0.09386596,-0.14660019
1775,0.007858676,-0.17179693,-0.17179693,0.07930037
1776,0.007860151,-0.22090288,-0.22090288,-0.049325377
1777,0.007861637,-0.23690996,-0.08356991,-0.23690996
1778,0.007863197,-0.18159148,-0.18159148,-0.33588693
1779,0.007864864,-0.09676367,-0.09676367,-0.25314364
1780,0.007866509,-0.05115531,-0.012551555,-0.05115531
1781,0.00786811,-0.081901945,-0.081901945,-0.047236856
1782,0.007869672,-0.145192,-0.145192,-0.24313807
1783,0.007871205,-0.18861899,0.008216396,-0.18861899
1784,0.007872725,-0.17019406,-0.17019406,-0.046006713
1785,0.007874252,-0.10181165,-0.10181165,0.098466896
1786,0.007875835,-0.027566379,0.011694277,-0.027566379
1787,0.007877424,0.015185461,0.015185461,-0.20307615
1788,0.007878975,0.014539039,0.014539039,-0.08516399
1789,0.007880499,-0.035511237,-0.013866685,-0.035511237
1790,0.007882028,-0.13255829,-0.13255829,-0.112873234
1791,0.007883603,-0.23895468,-0.23895468,-0.2856341
1792,0.007885228,-0.30718023,-0.016414655,-0.30718023
1793,0.007886851,-0.2921414,-0.2921414,-0.18201305
1794,0.007888483,-0.20712292,-0.20712292,-0.059557308
1795,0.007890114,-0.077644326,-0.007994365,-0.077644326
1796,0.007891734,0.075383544,0.075383544,0.00515322
1797,0.007893317,0.22808161,0.22808161,0.17062053
1798,0.007894846,0.34727508,0.015439499,0.34727508
1799,0.007896353,0.40203866,0.40203866,0.33031356
1800,0.007897835,0.40201586,0.40201586,0.23905647
1801,0.007899251,0.3654607,0.0069046705,0.3654607
1802,0.007900657,0.31053343,0.31053343,0.49594223
1803,0.007902072,0.25211835,0.25211835,0.3536475
1804,0.007903539,0.20253077,-0.008384834,0.20253077
1805,0.007905036,0.16914442,0.16914442,0.24577586
1806,0.007906543,0.15320608,0.15320608,0.32335818
1807,0.007908056,0.15383416,0.01163399,0.15383416
1808,0.007909599,0.16634677,0.16634677,0.039683476
1809,0.007911174,0.17267014,0.17267014,0.0535918
1810,0.007912701,0.14906558,0.018264193,0.14906558
1811,0.007914221,0.07520735,0.07520735,0.053021476
1812,0.007915784,-0.040355973,-0.040355973,0.010386637
1813,0.007917352,-0.18113595,0.0026062494,-0.18113595
