,time,spline,prediction,target
0,0.002210057,349.08252,189.98456,349.08252
1,0.002211659,367.04645,367.04645,456.91458
2,0.002213252,477.13443,477.13443,479.3599
3,0.002214841,699.145,377.2253,699.145
4,0.002216448,1015.3514,1015.3514,849.3013
5,0.002218062,1229.387,1229.387,932.69586
6,0.002219656,1103.4731,864.26733,1103.4731
7,0.002221222,537.8013,537.8013,1226.6333
8,0.002222794,-137.05415,-137.05415,606.4849
9,0.002224331,-472.24948,-147.28104,-472.24948
10,0.002225855,-199.32065,-199.32065,-757.8471
11,0.002227403,465.60315,465.60315,-85.20651
12,0.00222895,1157.2231,929.6225,1157.2231
13,0.002230496,1567.5605,1567.5605,1870.1919
14,0.002232099,1610.2666,1610.2666,1152.188
15,0.002233776,1208.1567,1103.4332,1208.1567
16,0.002235436,409.09897,409.09897,-45.71433
17,0.002237094,-420.8293,-420.8293,-797.26117
18,0.002238718,-836.05414,-50.954987,-836.05414
19,0.002240281,-594.9217,-594.9217,-218.11276
20,0.002241803,13.930685,13.930685,49.60598
21,0.00224333,650.28564,634.32214,650.28564
22,0.002244893,1034.834,1034.834,935.6021
23,0.002246442,1108.8103,1108.8103,1075.0708
24,0.002247929,911.8013,1054.3344,911.8013
25,0.00224939,508.67615,508.67615,280.71927
26,0.002250885,45.444046,45.444046,-227.79245
27,0.002252457,-281.40182,363.73334,-281.40182
28,0.002254101,-278.36658,-278.36658,-92.24948
29,0.002255695,-54.36747,-54.36747,125.64114
30,0.002257252,200.02785,136.29477,200.02785
31,0.002258785,357.35336,357.35336,444.4185
32,0.002260295,445.65826,445.65826,279.52396
33,0.002261837,529.6411,246.25294,529.6411
34,0.002263393,647.5334,647.5334,658.4537
35,0.00226496,741.97174,741.97174,396.98877
36,0.002266521,729.3833,739.8755,729.3833
37,0.002268074,551.727,551.727,511.13333
38,0.002269638,236.21367,236.21367,70.10208
39,0.002271202,-163.78854,-224.0934,-163.78854
40,0.002272763,-580.0478,-580.0478,-380.36667
41,0.002274323,-887.2657,-887.2657,-833.1713
42,0.002275877,-945.8549,-782.28094,-945.8549
43,0.002277408,-696.8228,-696.8228,-814.63617
44,0.002278937,-360.34427,-360.34427,-588.63226
45,0.0022805,-223.18307,-639.66345,-223.18307
46,0.002282093,-492.34985,-492.34985,-109.253395
47,0.002283682,-896.7128,-896.7128,-622.1909
48,0.00228528,-1043.1011,-609.5433,-1043.1011
49,0.002286932,-635.92725,-635.92725,-959.06195
50,0.0022886,86.49543,86.49543,-437.6284
51,0.002290256,711.2935,561.29474,711.2935
52,0.002291883,938.57544,938.57544,1029.6841
53,0.002293498,858.9977,858.9977,1077.1255
54,0.002295121,638.47314,692.20245,638.47314
55,0.002296736,419.10266,419.10266,135.063
56,0.002298372,238.82687,238.82687,40.60989
57,0.002300001,117.88722,-234.11166,117.88722
58,0.002301629,61.816967,61.816967,288.3052
59,0.002303256,36.109352,36.109352,134.77786
60,0.002304883,-3.8354235,-385.81116,-3.8354235
61,0.002306491,-79.68599,-79.68599,-220.17526
62,0.002308114,-128.73027,-128.73027,-23.046362
63,0.002309769,-60.714333,345.95273,-60.714333
64,0.002311398,176.77098,176.77098,152.81691
65,0.002313017,496.56058,496.56058,134.34035
66,0.00231466,785.5552,712.2642,785.5552
67,0.002316297,931.95886,931.95886,1152.3677
68,0.00231792,893.7348,893.7348,1356.5161
69,0.002319533,646.774,434.18643,646.774
70,0.002321151,193.76741,193.76741,-42.882298
71,0.00232273,-320.5259,-320.5259,-539.53076
72,0.002324269,-743.72217,-496.36026,-743.72217
73,0.002325794,-973.75934,-973.75934,-1080.687
74,0.002327346,-1010.5553,-1010.5553,-1155.0658
75,0.002328921,-869.36664,-726.09174,-869.36664
76,0.002330539,-570.9106,-570.9106,-549.7807
77,0.002332148,-182.39447,-182.39447,-355.74557
78,0.002333722,219.34036,111.07166,219.34036
79,0.00233528,563.8664,563.8664,634.15674
80,0.002336827,742.0716,742.0716,829.5161
81,0.002338406,630.47314,349.04965,630.47314
82,0.002339954,177.66583,177.66583,175.82083
83,0.002341537,-413.9525,-413.9525,-331.05807
84,0.002343172,-845.44086,-194.43187,-845.44086
85,0.002344802,-849.5056,-849.5056,-629.37445
86,0.002346469,-493.29016,-493.29016,-443.1323
87,0.002348142,63.043484,-498.93518,63.043484
88,0.002349782,634.2098,634.2098,231.84425
89,0.002351341,1034.7421,1034.7421,626.85205
90,0.002352839,1138.1528,550.73676,1138.1528
91,0.00235434,885.2499,885.2499,1234.7583
92,0.002355859,447.41513,447.41513,830.9614
93,0.002357352,79.891136,714.94086,79.891136
94,0.002358869,-36.409996,-36.409996,-203.3237
95,0.002360446,101.867744,101.867744,0.055201225
96,0.00236203,433.69974,514.2057,433.69974
97,0.002363575,857.7441,857.7441,1101.6411
98,0.002365137,1239.6177,1239.6177,1217.3013
99,0.002366717,1410.9692,1574.8765,1410.9692
100,0.002368316,1253.6083,1253.6083,1097.1528
101,0.002369992,880.4984,880.4984,821.82086
102,0.002371682,516.03564,1541.1454,516.03564
103,0.002373328,353.2001,353.2001,154.00833
104,0.002374945,390.0928,390.0928,130.22316
105,0.002376548,591.188,590.85406,591.188
106,0.002378206,921.7475,921.7475,948.9184
107,0.00237989,1249.7615,1249.7615,1181.2036
108,0.002381539,1410.5708,948.5684,1410.5708
109,0.002383149,1322.4938,1322.4938,1464.7896
110,0.002384732,1118.4733,1118.4733,1155.5317
111,0.002386315,966.01996,1273.7782,966.01996
112,0.00238791,978.07837,978.07837,1234.4692
113,0.002389523,1048.2491,1048.2491,1122.5005
114,0.002391171,1004.0279,1001.7438,1004.0279
115,0.002392832,726.5357,726.5357,268.4224
116,0.002394452,378.82693,378.82693,112.6802
117,0.002395985,168.9888,428.9663,168.9888
118,0.002397483,197.47865,197.47865,355.65286
119,0.002398995,372.37155,372.37155,592.5005
120,0.002400548,557.0864,634.6653,557.0864
121,0.00240213,653.3214,653.3214,605.18805
122,0.002403712,793.4574,793.4574,947.1645
123,0.00240529,1171.8833,1195.2179,1171.8833
124,0.002406867,1878.5703,1878.5703,1834.4106
125,0.002408442,2587.4692,2587.4692,2595.7778
126,0.002410034,2870.7505,2442.5024,2870.7505
127,0.002411665,2395.3657,2395.3657,1802.5825
128,0.002413304,1398.3118,1398.3118,1201.02
129,0.002414961,277.64505,1417.0024,277.64505
130,0.00241663,-592.2144,-592.2144,-1176.4604
131,0.002418245,-1030.7429,-1030.7429,-1438.5814
132,0.002419793,-983.44086,-508.76898,-983.44086
133,0.002421326,-472.7147,-472.7147,-18.1323
134,0.002422876,210.3971,210.3971,437.21533
135,0.002424413,675.2232,453.96487,675.2232
136,0.002425917,673.6748,673.6748,341.07474
137,0.00242746,413.4983,413.4983,294.02393
138,0.00242901,225.28175,415.09845,225.28175
139,0.002430517,343.88107,343.88107,255.41066
140,0.00243201,610.06757,610.06757,674.0044
141,0.002433532,789.65283,869.54047,789.65283
142,0.002435089,696.87537,696.87537,993.0552
143,0.002436639,446.47098,446.47098,705.4888
144,0.002438236,229.10207,623.57587,229.10207
145,0.002439846,207.52611,207.52611,330.03564
146,0.002441465,313.6743,313.6743,221.15285
147,0.002443075,417.03174,569.7063,417.03174
148,0.002444679,423.57663,423.57663,328.33255
149,0.00244627,376.13208,376.13208,431.28958
150,0.002447869,349.18408,551.14557,349.18408
151,0.002449451,380.4424,380.4424,108.63723
152,0.00245098,364.79938,364.79938,532.5864
153,0.002452439,187.4302,288.15738,187.4302
154,0.002453899,-205.34174,-205.34174,-202.03073
155,0.002455331,-628.7091,-628.7091,-932.9487
156,0.002456772,-866.4214,-345.21973,-866.4214
157,0.002458237,-761.8372,-761.8372,-909.6713
158,0.002459774,-458.58493,-458.58493,-733.6479
159,0.00246139,-231.53853,-132.43259,-231.53853
160,0.002462985,-316.8813,-316.8813,-25.765112
161,0.002464575,-533.12634,-533.12634,43.73489
162,0.002466128,-609.3471,-520.6863,-609.3471
163,0.002467627,-388.02847,-388.02847,-198.64792
164,0.002469114,-8.768909,-8.768909,-323.80026
165,0.002470649,340.24658,-159.10326,340.24658
166,0.0024722,478.36612,478.36612,486.78564
167,0.00247374,417.8528,417.8528,365.2935
168,0.002475278,222.8091,295.41046,222.8091
169,0.002476825,-43.253544,-43.253544,-9.382298
170,0.002478408,-304.80838,-304.80838,-274.42526
171,0.002479996,-467.2026,64.59667,-467.2026
172,0.002481581,-482.16116,-482.16116,-564.6089
173,0.002483125,-471.9299,-471.9299,-591.5346
174,0.002484629,-585.18304,-288.1159,-585.18304
175,0.002486142,-903.3085,-903.3085,-842.5424
176,0.002487692,-1265.1035,-1265.1035,-1307.9565
177,0.002489219,-1417.7573,-1053.0254,-1417.7573
178,0.00249077,-1200.5334,-1200.5334,-1450.48
179,0.002492381,-741.5703,-741.5703,-656.09326
180,0.002494005,-297.78464,-782.674,-297.78464
181,0.002495614,-78.85286,-78.85286,-161.2026
182,0.002497209,-47.73011,-47.73011,2.4419198
183,0.002498816,-114.21823,-28.292225,-114.21823
184,0.002500394,-201.57901,-201.57901,-322.08932
185,0.002501934,-289.20038,-289.20038,-449.0815
186,0.00250348,-373.97995,-82.36223,-373.97995
187,0.002505027,-448.54263,-448.54263,-210.70651
188,0.002506572,-499.42648,-499.42648,-278.22604
189,0.002508128,-511.78073,-142.2907,-511.78073
190,0.002509703,-472.97406,-472.97406,-649.12054
191,0.002511262,-387.58566,-387.58566,-759.8589
192,0.002512812,-263.90964,-268.17682,-263.90964
193,0.002514413,-115.190186,-115.190186,47.06692
194,0.002515986,-12.472051,-12.472051,190.78566
195,0.00251752,-25.073704,82.07358,-25.073704
196,0.002519055,-188.65619,-188.65619,-216.78073
197,0.002520608,-424.85712,-424.85712,-525.6557
198,0.002522213,-621.8784,-583.8287,-621.8784
199,0.002523849,-678.0621,-678.0621,-603.3276
200,0.002525471,-628.8007,-628.8007,-350.21042
201,0.002527096,-547.394,-392.24603,-547.394
202,0.002528713,-475.5116,-475.5116,-470.7651
203,0.002530307,-332.39697,-332.39697,-383.15182
204,0.002531838,-24.96433,-316.4355,-24.96433
205,0.002533329,479.7158,479.7158,503.09036
206,0.002534857,1046.0131,1046.0131,1114.2661
207,0.00253642,1451.3716,1197.5399,1451.3716
208,0.002537953,1504.7328,1504.7328,1190.5942
209,0.002539492,1244.8098,1244.8098,1517.7466
210,0.002541012,758.8872,764.5537,758.8872
211,0.002542552,127.53213,127.53213,50.492702
212,0.002544153,-520.6226,-520.6226,-347.62057
213,0.002545773,-987.7025,-0.7266328,-987.7025
214,0.002547387,-1125.3645,-1125.3645,-637.51117
215,0.002548973,-978.6311,-978.6311,-723.3901
216,0.002550494,-648.2417,-459.5225,-648.2417
217,0.002551998,-239.27495,-239.27495,-203.2651
218,0.002553533,27.652895,27.652895,-311.5698
219,0.002555101,-139.16745,-7.087291,-139.16745
220,0.002556715,-930.2374,-930.2374,-1023.1792
221,0.002558404,-1958.2195,-1958.2195,-2427.5112
222,0.002560073,-2532.8547,-1802.899,-2532.8547
223,0.002561746,-2229.836,-2229.836,-2189.89
224,0.002563438,-1437.2224,-1437.2224,-1454.3159
225,0.002565124,-784.62054,-1116.0972,-784.62054
226,0.002566756,-721.23535,-721.23535,-236.11668
227,0.002568312,-1017.1572,-1017.1572,-587.9018
228,0.002569823,-1357.2808,-845.716,-1357.2808
229,0.002571347,-1533.1426,-1533.1426,-1712.765
230,0.002572896,-1533.9911,-1533.9911,-1414.7769
231,0.002574436,-1405.4487,-1081.1646,-1405.4487
232,0.002575932,-1206.5032,-1206.5032,-1118.8472
233,0.002577378,-1003.4667,-1003.4667,-815.5854
234,0.002578867,-846.47217,-374.28265,-846.47217
235,0.00258045,-777.53107,-777.53107,-945.42914
236,0.002582042,-728.1396,-728.1396,-692.5307
237,0.002583629,-585.74945,-263.20435,-585.74945
238,0.00258526,-276.03882,-276.03882,-388.65182
239,0.002586881,57.94214,57.94214,-159.92526
240,0.002588473,229.03175,-162.49565,229.03175
241,0.002590041,126.290794,126.290794,-126.753395
242,0.002591607,-140.646,-140.646,-277.80417
243,0.002593151,-409.11276,-396.08047,-409.11276
244,0.002594677,-560.2324,-560.2324,-245.01512
245,0.002596222,-604.7411,-604.7411,-642.3628
246,0.002597784,-579.1245,-477.46103,-579.1245
247,0.002599365,-515.18445,-515.18445,-370.48776
248,0.002600919,-419.78534,-419.78534,-227.52292
249,0.00260244,-292.80026,-287.2432,-292.80026
250,0.002604001,-145.82547,-145.82547,-33.136204
251,0.002605604,-81.48709,-81.48709,31.793484
252,0.002607223,-236.29634,-276.22797,-236.29634
253,0.002608783,-654.38763,-654.38763,-945.67914
254,0.002610324,-1129.4623,-1129.4623,-1322.0425
255,0.002611884,-1409.5425,-645.98865,-1409.5425
256,0.002613442,-1300.6595,-1300.6595,-1395.6713
257,0.002614961,-937.83923,-937.83923,-1127.3433
258,0.00261648,-509.7495,131.44693,-509.7495
259,0.002618037,-169.87189,-169.87189,-209.67136
260,0.002619603,13.5677395,13.5677395,-104.284645
261,0.002621175,7.7036386,-46.94614,7.7036386
262,0.002622774,-194.38614,-194.38614,-227.37448
263,0.002624376,-474.21594,-474.21594,-614.644
264,0.002625984,-679.9917,-759.9242,-679.9917
265,0.002627616,-691.56946,-691.56946,-522.6636
266,0.002629254,-530.61237,-530.61237,-176.03073
267,0.002630908,-258.39792,-282.72064,-258.39792
268,0.002632552,43.014717,43.014717,160.19193
269,0.00263417,244.19073,244.19073,453.63333
270,0.002635753,218.73097,176.47491,218.73097
271,0.002637273,-74.096245,-74.096245,-260.97995
272,0.002638794,-457.60034,-457.60034,-700.08545
273,0.002640327,-702.0932,-806.2466,-702.0932
274,0.002641879,-645.0098,-645.0098,-315.64792
275,0.002643432,-443.33133,-443.33133,-331.54245
276,0.002644921,-339.3862,-668.8271,-339.3862
277,0.002646418,-482.84152,-482.84152,-1087.0269
278,0.002647956,-802.64233,-802.64233,-1103.5345
279,0.002649585,-1162.8588,-738.2114,-1162.8588
280,0.002651251,-1387.1913,-1387.1913,-860.769
281,0.002652911,-1370.1001,-1370.1001,-989.67914
282,0.002654547,-1042.9604,-705.25305,-1042.9604
283,0.002656167,-419.88922,-419.88922,-607.2573
284,0.002657776,182.44005,182.44005,-128.89401
285,0.002659353,385.32083,410.45233,385.32083
286,0.002660923,-24.777964,-24.777964,374.8091
287,0.00266253,-768.1548,-768.1548,-367.78854
288,0.002664151,-1389.4917,-656.4003,-1389.4917
289,0.002665785,-1539.9039,-1539.9039,-1684.7183
290,0.002667387,-1381.4113,-1381.4113,-1770.0267
291,0.002668947,-1200.3237,-1105.4567,-1200.3237
292,0.002670514,-1181.7081,-1181.7081,-1406.3823
293,0.002672076,-1238.8918,-1238.8918,-798.1635
294,0.002673588,-1219.9722,-989.9442,-1219.9722
295,0.002675093,-1030.3394,-1030.3394,-917.855
296,0.002676616,-741.81134,-741.81134,-561.08545
297,0.002678199,-469.58545,-221.0028,-469.58545
298,0.00267986,-322.54294,-322.54294,-310.3823
299,0.002681509,-275.6135,-275.6135,-193.0151
300,0.002683105,-250.0112,-538.0291,-250.0112
301,0.002684679,-197.23012,-197.23012,-258.93307
302,0.002686219,-166.38174,-166.38174,64.734886
303,0.002687762,-225.28073,-276.73358,-225.28073
304,0.002689269,-417.36533,-417.36533,-253.64403
305,0.002690773,-715.692,-715.692,-711.3549
306,0.002692312,-1085.1011,-614.3472,-1085.1011
307,0.002693889,-1471.366,-1471.366,-1463.6753
308,0.002695464,-1762.6833,-1762.6833,-1510.0737
309,0.002697002,-1847.7767,-1424.6782,-1847.7767
310,0.002698519,-1676.7615,-1676.7615,-1656.6519
311,0.00270006,-1353.5542,-1353.5542,-1246.5034
312,0.002701649,-1025.933,-742.84503,-1025.933
313,0.002703237,-843.46173,-843.46173,-941.2768
314,0.002704773,-828.1114,-828.1114,-929.67523
315,0.002706333,-970.2924,-758.53345,-970.2924
316,0.002707891,-1231.043,-1231.043,-1290.0894
317,0.002709439,-1427.8319,-1427.8319,-1416.7222
318,0.002710944,-1356.5308,-812.78546,-1356.5308
319,0.002712423,-924.0228,-924.0228,-760.15967
320,0.00271388,-361.5627,-361.5627,-141.95651
321,0.002715327,43.297386,-480.5127,43.297386
322,0.002716798,81.71566,81.71566,135.57864
323,0.002718313,-177.37389,-177.37389,-101.49558
324,0.002719846,-565.45264,-731.80334,-565.45264
325,0.00272144,-918.0623,-918.0623,-916.14404
326,0.002722997,-1084.3263,-1084.3263,-1215.2144
327,0.002724509,-969.4175,-953.1164,-969.4175
328,0.002725968,-557.8987,-557.8987,-244.22212
329,0.002727429,-34.212677,-34.212677,-167.72604
330,0.002728924,366.72318,706.6294,366.72318
331,0.002730407,444.561,444.561,805.274
332,0.002731917,281.5249,281.5249,707.1372
333,0.002733429,30.039576,195.07986,30.039576
334,0.002734958,-178.96977,-178.96977,41.117702
335,0.002736493,-310.06644,-310.06644,-126.44479
336,0.002738068,-355.019,-268.34537,-355.019
337,0.002739622,-310.62766,-310.62766,-325.97214
338,0.002741178,-209.00832,-209.00832,-313.67526
339,0.002742718,-90.27293,-243.87129,-90.27293
340,0.002744261,0.6421826,0.6421826,11.203638
341,0.002745862,-19.175762,-19.175762,-68.776825
342,0.002747492,-258.05807,-380.24216,-258.05807
343,0.002749117,-752.99164,-752.99164,-456.67526
344,0.002750677,-1266.1501,-1266.1501,-980.7299
345,0.002752215,-1560.2533,-1211.3961,-1560.2533
346,0.002753759,-1482.0276,-1482.0276,-1755.5933
347,0.002755326,-1190.3934,-1190.3934,-1282.8745
348,0.002756922,-939.3511,-1280.773,-939.3511
349,0.002758482,-922.09125,-922.09125,-687.3549
350,0.002760051,-1002.4711,-1002.4711,-760.56195
351,0.002761631,-970.4565,-478.0396,-970.4565
352,0.002763245,-675.13165,-675.13165,-554.03467
353,0.002764832,-276.34442,-276.34442,-131.7612
354,0.002766391,5.9692636,-17.466188,5.9692636
355,0.002767958,31.63847,31.63847,-55.22214
356,0.002769508,-96.68953,-96.68953,-291.9565
357,0.002771087,-217.96432,-111.48136,-217.96432
358,0.002772682,-204.31085,-204.31085,-274.23776
359,0.002774281,-105.57218,-105.57218,-89.45651
360,0.002775917,-18.241673,182.93248,-18.241673
361,0.002777532,-24.27237,-24.27237,-66.76901
362,0.002779127,-107.624435,-107.624435,-292.42526
363,0.002780722,-233.05809,28.366625,-233.05809
364,0.002782339,-365.35962,-365.35962,-340.1362
365,0.002783993,-456.8163,-456.8163,-588.6206
366,0.002785694,-449.08542,-36.525753,-449.08542
367,0.002787359,-309.65826,-309.65826,-200.39401
368,0.00278892,-114.59354,-114.59354,7.7583256
369,0.002790451,68.38332,-13.57061,68.38332
370,0.00279195,183.74554,183.74554,208.78957
371,0.002793444,213.64514,213.64514,294.17236
372,0.002794993,140.02005,424.46298,140.02005
373,0.002796533,-30.663727,-30.663727,87.47317
374,0.00279805,-195.35913,-195.35913,-197.00339
375,0.002799559,-237.22997,-260.6092,-237.22997
376,0.002801082,-85.76581,-85.76581,250.16066
377,0.002802565,130.13345,130.13345,249.24661
378,0.002804017,251.07474,81.28749,251.07474
379,0.002805473,177.02194,177.02194,98.94192
380,0.002807037,-23.95576,-23.95576,-83.93699
381,0.002808717,-199.68307,168.64226,-199.68307
382,0.002810419,-200.59962,-200.59962,-361.71042
383,0.002812107,-144.06119,-144.06119,-262.1284
384,0.002813794,-211.96042,-33.78984,-211.96042
385,0.002815469,-501.84534,-501.84534,-771.6088
386,0.002817128,-792.78625,-792.78625,-1043.4408
387,0.002818765,-800.05804,-497.27927,-800.05804
388,0.002820373,-373.024,-373.024,-639.7768
389,0.002821903,187.477,187.477,-83.370575
390,0.002823408,564.2349,-59.51325,564.2349
391,0.002824907,543.5317,543.5317,779.7114
392,0.002826448,238.2527,238.2527,369.53177
393,0.002828062,-148.06198,35.393635,-148.06198
394,0.002829697,-386.7097,-386.7097,-213.20262
395,0.00283135,-392.40344,-392.40344,-146.24948
396,0.00283298,-124.93308,-252.53856,-124.93308
397,0.002834539,367.273,367.273,300.62158
398,0.002836069,843.5589,843.5589,1077.2075
399,0.00283764,1031.8872,472.00336,1031.8872
400,0.002839269,704.6945,704.6945,698.6372
401,0.002840903,101.625786,101.625786,26.707546
402,0.002842578,-407.17917,-268.35715,-407.17917
403,0.002844282,-504.01007,-504.01007,-424.8784
404,0.002845978,-298.55502,-298.55502,-224.40964
405,0.002847686,-16.280737,400.585,-16.280737
406,0.002849369,150.62341,150.62341,-107.464325
407,0.002850997,179.96973,179.96973,90.48879
408,0.002852545,96.66848,686.6734,96.66848
409,0.002854059,-62.0747,-62.0747,-228.5698
410,0.002855588,-193.92848,-193.92848,-109.99167
411,0.002857154,-167.45651,54.90672,-167.45651
412,0.002858735,111.28265,111.28265,-89.31589
413,0.002860367,541.2097,541.2097,172.33644
414,0.002862051,943.91846,441.14542,943.91846
415,0.002863642,1136.9897,1136.9897,847.16064
416,0.002865151,1133.8374,1133.8374,764.3716
417,0.002866611,969.4615,700.7119,969.4615
418,0.002868097,670.75116,670.75116,732.16846
419,0.002869614,346.51773,346.51773,647.5552
420,0.002871197,140.07474,86.18695,140.07474
421,0.002872836,184.18921,184.18921,163.07472
422,0.002874475,399.46924,399.46924,382.51614
423,0.002876138,645.0201,332.91922,645.0201
424,0.002877797,803.6733,803.6733,1118.6919
425,0.002879405,901.14514,901.14514,841.7622
426,0.002880996,1000.231,587.3337,1000.231
427,0.002882569,1134.3916,1134.3916,1804.2231
428,0.002884141,1251.9507,1251.9507,1555.8169
429,0.002885734,1278.5903,561.39966,1278.5903
430,0.002887344,1157.6117,1157.6117,1442.6177
431,0.002888903,940.21466,940.21466,939.94977
432,0.002890404,696.59033,716.79944,696.59033
433,0.002891925,480.14398,480.14398,380.856
434,0.002893513,387.0561,387.0561,279.36377
435,0.002895165,554.645,440.43307,554.645
436,0.002896789,1031.8907,1031.8907,1396.438
437,0.002898391,1571.1758,1571.1758,2017.2504
438,0.002900013,1876.7896,1048.7255,1876.7896
439,0.002901628,1726.4489,1726.4489,1354.3716
440,0.002903149,1316.0684,1316.0684,1104.895
441,0.002904684,862.7388,939.0363,862.7388
442,0.002906273,543.0731,543.0731,508.25443
443,0.002907872,391.04257,391.04257,527.895
444,0.002909451,380.1255,417.2743,380.1255
445,0.00291104,469.02072,469.02072,129.32474
446,0.002912616,570.15015,570.15015,370.85208
447,0.002914187,587.1841,725.4607,587.1841
448,0.002915755,463.29282,463.29282,1301.106
449,0.002917345,292.49643,292.49643,1125.4458
450,0.002918964,215.84036,483.41928,215.84036
451,0.002920624,356.10498,356.10498,-99.80808
452,0.002922288,693.3851,693.3851,212.25441
453,0.002923981,1174.7192,1168.5116,1174.7192
454,0.002925631,1690.8752,1690.8752,1732.4458
455,0.002927145,2045.9294,2045.9294,2043.3638
456,0.002928634,2121.3364,1745.9448,2121.3364
457,0.002930146,1834.4862,1834.4862,1758.2622
458,0.002931675,1389.4672,1389.4672,1206.6138
459,0.002933238,1081.9849,1206.5447,1081.9849
460,0.002934809,1140.8337,1140.8337,1106.7231
461,0.002936391,1389.5408,1389.5408,1347.2817
462,0.002937988,1542.1255,1471.2765,1542.1255
463,0.002939619,1389.6329,1389.6329,1679.395
464,0.002941282,1105.9423,1105.9423,1726.8091
465,0.002942948,991.8013,1017.5962,991.8013
466,0.00294459,1237.9592,1237.9592,1000.88336
467,0.002946182,1608.7721,1608.7721,1326.4536
468,0.002947738,1810.8872,1693.2336,1810.8872
469,0.002949291,1661.3176,1661.3176,1902.5433
470,0.002950781,1319.5762,1319.5762,1356.2075
471,0.002952229,994.15674,1325.0339,994.15674
472,0.002953688,819.0079,819.0079,932.5591
473,0.002955185,774.75586,774.75586,614.8208
474,0.002956763,800.91846,953.4276,800.91846
475,0.002958415,825.9966,825.9966,1205.2817
476,0.002960047,780.3614,780.3614,802.7271
477,0.002961695,597.77,240.8795,597.77
478,0.00296334,263.93915,263.93915,235.03958
479,0.00296498,-32.476192,-32.476192,-119.85105
480,0.002966579,-60.12839,444.26245,-60.12839
481,0.002968137,278.75586,278.75586,102.66848
482,0.00296967,708.8513,708.8513,343.8013
483,0.00297121,891.60986,518.99695,891.60986
484,0.00297275,593.7004,593.7004,1000.7309
485,0.002974306,35.797787,35.797787,511.8208
486,0.002975862,-429.78464,154.71176,-429.78464
487,0.002977437,-545.6754,-545.6754,-757.2768
488,0.002979024,-430.53464,-430.53464,-655.269
489,0.002980622,-312.03464,-422.1261,-312.03464
490,0.002982239,-367.37708,-367.37708,-206.71434
491,0.002983804,-526.94714,-526.94714,-110.81589
492,0.002985334,-671.49945,-290.2339,-671.49945
493,0.002986863,-706.589,-706.589,-632.82367
494,0.002988404,-576.37555,-576.37555,-1136.3433
495,0.002989931,-239.7612,-405.73865,-239.7612
496,0.002991432,279.35767,279.35767,757.90674
497,0.002992989,762.70215,762.70215,1294.8364
498,0.002994551,869.29346,408.21967,869.29346
499,0.002996112,396.04178,396.04178,479.88724
500,0.002997673,-357.97824,-357.97824,-403.04245
501,0.002999203,-960.855,-139.03987,-960.855
502,0.00300071,-1147.4415,-1147.4415,-963.3784
503,0.003002243,-1124.0933,-1124.0933,-1132.9175
504,0.003003841,-1222.4604,-1165.7429,-1222.4604
505,0.003005444,-1684.466,-1684.466,-1593.9526
506,0.003007076,-2240.2253,-2240.2253,-1857.7025
507,0.003008688,-2454.6792,-1700.4109,-2454.6792
508,0.003010299,-2056.6572,-2056.6572,-2125.1636
509,0.003011915,-1312.1199,-1312.1199,-1251.6791
510,0.003013522,-632.67523,-966.9767,-632.67523
511,0.003015113,-320.23706,-320.23706,-664.4174
512,0.00301663,-281.34027,-281.34027,-210.49948
513,0.003018139,-337.60495,-432.5688,-337.60495
514,0.003019694,-356.3942,-356.3942,-743.87054
515,0.003021263,-284.356,-284.356,-1082.6089
516,0.003022797,-97.9448,-499.70227,-97.9448
517,0.003024318,202.01924,202.01924,55.832542
518,0.003025822,515.49176,515.49176,949.7544
519,0.003027315,725.7036,603.96094,725.7036
520,0.003028793,755.9932,755.9932,709.3364
521,0.003030276,673.86536,673.86536,631.8521
522,0.003031787,579.31305,540.4011,579.31305
523,0.003033311,550.4739,550.4739,672.7661
524,0.003034858,543.9145,543.9145,623.7388
525,0.003036424,480.85208,572.3111,480.85208
526,0.003038007,298.01694,298.01694,392.2427
527,0.003039604,14.764021,14.764021,-41.007298
528,0.00304121,-325.59323,-193.48657,-325.59323
529,0.003042813,-676.5012,-676.5012,-797.3471
530,0.003044397,-992.54254,-992.54254,-985.9213
531,0.003045906,-1227.855,-990.01953,-1227.855
532,0.003047352,-1361.7975,-1361.7975,-1389.7025
533,0.003048801,-1383.3837,-1383.3837,-1286.3237
534,0.003050288,-1266.6597,-668.89374,-1266.6597
535,0.00305186,-985.40356,-985.40356,-955.8393
536,0.00305345,-609.2204,-609.2204,-473.66357
537,0.003055079,-226.73386,-794.9487,-226.73386
538,0.003056764,54.15127,54.15127,-108.3237
539,0.003058451,85.92831,85.92831,-132.60495
540,0.003060053,-240.71823,539.2134,-240.71823
541,0.003061614,-921.24493,-921.24493,-985.1675
542,0.003063191,-1639.4213,-1639.4213,-1520.9292
543,0.003064783,-1964.0619,-1031.5929,-1964.0619
544,0.003066412,-1593.6357,-1593.6357,-1699.7416
545,0.003068038,-892.0245,-892.0245,-612.0112
546,0.003069622,-407.4565,-1277.8102,-407.4565
547,0.003071186,-461.74966,-461.74966,-520.0073
548,0.003072719,-751.77875,-751.77875,-560.0971
549,0.003074241,-856.3901,-469.42004,-856.3901
550,0.003075783,-496.83002,-496.83002,-464.68304
551,0.003077305,45.718964,45.718964,77.79739
552,0.003078802,368.78958,162.69092,368.78958
553,0.003080325,203.50966,203.50966,166.77394
554,0.003081915,-295.28284,-295.28284,-381.6284
555,0.003083515,-787.7768,-207.50359,-787.7768
556,0.003085034,-989.9034,-989.9034,-1194.6831
557,0.003086493,-953.1275,-953.1275,-1114.269
558,0.003087948,-764.5463,-830.80194,-764.5463
559,0.003089448,-489.27835,-489.27835,-234.85495
560,0.003090996,-210.16211,-210.16211,102.80129
561,0.003092549,-31.722143,-199.31293,-31.722143
562,0.003094136,-26.48252,-26.48252,-381.28854
563,0.003095723,-155.51935,-155.51935,-536.1128
564,0.003097327,-346.83542,64.71377,-346.83542
565,0.003098881,-538.556,-538.556,-73.16355
566,0.003100373,-755.72974,-755.72974,-308.35886
567,0.003101847,-1045.937,-298.3583,-1045.937
568,0.003103335,-1427.8114,-1427.8114,-1726.2338
569,0.003104835,-1790.8905,-1790.8905,-1965.9448
570,0.003106341,-1987.7494,-1396.6384,-1987.7494
571,0.003107853,-1923.2374,-1923.2374,-1714.7495
572,0.003109371,-1718.7919,-1718.7919,-1589.3003
573,0.003110872,-1555.1284,-1119.4568,-1555.1284
574,0.00311239,-1543.6353,-1543.6353,-1727.3394
575,0.003113955,-1548.8843,-1548.8843,-1389.4683
576,0.003115553,-1347.3394,-997.6633,-1347.3394
577,0.003117143,-792.48663,-792.48663,-860.7104
578,0.003118689,-85.49613,-85.49613,-410.72604
579,0.003120192,527.9146,614.81445,527.9146
580,0.003121681,859.1203,859.1203,1124.1567
581,0.003123193,774.1598,774.1598,869.9927
582,0.003124703,141.91066,340.46594,141.91066
583,0.003126211,-1036.22,-1036.22,-545.96436
584,0.00312772,-2269.269,-2269.269,-1893.976
585,0.003129268,-2944.484,-1544.5671,-2944.484
586,0.003130811,-2588.0464,-2588.0464,-2515.058
587,0.003132314,-1675.0375,-1675.0375,-1670.9017
588,0.003133794,-834.4136,-967.3357,-834.4136
589,0.003135289,-489.1541,-489.1541,-497.80807
590,0.003136827,-470.86093,-470.86093,-119.19871
591,0.003138378,-430.16745,-329.5613,-430.16745
592,0.003139904,-111.82508,-111.82508,-380.68698
593,0.003141406,300.9668,300.9668,443.64505
594,0.003142942,541.8404,606.88904,541.8404
595,0.003144506,404.74036,404.74036,145.39505
596,0.003146115,82.74152,82.74152,-38.382298
597,0.003147779,-86.015114,6.5602684,-86.015114
598,0.003149393,140.0695,140.0695,-66.36668
599,0.00315096,483.069,483.069,221.63333
600,0.003152465,600.1919,656.34576,600.1919
601,0.003153951,312.1324,312.1324,640.0747
602,0.003155462,-151.72145,-151.72145,12.840357
603,0.003156995,-434.35495,306.8942,-434.35495
604,0.003158552,-265.98727,-265.98727,258.5435
605,0.003160107,151.42148,151.42148,551.07086
606,0.003161666,491.5708,679.94525,491.5708
607,0.003163242,508.124,508.124,673.29346
608,0.003164832,293.812,293.812,471.79736
609,0.00316641,41.33645,73.09868,41.33645
610,0.003167982,-98.79845,-98.79845,-5.5190177
611,0.003169603,-125.09586,-125.09586,110.19582
612,0.003171247,-68.15964,-147.20085,-68.15964
613,0.003172881,23.817146,23.817146,505.15677
614,0.003174564,68.085106,68.085106,334.84033
615,0.003176234,-35.882298,515.27203,-35.882298
616,0.003177881,-322.00235,-322.00235,-401.14792
617,0.003179508,-602.12555,-602.12555,-180.17136
618,0.003181141,-645.15967,-29.0369,-645.15967
619,0.00318274,-305.82364,-305.82364,-525.9839
620,0.003184321,245.52298,245.52298,259.62158
621,0.003185914,786.17236,274.8645,786.17236
622,0.00318746,1117.2234,1117.2234,860.6255
623,0.003188985,1246.2471,1246.2471,1256.5981
624,0.003190517,1209.0552,1198.6656,1209.0552
625,0.00319205,1043.4374,1043.4374,1379.27
626,0.003193606,817.8889,817.8889,816.6294
627,0.003195161,617.90674,639.05963,617.90674
628,0.003196706,498.02896,498.02896,746.5044
629,0.003198239,394.89563,394.89563,513.2739
630,0.003199793,214.1802,433.28793,214.1802
631,0.003201367,-101.469505,-101.469505,228.32082
632,0.003202956,-446.30038,-446.30038,-396.05807
633,0.003204552,-666.23773,-33.37379,-666.23773
634,0.003206154,-659.3691,-659.3691,-898.63617
635,0.00320771,-545.76447,-545.76447,-889.4057
636,0.003209203,-485.9096,-268.94217,-485.9096
637,0.003210693,-571.5733,-571.5733,-482.269
638,0.003212227,-726.5517,-726.5517,-592.01117
639,0.003213747,-815.19086,-603.98944,-815.19086
640,0.003215275,-737.05725,-737.05725,-407.8315
641,0.003216816,-511.296,-511.296,-674.82764
642,0.003218375,-188.58153,-540.59796,-188.58153
643,0.003219988,176.53008,176.53008,-171.98776
644,0.003221652,476.1647,476.1647,311.31693
645,0.003223297,574.93805,942.3836,574.93805
646,0.003224949,407.36963,407.36963,722.04346
647,0.003226584,115.76177,115.76177,502.40677
648,0.003228196,-111.67526,-306.9033,-111.67526
649,0.003229821,-148.68378,-148.68378,341.5747
650,0.003231453,-61.94752,-61.94752,4.6567636
651,0.003233099,27.980982,-40.937057,27.980982
652,0.00323475,21.639551,21.639551,126.52004
653,0.00323643,-79.234985,-79.234985,-3.8940175
654,0.003238074,-239.44087,100.69117,-239.44087
655,0.003239576,-412.42062,-412.42062,-643.92914
656,0.003241051,-580.19495,-580.19495,-532.5854
657,0.003242575,-723.26117,-329.33862,-723.26117
658,0.003244134,-814.40283,-814.40283,-811.50726
659,0.003245673,-851.4355,-851.4355,-1014.7299
660,0.003247226,-843.6401,-625.0099,-843.6401
661,0.003248758,-796.99786,-796.99786,-963.3588
662,0.003250312,-705.53906,-705.53906,-757.9448
663,0.003251907,-557.8159,-141.38298,-557.8159
664,0.003253545,-340.54715,-340.54715,-392.43698
665,0.003255209,-40.138134,-40.138134,-417.55026
666,0.003256921,365.938,-154.41818,365.938
667,0.00325857,833.29047,833.29047,1043.0669
668,0.003260156,1227.5337,1227.5337,1287.6294
669,0.003261731,1418.9927,1402.8052,1418.9927
670,0.00326334,1304.268,1304.268,814.85596
671,0.003265016,930.20825,930.20825,483.15677
672,0.00326671,421.22318,783.6151,421.22318
673,0.00326838,-79.60274,-79.60274,-62.675266
674,0.003270005,-454.09772,-454.09772,-195.78075
675,0.003271516,-609.34326,-236.58871,-609.34326
676,0.003273008,-528.10876,-528.10876,-456.96042
677,0.003274534,-289.7069,-289.7069,-207.68698
678,0.003276014,-23.831516,229.63878,-23.831516
679,0.00327748,163.1867,163.1867,486.34033
680,0.003278965,170.22116,170.22116,193.08253
681,0.003280482,-120.64011,-337.9455,-120.64011
682,0.00328199,-747.3893,-747.3893,-956.4448
683,0.003283505,-1470.3896,-1470.3896,-1713.187
684,0.003285032,-1971.183,-1559.35,-1971.183
685,0.003286595,-2017.6781,-2017.6781,-1719.3002
686,0.003288217,-1786.6885,-1786.6885,-1583.3276
687,0.003289875,-1615.8314,-1742.2653,-1615.8314
688,0.003291474,-1759.3624,-1759.3624,-1990.8627
689,0.00329303,-2031.778,-2031.778,-2212.937
690,0.003294561,-2183.9292,-2264.207,-2183.9292
691,0.00329607,-2043.9098,-2043.9098,-2368.1401
692,0.003297574,-1662.421,-1662.421,-1864.1636
693,0.003299105,-1128.4681,-1320.7153,-1128.4681
694,0.003300653,-549.2816,-549.2816,-371.05807
695,0.00330222,-53.541954,-53.541954,25.516138
696,0.003303827,216.98097,822.86945,216.98097
697,0.003305425,150.74051,150.74051,312.4341
698,0.003307022,-150.53996,-150.53996,34.984886
699,0.003308618,-538.70654,106.66883,-538.70654
700,0.003310212,-876.07794,-876.07794,-1144.1908
701,0.003311782,-1065.1107,-1065.1107,-1429.6597
702,0.003313348,-1029.269,-748.65674,-1029.269
703,0.003314949,-726.61633,-726.61633,-969.6479
704,0.003316516,-331.6652,-331.6652,-636.80414
705,0.003318086,-46.249485,17.007912,-46.249485
706,0.003319676,-14.070419,-14.070419,-278.08542
707,0.003321309,-120.08863,-120.08863,-600.3588
708,0.003322957,-162.1401,-276.19128,-162.1401
709,0.003324616,1.728889,1.728889,-99.55417
710,0.003326197,212.49348,212.49348,36.57864
711,0.003327712,281.25052,273.39096,281.25052
712,0.003329226,109.774025,109.774025,302.64502
713,0.00333079,-162.17154,-162.17154,-87.14793
714,0.003332357,-300.0776,-435.56583,-300.0776
715,0.003333896,-153.6444,-153.6444,-194.22214
716,0.003335432,115.75825,115.75825,191.16066
717,0.00333695,276.90677,-183.94214,276.90677
718,0.003338433,185.65968,185.65968,287.12552
719,0.003339935,-29.6963,-29.6963,171.3091
720,0.003341489,-171.45651,-335.3608,-171.45651
721,0.003343067,-73.37809,-73.37809,-242.60886
722,0.003344623,161.50568,161.50568,678.8677
723,0.003346171,369.39893,418.91483,369.39893
724,0.003347682,425.1552,425.1552,775.0005
725,0.003349182,342.5802,342.5802,424.81693
726,0.003350686,159.3091,542.2619,159.3091
727,0.003352216,-77.639984,-77.639984,-197.70651
728,0.003353772,-258.0018,-258.0018,-560.5034
729,0.003355356,-245.09714,-127.277306,-245.09714
730,0.003356932,44.07651,44.07651,377.80127
731,0.003358491,461.38913,461.38913,830.98486
732,0.003360077,820.688,791.72845,820.688
733,0.003361686,960.6553,960.6553,614.34424
734,0.003363261,913.2921,913.2921,769.84424
735,0.00336481,766.85205,805.9143,766.85205
736,0.003366259,605.4818,605.4818,707.5513
737,0.003367704,472.18307,472.18307,601.5083
738,0.003369215,413.57083,1204.2064,413.57083
739,0.003370818,483.74347,483.74347,355.0591
740,0.003372402,665.0616,665.0616,695.899
741,0.003373961,915.5864,616.2632,915.5864
742,0.0033755,1172.0391,1172.0391,925.6372
743,0.003376974,1275.0004,1275.0004,1219.477
744,0.003378419,1077.5825,1006.3647,1077.5825
745,0.003379883,513.28174,513.28174,281.95364
746,0.0033814,-104.53329,-104.53329,-195.49167
747,0.003382961,-278.49167,466.77167,-278.49167
748,0.003384491,323.35196,323.35196,299.20364
749,0.003386012,1283.0557,1283.0557,995.74664
750,0.003387551,2036.4146,1096.8121,2036.4146
751,0.003389095,2139.525,2139.525,2243.7427
752,0.003390682,1779.1005,1779.1005,1891.5122
753,0.003392314,1325.9302,1351.0735,1325.9302
754,0.003393974,1111.1998,1111.1998,744.145
755,0.003395608,1066.6132,1066.6132,887.1372
756,0.003397195,1015.98096,762.3193,1015.98096
757,0.003398742,853.1158,853.1158,897.1919
758,0.003400279,665.90204,665.90204,368.3794
759,0.003401816,585.42236,398.7077,585.42236
760,0.00340335,694.9695,694.9695,886.78564
761,0.00340492,890.19196,890.19196,1229.0747
762,0.003406534,1003.7817,587.4118,1003.7817
763,0.00340818,909.0724,909.0724,973.11383
764,0.003409811,746.6108,746.6108,964.14105
765,0.003411437,720.73096,470.66345,720.73096
766,0.003413049,965.29395,965.29395,1134.4146
767,0.003414671,1361.0297,1361.0297,1574.0513
768,0.003416312,1722.7114,953.5997,1722.7114
769,0.003417924,1901.8307,1901.8307,1928.145
770,0.003419494,1966.2258,1966.2258,1639.3286
771,0.003421065,2025.4927,1727.6936,2025.4927
772,0.003422654,2150.5242,2150.5242,2118.481
773,0.003424248,2274.8447,2274.8447,2282.8364
774,0.003425848,2296.2231,2288.75,2296.2231
775,0.003427495,2136.3452,2136.3452,2287.274
776,0.003429129,1856.186,1856.186,2033.5513
777,0.003430749,1551.3325,1557.4177,1551.3325
778,0.00343238,1289.471,1289.471,1132.3833
779,0.003434025,1062.2491,1062.2491,683.1372
780,0.003435665,843.1802,904.34436,843.1802
781,0.003437298,628.1418,628.1418,954.2193
782,0.003438888,512.4083,512.4083,816.9224
783,0.003440437,595.3404,569.30975,595.3404
784,0.003441965,909.4077,909.4077,779.6919
785,0.003443483,1260.9349,1260.9349,1234.6646
786,0.003444986,1407.1802,1036.8572,1407.1802
787,0.003446522,1185.9563,1185.9563,1256.5474
788,0.00344811,745.59296,745.59296,1001.8364
789,0.003449717,364.90677,183.56296,364.90677
790,0.003451343,269.18152,269.18152,71.64896
791,0.003452974,399.36478,399.36478,262.96146
792,0.003454589,614.40674,313.50955,614.40674
793,0.003456169,792.2931,792.2931,1214.8794
794,0.003457788,887.8548,887.8548,1032.2349
795,0.003459394,859.0513,418.39264,859.0513
796,0.00346094,719.7121,719.7121,954.8052
797,0.003462463,633.89404,633.89404,535.81696
798,0.003464023,801.68414,734.4184,801.68414
799,0.003465634,1362.1193,1362.1193,1647.8169
800,0.003467205,2014.8124,2014.8124,1943.3364
801,0.003468704,2401.8052,1821.1122,2401.8052
802,0.003470239,2327.1023,2327.1023,2269.0278
803,0.003471743,1948.8871,1948.8871,1898.4105
804,0.003473218,1524.2896,1714.2224,1524.2896
805,0.00347475,1221.8625,1221.8625,1323.9028
806,0.003476338,1032.9299,1032.9299,1160.0356
807,0.003477911,888.3091,725.7254,888.3091
808,0.003479476,721.36664,721.36664,799.16455
809,0.00348104,534.98926,534.98926,704.3325
810,0.003482556,355.02005,194.9743,355.02005
811,0.003484092,201.10527,201.10527,-8.929173
812,0.003485679,137.53276,137.53276,65.06301
813,0.003487323,255.58253,654.77814,255.58253
814,0.003488975,598.7411,598.7411,560.981
815,0.003490584,996.136,996.136,1028.8364
816,0.003492162,1256.7349,1193.0421,1256.7349
817,0.003493715,1254.8809,1254.8809,1164.645
818,0.003495265,1052.4652,1052.4652,668.145
819,0.003496784,757.43024,550.8245,757.43024
820,0.003498301,459.7936,459.7936,922.4575
821,0.00349984,235.47414,235.47414,959.71533
822,0.003501412,168.39896,267.44495,168.39896
823,0.003503033,325.9742,325.9742,386.93802
824,0.003504685,648.1732,648.1732,668.188
825,0.00350634,1023.90674,983.0756,1023.90674
826,0.003507997,1337.0146,1337.0146,1245.6763
827,0.003509659,1452.8632,1452.8632,1539.7935
828,0.003511266,1244.7974,1077.214,1244.7974
829,0.00351286,682.0498,682.0498,1113.0122
830,0.003514419,55.562428,55.562428,546.77783
831,0.00351593,-303.53073,321.5443,-303.53073
832,0.003517463,-203.27968,-203.27968,-453.7026
833,0.00351905,185.09186,185.09186,-5.436986
834,0.003520633,537.5747,-48.656544,537.5747
835,0.003522208,619.08093,619.08093,802.21533
836,0.003523726,556.81165,556.81165,862.6763
837,0.003525216,546.4302,777.328,546.4302
838,0.00352672,710.575,710.575,254.50832
839,0.003528264,941.578,941.578,727.66455
840,0.003529837,1049.9497,1081.9467,1049.9497
841,0.003531442,893.35675,893.35675,828.87164
842,0.003533075,597.79645,597.79645,352.813
843,0.003534735,377.0474,948.2532,377.0474
844,0.003536366,398.51282,398.51282,265.231
845,0.003537978,580.81384,580.81384,460.92627
846,0.003539622,799.84033,659.17755,799.84033
847,0.003541302,947.6154,947.6154,977.3404
848,0.003543026,1018.5294,1018.5294,1257.813
849,0.003544698,1036.1373,1112.2072,1036.1373
850,0.003546288,1019.8729,1019.8729,1114.8091
851,0.003547807,947.2271,947.2271,974.2974
852,0.003549296,787.5865,781.9375,787.5865
853,0.003550824,521.04614,521.04614,629.38727
854,0.003552427,217.23668,217.23668,322.28177
855,0.003554031,5.5942636,-264.42453,5.5942636
856,0.003555642,-26.33996,-26.33996,43.04739
857,0.003557282,84.181404,84.181404,-93.40573
858,0.003558941,263.95755,130.4544,263.95755
859,0.003560595,427.10925,427.10925,664.3911
860,0.00356222,472.78015,472.78015,639.0161
861,0.003563834,305.1763,409.0886,305.1763
862,0.003565421,-103.62349,-103.62349,-142.37839
863,0.003566982,-545.9631,-545.9631,-390.65182
864,0.003568557,-778.4057,-427.78787,-778.4057
865,0.003570143,-639.07214,-639.07214,-706.6909
866,0.003571706,-376.1818,-376.1818,-587.57764
867,0.003573271,-325.02682,-185.83992,-325.02682
868,0.003574837,-691.75415,-691.75415,-497.3315
869,0.003576414,-1162.694,-1162.694,-976.519
870,0.003578031,-1274.6089,-1171.5643,-1274.6089
871,0.003579633,-714.5844,-714.5844,-803.62054
872,0.00358123,93.80419,93.80419,40.688015
873,0.003582821,559.47314,-307.85022,559.47314
874,0.003584371,306.2804,306.2804,46.051296
875,0.003585875,-282.30203,-282.30203,-635.1206
876,0.003587354,-721.42914,-333.24298,-721.42914
877,0.003588833,-686.717,-686.717,-0.36276752
878,0.003590358,-322.3498,-322.3498,269.3052
879,0.003591928,81.10598,186.31424,81.10598
880,0.00359352,252.7659,252.7659,77.91848
881,0.003595167,198.51346,198.51346,-91.0698
882,0.003596809,7.453639,-4.648528,7.453639
883,0.003598439,-215.79027,-215.79027,-49.093235
884,0.003600096,-354.68384,-354.68384,-49.077614
885,0.003601796,-270.37448,-496.67462,-270.37448
886,0.003603468,103.04239,103.04239,-128.3823
887,0.003605097,548.7064,548.7064,244.02785
888,0.003606708,819.21533,99.14682,819.21533
889,0.0036083,758.727,758.727,1141.977
890,0.003609842,535.8256,535.8256,992.00055
891,0.00361138,367.1685,610.7652,367.1685
892,0.003612945,403.06638,403.06638,-74.97214
893,0.00361457,543.76044,543.76044,27.09817
894,0.003616215,595.59033,624.00946,595.59033
895,0.003617875,419.4884,419.4884,873.6997
896,0.003619525,155.94098,155.94098,490.37943
897,0.003621166,10.953639,371.7752,10.953639
898,0.003622816,116.40006,116.40006,-9.507298
899,0.003624443,317.95282,317.95282,177.82472
900,0.003626053,400.14893,628.3924,400.14893
901,0.003627618,221.43364,221.43364,41.53567
902,0.003629155,-135.98933,-135.98933,-383.4409
903,0.003630694,-557.69476,-314.3114,-557.69476
904,0.003632277,-946.94885,-946.94885,-1049.1948
905,0.003633904,-1227.3688,-1227.3688,-1506.7064
906,0.003635531,-1323.1439,-788.6809,-1323.1439
907,0.003637165,-1199.8192,-1199.8192,-837.37445
908,0.003638793,-946.601,-946.601,-596.37054
909,0.003640358,-690.9175,-787.904,-690.9175
910,0.00364191,-514.03723,-514.03723,-615.2924
911,0.003643498,-433.21613,-433.21613,-397.60886
912,0.00364512,-459.30417,-411.35403,-459.30417
913,0.003646773,-581.6925,-581.6925,-478.77682
914,0.003648453,-699.2571,-699.2571,-886.1284
915,0.003650124,-680.82367,-901.6642,-680.82367
916,0.003651773,-457.14554,-457.14554,-523.76904
917,0.003653392,-172.64323,-172.64323,-50.351048
918,0.003655014,-5.851049,17.2488,-5.851049
919,0.003656632,-76.17129,-76.17129,195.30911
920,0.003658249,-252.21146,-252.21146,-25.77683
921,0.00365988,-341.21042,421.1847,-341.21042
922,0.003661521,-206.38365,-206.38365,295.84427
923,0.003663179,33.596092,33.596092,383.19193
924,0.003664832,185.82864,-38.211895,185.82864
925,0.003666469,114.0699,114.0699,-171.24557
926,0.003668064,-104.29659,-104.29659,-232.46823
927,0.003669615,-351.42526,128.62885,-351.42526
928,0.003671146,-547.8713,-547.8713,-460.01898
929,0.003672682,-693.8911,-693.8911,-488.8784
930,0.003674242,-805.9175,-320.22012,-805.9175
931,0.003675762,-891.6262,-891.6262,-813.2065
932,0.003677275,-950.0755,-950.0755,-1227.4644
933,0.003678804,-974.019,-1213.0525,-974.019
934,0.003680333,-953.7349,-953.7349,-805.2104
935,0.003681869,-875.9023,-875.9023,-876.9213
936,0.003683421,-724.5503,-861.6805,-724.5503
937,0.003684928,-511.4796,-511.4796,-669.1792
938,0.003686432,-307.75092,-307.75092,-329.49167
939,0.003687995,-203.12448,-548.5125,-203.12448
940,0.003689566,-271.02188,-271.02188,-402.15964
941,0.003691159,-424.88022,-424.88022,-461.11273
942,0.003692783,-531.9917,-449.23868,-531.9917
943,0.003694374,-496.12943,-496.12943,-818.06586
944,0.003695898,-407.77252,-407.77252,-550.61664
945,0.003697383,-379.269,-185.88388,-379.269
946,0.00369886,-467.82233,-467.82233,-361.72604
947,0.003700345,-560.1895,-560.1895,-232.01901
948,0.003701879,-491.01904,-41.516247,-491.01904
949,0.003703491,-126.88461,-126.88461,-358.29636
950,0.003705102,345.30396,345.30396,-101.29245
951,0.003706704,657.9614,344.66934,657.9614
952,0.003708299,624.3179,624.3179,1137.4927
953,0.003709896,343.5156,343.5156,730.0239
954,0.003711506,-17.741674,169.48877,-17.741674
955,0.003713126,-316.18912,-316.18912,-959.851
956,0.00371472,-525.1754,-525.1754,-1003.19086
957,0.003716321,-659.5815,118.05208,-659.5815
958,0.003717936,-717.7817,-717.7817,-617.7729
959,0.003719519,-660.7369,-660.7369,-404.17136
960,0.003721079,-447.78854,-361.51166,-447.78854
961,0.003722627,-66.365944,-66.365944,26.188013
962,0.003724172,385.71338,385.71338,287.313
963,0.003725661,771.395,605.5305,771.395
964,0.003727122,1001.8214,1001.8214,596.93805
965,0.003728653,1022.52765,1022.52765,814.29346
966,0.003730237,748.1177,1030.5546,748.1177
967,0.003731802,193.87961,193.87961,340.00443
968,0.00373328,-319.44217,-319.44217,-179.71825
969,0.003734705,-507.1089,57.26791,-507.1089
970,0.003736115,-209.10246,-209.10246,-425.36667
971,0.00373756,402.25497,402.25497,-222.0737
972,0.00373907,1052.9146,671.6163,1052.9146
973,0.003740577,1444.1262,1444.1262,1682.6724
974,0.003742076,1551.9757,1551.9757,1910.5005
975,0.003743584,1414.0786,1237.9137,1414.0786
976,0.003745154,1065.2411,1065.2411,1275.2896
977,0.003746798,616.38007,616.38007,979.30914
978,0.003748456,246.75052,420.0126,246.75052
979,0.003750133,92.82409,92.82409,272.3638
980,0.003751819,130.08768,130.08768,213.91066
981,0.003753443,279.65286,429.01236,279.65286
982,0.003755017,469.6889,469.6889,266.4927
983,0.003756502,641.3834,641.3834,451.41455
984,0.003757979,760.9966,817.24335,760.9966
985,0.003759486,788.0716,788.0716,740.6489
986,0.003761061,675.8949,675.8949,633.481
987,0.003762672,373.57474,409.71136,373.57474
988,0.003764245,-96.9258,-96.9258,-42.065895
989,0.003765796,-541.3773,-541.3773,-202.81198
990,0.003767374,-734.7886,-525.0869,-734.7886
991,0.003768961,-505.6056,-505.6056,-678.90186
992,0.003770566,-15.65555,-15.65555,-293.3823
993,0.003772166,471.71146,494.5851,471.71146
994,0.00377377,745.92413,745.92413,1071.6724
995,0.003775369,782.6602,782.6602,1163.188
996,0.00377694,612.1177,831.01337,612.1177
997,0.003778464,286.09616,286.09616,126.770035
998,0.003779939,-97.427864,-97.427864,-39.925266
999,0.00378142,-456.79245,542.93256,-456.79245
1000,0.00378294,-719.18616,-719.18616,-473.6596
1001,0.003784493,-862.1337,-862.1337,-738.80023
1002,0.003786063,-881.50726,-301.31985,-881.50726
1003,0.003787671,-784.50134,-784.50134,-844.3862
1004,0.003789271,-623.3815,-623.3815,-700.01904
1005,0.003790882,-459.35495,-634.29474,-459.35495
1006,0.003792534,-339.4545,-339.4545,16.715357
1007,0.003794184,-254.92473,-254.92473,22.145044
1008,0.003795815,-177.02292,-141.38174,-177.02292
1009,0.003797424,-82.4894,-82.4894,10.500514
1010,0.003798982,29.319216,29.319216,146.14114
1011,0.003800551,161.0005,52.780502,161.0005
1012,0.00380219,314.81293,314.81293,616.9185
1013,0.003803817,467.83176,467.83176,666.7427
1014,0.003805423,600.5825,182.6115,600.5825
1015,0.003807017,693.9472,693.9472,581.77
1016,0.003808623,719.46924,719.46924,749.9966
1017,0.003810207,645.7154,422.58582,645.7154
1018,0.003811781,460.95007,460.95007,554.2505
1019,0.003813384,213.5873,213.5873,153.10207
1020,0.003814983,-19.675266,271.7301,-19.675266
1021,0.00381655,-180.32846,-180.32846,-274.40182
1022,0.003818116,-283.19025,-283.19025,-212.04636
1023,0.003819722,-355.52292,-308.739,-355.52292
1024,0.003821304,-416.1245,-416.1245,-756.65186
1025,0.003822846,-469.34854,-469.34854,-894.5815
1026,0.003824402,-517.2182,-130.9104,-517.2182
1027,0.003826015,-545.22943,-545.22943,-772.476
1028,0.00382766,-471.31976,-471.31976,-635.68304
1029,0.003829258,-207.8901,-340.58334,-207.8901
1030,0.003830842,271.70337,271.70337,524.3872
1031,0.003832371,754.8444,754.8444,553.8325
1032,0.003833875,1022.8442,1140.9775,1022.8442
1033,0.003835371,928.9094,928.9094,457.33646
1034,0.00383691,556.7822,556.7822,586.09814
1035,0.00383851,54.85989,797.1818,54.85989
1036,0.003840106,-406.24878,-406.24878,237.02785
1037,0.003841709,-797.32715,-797.32715,-446.18698
1038,0.003843331,-1119.1558,-519.93176,-1119.1558
1039,0.003844935,-1339.8856,-1339.8856,-1424.1556
1040,0.003846501,-1346.3849,-1346.3849,-1471.8823
1041,0.00384803,-1023.5268,-719.4828,-1023.5268
1042,0.003849563,-333.5954,-333.5954,87.42629
1043,0.003851166,441.91736,441.91736,1287.5981
1044,0.003852763,824.8404,338.3873,824.8404
1045,0.003854333,532.31256,532.31256,752.149
1046,0.003855912,-124.52015,-124.52015,-178.01903
1047,0.003857504,-690.8042,4.6422915,-690.8042
1048,0.003859153,-808.1277,-808.1277,-835.30414
1049,0.003860775,-594.2469,-594.2469,-560.4409
1050,0.00386238,-314.2612,-494.41183,-314.2612
1051,0.003863978,-153.09564,-153.09564,-169.3862
1052,0.003865521,-47.380993,-47.380993,-128.1284
1053,0.003867075,128.41849,7.5698724,128.41849
1054,0.003868613,431.162,431.162,397.91068
1055,0.003870122,694.9639,694.9639,531.6177
1056,0.003871652,714.8326,494.54083,714.8326
1057,0.003873249,335.86847,335.86847,-46.163548
1058,0.00387486,-205.01471,-205.01471,-355.22214
1059,0.003876462,-547.83936,-119.68194,-547.83936
1060,0.003878077,-449.6056,-449.6056,96.50832
1061,0.003879724,-91.78064,-91.78064,374.3794
1062,0.003881359,205.10597,-115.38382,205.10597
1063,0.003882972,216.81975,216.81975,74.83645
1064,0.003884511,72.84385,72.84385,-16.890112
1065,0.003886036,-45.206516,-210.6494,-45.206516
1066,0.003887585,-12.199894,-12.199894,420.21533
1067,0.003889174,120.01283,120.01283,295.3091
1068,0.003890737,238.063,95.01668,238.063
1069,0.003892198,272.85452,272.85452,-345.15182
1070,0.003893601,299.55655,299.55655,-201.04245
1071,0.003895,408.47708,340.54666,408.47708
1072,0.00389641,653.35535,653.35535,1088.2388
1073,0.00389788,950.631,950.631,1282.5278
1074,0.00389942,1148.4536,591.0042,1148.4536
1075,0.003900913,1119.3789,1119.3789,1179.6802
1076,0.003902417,959.8395,959.8395,695.938
1077,0.003903996,805.71924,821.7269,805.71924
1078,0.0039056,776.89667,776.89667,593.10205
1079,0.003907202,788.737,788.737,578.3365
1080,0.003908819,700.54736,790.1626,700.54736
1081,0.003910429,417.20044,417.20044,523.3716
1082,0.003912023,29.887989,29.887989,128.97708
1083,0.003913581,-327.22214,-375.21738,-327.22214
1084,0.003915135,-565.50977,-565.50977,-587.4956
1085,0.003916703,-687.21515,-687.21515,-545.6948
1086,0.003918285,-714.7924,-521.86066,-714.7924
1087,0.003919928,-662.14185,-662.14185,-803.601
1088,0.003921531,-521.1698,-521.1698,-683.21826
1089,0.003923115,-278.52292,-315.62784,-278.52292
1090,0.003924731,67.41669,67.41669,-10.710423
1091,0.003926339,407.47284,407.47284,279.1763
1092,0.003927919,615.1255,992.2306,615.1255
1093,0.00392948,613.2652,613.2652,491.56693
1094,0.003931079,454.57352,454.57352,500.10208
1095,0.003932676,231.33255,652.2897,231.33255
1096,0.003934275,21.323158,21.323158,-119.54246
1097,0.003935877,-161.6848,-161.6848,-213.73776
1098,0.003937487,-320.33542,-195.48325,-320.33542
1099,0.003939097,-449.16534,-449.16534,-84.265114
1100,0.003940671,-515.73157,-515.73157,-570.61273
1101,0.003942264,-486.02682,-492.34293,-486.02682
1102,0.003943861,-331.47858,-331.47858,-458.18698
1103,0.003945437,-72.32606,-72.32606,-41.573704
1104,0.003947027,269.91846,171.46042,269.91846
1105,0.003948642,636.8136,636.8136,326.8716
1106,0.003950278,813.56177,813.56177,925.7232
1107,0.003951918,537.7154,451.02347,537.7154
1108,0.003953541,-295.73608,-295.73608,-433.74557
1109,0.003955186,-1252.9701,-1252.9701,-1058.6167
1110,0.003956871,-1718.3823,-674.41144,-1718.3823
1111,0.003958539,-1241.005,-1241.005,-1096.5894
1112,0.003960162,-280.8928,-280.8928,-331.1323
1113,0.003961733,557.41064,783.5348,557.41064
1114,0.003963304,878.63135,878.63135,754.97314
1115,0.003964883,695.66296,695.66296,475.48096
1116,0.00396649,118.6177,522.3978,118.6177
1117,0.003968132,-709.4046,-709.4046,-763.23773
1118,0.003969755,-1473.2136,-1473.2136,-1471.1752
1119,0.003971384,-1862.4486,-768.62537,-1862.4486
1120,0.00397302,-1658.4971,-1658.4971,-1231.1205
1121,0.003974665,-1081.6985,-1081.6985,-691.4565
1122,0.003976322,-470.78073,-806.3595,-470.78073
1123,0.003977994,-102.13929,-102.13929,-300.0737
1124,0.003979593,41.324177,41.324177,-1.1518301
1125,0.003981147,72.090355,231.01804,72.090355
1126,0.003982709,64.8845,64.8845,349.86377
1127,0.003984296,28.637068,28.637068,189.33644
1128,0.003985898,-42.54636,-38.538223,-42.54636
1129,0.003987463,-144.26213,-144.26213,-101.45651
1130,0.003988949,-246.18518,-246.18518,-201.14401
1131,0.003990442,-324.99948,-69.703354,-324.99948
1132,0.003991997,-352.19315,-352.19315,-354.24948
1133,0.00399359,-293.45566,-293.45566,-246.76903
1134,0.003995142,-124.69871,-474.7153,-124.69871
1135,0.003996671,148.6943,148.6943,202.85208
1136,0.003998206,421.43802,421.43802,444.2622
1137,0.003999764,556.87164,256.74597,556.87164
1138,0.004001357,453.71182,453.71182,294.52002
1139,0.004002921,224.67401,224.67401,196.60207
1140,0.00400447,28.9302,144.62189,28.9302
1141,0.004006039,-34.407547,-34.407547,-120.565895
1142,0.004007668,-75.99003,-75.99003,-168.10887
1143,0.004009346,-285.08542,-431.31314,-285.08542
1144,0.004011002,-772.6985,-772.6985,-541.05023
1145,0.004012583,-1316.816,-1316.816,-907.62054
1146,0.004014133,-1687.48,-1182.057,-1687.48
1147,0.00401565,-1732.6749,-1732.6749,-1885.7963
1148,0.004017166,-1545.9415,-1545.9415,-1794.6908
1149,0.004018712,-1264.0892,-1443.2977,-1264.0892
1150,0.004020296,-1012.29675,-1012.29675,-860.6675
1151,0.004021903,-838.0912,-838.0912,-932.1831
1152,0.004023543,-765.3471,-404.56726,-765.3471
1153,0.004025196,-802.5749,-802.5749,-1349.0386
1154,0.004026844,-881.08484,-881.08484,-942.0854
1155,0.004028488,-913.9175,-257.37463,-913.9175
1156,0.004030146,-833.5949,-833.5949,-667.99164
1157,0.004031759,-658.6062,-658.6062,-245.52681
1158,0.004033347,-423.2612,-183.50374,-423.2612
1159,0.004034913,-179.55493,-179.55493,67.64895
1160,0.004036468,-57.05839,-57.05839,16.359888
1161,0.004038021,-203.58542,-330.60294,-203.58542
1162,0.004039583,-694.52264,-694.52264,-942.6088
1163,0.004041149,-1290.5304,-1290.5304,-1254.1869
1164,0.004042726,-1670.0541,-1120.5071,-1670.0541
1165,0.004044266,-1610.8563,-1610.8563,-1385.8511
1166,0.004045808,-1308.4587,-1308.4587,-1362.3003
1167,0.004047431,-1037.4095,-618.8713,-1037.4095
1168,0.004049139,-1048.626,-1048.626,-1194.1986
1169,0.00405086,-1187.2395,-1187.2395,-1350.1284
1170,0.004052513,-1170.1244,-683.02527,-1170.1244
1171,0.004054127,-839.0882,-839.0882,-644.4057
1172,0.004055761,-343.6162,-343.6162,-240.81587
1173,0.004057381,70.840355,3.097849,70.840355
1174,0.004058985,235.49947,235.49947,-365.16745
1175,0.004060566,231.45355,231.45355,-179.58151
1176,0.004062133,193.50441,356.01675,193.50441
1177,0.004063763,220.86398,220.86398,277.12552
1178,0.004065428,287.83148,287.83148,497.82474
1179,0.004067075,327.4185,452.93616,327.4185
1180,0.00406871,302.60474,302.60474,330.06302
1181,0.004070263,282.37967,282.37967,373.33255
1182,0.004071783,346.0005,109.81846,346.0005
1183,0.00407334,549.8244,549.8244,665.688
1184,0.004074911,839.7033,839.7033,692.28564
1185,0.00407651,1132.2114,1185.526,1132.2114
1186,0.004078154,1337.7269,1337.7269,1336.1646
1187,0.00407976,1366.1815,1366.1815,1752.145
1188,0.004081314,1160.6646,1278.1971,1160.6646
1189,0.004082855,725.72723,725.72723,546.3247
1190,0.004084404,306.22205,306.22205,-29.198704
1191,0.004085957,218.96927,498.71713,218.96927
1192,0.004087465,619.5114,619.5114,507.55127
1193,0.004088959,1114.2467,1114.2467,1035.4536
1194,0.00409045,1203.9888,1106.7885,1203.9888
1195,0.004091952,559.35565,559.35565,369.60596
1196,0.004093479,-455.54218,-455.54218,-208.52682
1197,0.004095044,-1257.4839,-406.5817,-1257.4839
1198,0.00409664,-1339.7076,-1339.7076,-1325.0853
1199,0.004098252,-832.7018,-832.7018,-775.6831
1200,0.004099914,-41.179173,335.09372,-41.179173
1201,0.004101572,686.433,686.433,770.10986
1202,0.004103204,1118.8988,1118.8988,1631.4927
1203,0.00410484,1074.7622,1081.9752,1074.7622
1204,0.004106496,465.7303,465.7303,81.58254
1205,0.004108131,-296.37582,-296.37582,-536.4175
1206,0.004109669,-702.7768,-340.10526,-702.7768
1207,0.004111199,-523.7437,-523.7437,-284.22604
1208,0.004112778,-45.904613,-45.904613,-106.12058
1209,0.00411438,250.72708,361.95776,250.72708
1210,0.004115944,26.372599,26.372599,-301.22214
1211,0.004117477,-416.26013,-416.26013,-673.31586
1212,0.004119021,-668.1206,-229.83928,-668.1206
1213,0.00412064,-410.46103,-410.46103,-112.3862
1214,0.004122259,149.05273,149.05273,475.66458
1215,0.004123871,638.85986,245.00053,638.85986
1216,0.004125496,792.94495,792.94495,1013.6763
1217,0.004127104,731.2499,731.2499,978.8443
1218,0.004128718,673.6294,893.5273,673.6294
1219,0.004130322,768.6596,768.6596,834.29346
1220,0.004131902,889.5631,889.5631,1308.5786
1221,0.004133523,847.36383,959.358,847.36383
1222,0.004135142,509.03937,509.03937,714.1333
1223,0.004136756,22.738945,22.738945,22.051296
1224,0.004138375,-399.55026,239.68439,-399.55026
1225,0.004139998,-591.53613,-591.53613,-694.5932
1226,0.004141605,-589.6664,-589.6664,-621.65576
1227,0.004143216,-481.96432,-267.21463,-481.96432
1228,0.004144815,-349.11957,-349.11957,-249.40964
1229,0.004146363,-247.96686,-247.96686,-80.42917
1230,0.004147934,-219.30417,587.099,-219.30417
1231,0.004149552,-295.46725,-295.46725,-414.72995
1232,0.004151178,-423.97122,-423.97122,-391.144
1233,0.004152786,-526.2143,-271.1866,-526.2143
1234,0.004154365,-553.1936,-553.1936,-710.2963
1235,0.004155967,-554.339,-554.339,-495.10495
1236,0.004157604,-604.5776,-444.2078,-604.5776
1237,0.004159195,-743.5354,-743.5354,-726.5737
1238,0.004160811,-887.753,-887.753,-788.88617
1239,0.004162453,-911.84717,-1368.8077,-911.84717
1240,0.004164082,-733.52313,-733.52313,-961.19476
1241,0.004165653,-467.0341,-467.0341,-508.11276
1242,0.004167186,-247.2612,-631.56,-247.2612
1243,0.004168751,-158.89204,-158.89204,120.52396
1244,0.004170323,-162.78137,-162.78137,266.21927
1245,0.004171915,-178.35497,-80.82619,-178.35497
1246,0.004173517,-141.95158,-141.95158,-233.02292
1247,0.004175103,-73.60556,-73.60556,-84.73776
1248,0.00417669,-12.565892,-499.6339,-12.565892
1249,0.004178294,5.8285284,5.8285284,163.10988
1250,0.004179909,-38.627163,-38.627163,146.48099
1251,0.004181543,-163.03464,-26.483778,-163.03464
1252,0.004183179,-363.8453,-363.8453,-548.8511
1253,0.004184814,-560.6578,-560.6578,-724.02686
1254,0.004186437,-654.3589,-398.77798,-654.3589
1255,0.004188064,-598.2987,-598.2987,-427.8276
1256,0.004189669,-540.9454,-540.9454,-436.0659
1257,0.004191277,-673.31976,-432.64163,-673.31976
1258,0.004192876,-1107.7285,-1107.7285,-1202.8784
1259,0.004194491,-1662.676,-1662.676,-1787.7181
1260,0.004196114,-2066.8003,-1764.5051,-2066.8003
1261,0.004197696,-2118.8357,-2118.8357,-1980.4017
1262,0.004199245,-1919.6437,-1919.6437,-1684.898
1263,0.004200795,-1613.3627,-1453.2065,-1613.3627
1264,0.004202387,-1312.8839,-1312.8839,-1221.7144
1265,0.004203924,-1077.2295,-1077.2295,-1067.48
1266,0.004205458,-916.20654,-986.6434,-916.20654
1267,0.004207058,-842.3184,-842.3184,-714.2338
1268,0.004208676,-852.5872,-852.5872,-946.4839
1269,0.004210265,-926.57764,-1010.3278,-926.57764
1270,0.004211815,-1020.9347,-1020.9347,-970.74945
1271,0.004213335,-1018.02625,-1018.02625,-980.55804
1272,0.004214881,-779.7417,-1119.6664,-779.7417
1273,0.004216448,-235.23079,-235.23079,-412.3862
1274,0.00421807,366.58722,366.58722,250.27003
1275,0.00421975,625.21924,173.37872,625.21924
1276,0.004221409,242.40909,242.40909,-239.2534
1277,0.00422305,-484.97635,-484.97635,-608.5307
1278,0.004224692,-1150.7339,-660.46967,-1150.7339
1279,0.004226341,-1439.9204,-1439.9204,-1298.3042
1280,0.004228003,-1405.9147,-1405.9147,-1064.605
1281,0.004229663,-1200.6439,-716.96466,-1200.6439
1282,0.004231318,-955.3396,-955.3396,-721.2338
1283,0.004232971,-701.1653,-701.1653,-751.19086
1284,0.004234586,-450.5034,-331.37607,-450.5034
1285,0.004236192,-210.21735,-210.21735,-352.53464
1286,0.004237785,-11.207726,-11.207726,-98.26902
1287,0.004239358,112.56692,-182.95674,112.56692
1288,0.004240934,145.3315,145.3315,-4.5033927
1289,0.004242508,128.9166,128.9166,-40.784645
1290,0.00424406,120.32473,-141.25517,120.32473
1291,0.004245638,147.98384,147.98384,129.03958
1292,0.004247209,129.94054,129.94054,-18.136206
1293,0.00424877,-41.15964,103.997314,-41.15964
1294,0.004250363,-428.9981,-428.9981,-274.85495
1295,0.004251921,-859.0421,-859.0421,-863.84326
1296,0.004253456,-1129.9838,-622.5451,-1129.9838
1297,0.004255006,-1095.0641,-1095.0641,-1391.8159
1298,0.004256556,-781.5353,-781.5353,-968.9526
1299,0.004258036,-293.5737,-225.22737,-293.5737
1300,0.004259489,268.54877,268.54877,722.5591
1301,0.00426095,701.25446,701.25446,1105.2856
1302,0.004262443,750.2661,178.4841,750.2661
1303,0.004263935,262.6895,262.6895,110.97317
1304,0.004265416,-413.18857,-413.18857,-707.4956
1305,0.004266927,-827.09717,-150.39929,-827.09717
1306,0.0042685,-601.25836,-601.25836,-440.91745
1307,0.004270179,108.1466,108.1466,186.58253
1308,0.004271891,850.4615,533.01117,850.4615
1309,0.004273602,1219.2094,1219.2094,933.41064
1310,0.004275252,1241.2863,1241.2863,894.7661
1311,0.00427686,1057.6178,1373.6863,1057.6178
1312,0.004278458,771.0825,771.0825,716.59814
1313,0.004280044,445.02158,445.02158,592.3208
1314,0.004281647,126.348175,803.8145,126.348175
1315,0.004283312,-127.6703,-127.6703,-193.67526
1316,0.004284992,-203.04984,-203.04984,-200.39401
1317,0.004286633,5.4848886,-187.92767,5.4848886
1318,0.004288218,492.66953,492.66953,723.50836
1319,0.004289733,951.26904,951.26904,976.34814
1320,0.004291206,1077.9185,743.11206,1077.9185
1321,0.004292678,705.9547,705.9547,508.14505
1322,0.004294142,122.40669,122.40669,91.54348
1323,0.004295604,-279.73776,360.23682,-279.73776
1324,0.004297076,-209.65944,-209.65944,85.59817
1325,0.004298579,225.86507,225.86507,307.56302
1326,0.004300063,783.2427,701.78925,783.2427
1327,0.004301526,1259.0927,1259.0927,1401.2466
1328,0.004302954,1578.8931,1578.8931,1660.4458
1329,0.004304386,1711.4888,1718.6897,1711.4888
1330,0.004305875,1629.8292,1629.8292,1464.8364
1331,0.004307449,1399.9054,1399.9054,1180.7622
1332,0.004309015,1159.4497,1236.68,1159.4497
1333,0.004310592,1029.14,1029.14,1248.5083
1334,0.004312195,1078.6798,1078.6798,1321.4263
1335,0.004313788,1361.8911,1028.6049,1361.8911
1336,0.004315343,1863.8447,1863.8447,1952.3794
1337,0.004316909,2392.87,2392.87,2504.0864
1338,0.00431855,2696.899,2158.054,2696.899
1339,0.004320234,2567.7876,2567.7876,2474.2974
1340,0.004321893,2312.728,2312.728,1998.1216
1341,0.004323516,2349.9849,2278.9854,2349.9849
1342,0.004325146,2917.8198,2917.8198,2366.4653
1343,0.004326773,3626.5056,3626.5056,3261.4026
1344,0.004328376,3932.969,2697.683,3932.969
1345,0.004329944,3511.4116,3511.4116,3717.6135
1346,0.004331481,2693.335,2693.335,2752.3325
1347,0.004332999,1917.2777,2683.016,1917.2777
1348,0.004334516,1492.9342,1492.9342,1359.3989
1349,0.004336053,1344.042,1344.042,1174.0669
1350,0.004337654,1296.727,2378.7146,1296.727
1351,0.004339315,1195.4952,1195.4952,1660.7505
1352,0.004340907,1053.7053,1053.7053,1340.7583
1353,0.004342441,917.7583,1107.3575,917.7583
1354,0.004343994,812.7767,812.7767,787.35596
1355,0.004345608,733.1658,733.1658,361.5474
1356,0.004347216,668.42633,397.0545,668.42633
1357,0.004348782,614.17413,614.17413,874.9575
1358,0.004350364,602.32556,602.32556,837.5239
1359,0.004351988,681.47314,562.82684,681.47314
1360,0.004353611,871.3597,871.3597,1192.0747
1361,0.004355239,1074.6232,1074.6232,1019.5083
1362,0.004356869,1162.5864,1108.7057,1162.5864
1363,0.004358463,1052.8756,1052.8756,1193.7114
1364,0.004360039,829.5082,829.5082,855.0708
1365,0.004361616,605.4576,599.4876,605.4576
1366,0.004363191,477.93582,477.93582,411.16458
1367,0.004364788,478.6859,478.6859,327.4849
1368,0.004366367,623.10986,386.16507,623.10986
1369,0.004367936,895.5939,895.5939,950.60205
1370,0.004369541,1180.285,1180.285,1034.52
1371,0.004371144,1312.8599,934.7901,1312.8599
1372,0.004372707,1186.1849,1186.1849,1214.688
1373,0.004374295,861.47565,861.47565,858.0787
1374,0.004375905,441.02393,311.6193,441.02393
1375,0.004377492,53.831993,53.831993,139.97708
1376,0.004379064,-158.04048,-158.04048,67.47317
1377,0.00438067,-41.128395,10.354554,-41.128395
1378,0.004382239,468.77243,468.77243,710.0864
1379,0.004383813,1109.9001,1109.9001,1194.9067
1380,0.004385438,1539.8247,922.8412,1539.8247
1381,0.004387123,1454.1129,1454.1129,1547.3599
1382,0.004388804,1014.90814,1014.90814,1263.4224
1383,0.004390463,531.48486,948.0175,531.48486
1384,0.004392126,233.28238,233.28238,19.664576
1385,0.004393786,125.231285,125.231285,-361.644
1386,0.004395403,150.5474,188.05782,150.5474
1387,0.004396959,237.4812,237.4812,564.68024
1388,0.004398527,279.94876,279.94876,523.65283
1389,0.004400102,156.64894,127.31327,156.64894
1390,0.004401672,-202.35901,-202.35901,-229.47604
1391,0.004403211,-659.0261,-659.0261,-579.51514
1392,0.004404781,-1055.8237,-971.3476,-1055.8237
1393,0.00440638,-1241.0574,-1241.0574,-1226.1128
1394,0.004407976,-1200.3851,-1200.3851,-1135.3003
1395,0.004409596,-959.82367,-755.71484,-959.82367
1396,0.0044112,-579.9468,-579.9468,-567.01514
1397,0.004412784,-219.43758,-219.43758,-82.29636
1398,0.004414297,-50.179173,150.88461,-50.179173
1399,0.00441577,-152.33934,-152.33934,176.1802
1400,0.004417217,-429.35205,-429.35205,-407.96042
1401,0.004418664,-759.23,-679.60455,-759.23
1402,0.004420176,-1025.8429,-1025.8429,-1320.5189
1403,0.004421692,-1061.6411,-1061.6411,-1333.5815
1404,0.004423186,-717.6128,-847.5443,-717.6128
1405,0.004424713,78.88975,78.88975,93.09426
1406,0.00442628,1000.28345,1000.28345,1021.48096
1407,0.004427871,1551.1646,1023.2365,1551.1646
1408,0.004429486,1363.4629,1363.4629,903.42236
1409,0.004431048,751.269,751.269,250.78177
1410,0.004432585,153.08644,1028.3994,153.08644
1411,0.004434131,-123.3594,-123.3594,23.531763
1412,0.004435688,-114.61066,-114.61066,279.78174
1413,0.004437223,45.12942,318.8651,45.12942
1414,0.004438765,234.89977,234.89977,394.3169
1415,0.004440337,370.17758,370.17758,236.53177
1416,0.004441926,365.06302,308.8907,365.06302
1417,0.00444354,172.6399,172.6399,111.63724
1418,0.004445113,-67.554184,-67.554184,-107.22214
1419,0.004446669,-191.51901,253.15977,-191.51901
1420,0.004448257,-99.407196,-99.407196,-94.30417
1421,0.004449849,55.078636,55.078636,184.1099
1422,0.00445144,46.16067,-54.83131,46.16067
1423,0.004452998,-258.40057,-258.40057,-340.53854
1424,0.004454487,-653.9907,-653.9907,-900.3315
1425,0.004455973,-916.6713,-372.20093,-916.6713
1426,0.004457502,-873.3652,-873.3652,-935.5034
1427,0.004459082,-584.3365,-584.3365,-604.1674
1428,0.004460662,-209.73776,-340.4454,-209.73776
1429,0.00446227,106.99697,106.99697,172.55519
1430,0.004463899,274.6129,274.6129,549.7271
1431,0.004465512,219.19582,-21.387781,219.19582
1432,0.004467125,-89.58232,-89.58232,-89.71824
1433,0.004468736,-539.7188,-539.7188,-453.06198
1434,0.004470365,-988.8979,-660.5192,-988.8979
1435,0.004471942,-1298.3197,-1298.3197,-1099.8042
1436,0.004473474,-1457.6156,-1457.6156,-1333.519
1437,0.004474978,-1478.4839,-812.97516,-1478.4839
1438,0.004476454,-1379.6779,-1379.6779,-1340.8042
1439,0.004477938,-1218.3954,-1218.3954,-1189.7455
1440,0.004479426,-1063.4487,-721.15015,-1063.4487
1441,0.004480936,-959.67926,-959.67926,-997.15576
1442,0.004482435,-859.2597,-859.2597,-736.9253
1443,0.004483921,-688.88617,-503.85397,-688.88617
1444,0.004485415,-412.37546,-412.37546,-261.77682
1445,0.00448695,-147.68181,-147.68181,19.1177
1446,0.004488457,-75.190895,257.95306,-75.190895
1447,0.004489969,-287.83145,-287.83145,64.30521
1448,0.004491462,-603.44226,-603.44226,-310.14792
1449,0.004492978,-784.1831,94.3882,-784.1831
1450,0.004494592,-638.11395,-638.11395,-774.82367
1451,0.004496224,-320.99216,-320.99216,-727.226
1452,0.004497844,-116.62448,238.56943,-116.62448
1453,0.004499434,-204.23589,-204.23589,-268.7026
1454,0.004501063,-406.28806,-406.28806,-245.55025
1455,0.00450272,-438.28073,-110.492256,-438.28073
1456,0.004504325,-115.98991,-115.98991,-311.28854
1457,0.004505917,355.7255,355.7255,134.48099
1458,0.004507507,695.4575,623.8842,695.4575
1459,0.00450906,693.49994,693.49994,573.28955
1460,0.004510603,413.5702,413.5702,582.649
1461,0.004512166,-38.42136,397.31985,-38.42136
1462,0.004513761,-540.2598,-540.2598,-744.40186
1463,0.004515383,-890.86206,-890.86206,-895.63617
1464,0.004517025,-855.72217,-390.08356,-855.72217
1465,0.004518691,-282.36386,-282.36386,-529.7573
1466,0.004520344,570.0959,570.0959,-197.47606
1467,0.004521986,1353.7192,1524.174,1353.7192
1468,0.004523618,1783.0004,1783.0004,1955.477
1469,0.00452522,1779.6849,1779.6849,2499.6528
1470,0.004526776,1338.602,1545.7887,1338.602
1471,0.004528292,532.51697,532.51697,117.44974
1472,0.004529829,-330.46362,-330.46362,-441.41745
1473,0.004531421,-835.4135,294.20038,-835.4135
1474,0.004533049,-624.31506,-624.31506,-816.9604
1475,0.004534733,69.53766,69.53766,-231.17136
1476,0.004536406,772.50836,8.939106,772.50836
1477,0.004538082,1127.8407,1127.8407,281.08643
1478,0.004539744,1199.0199,1199.0199,685.2544
1479,0.004541397,1158.1997,1428.6998,1158.1997
1480,0.004543039,1133.5781,1133.5781,1089.2505
1481,0.004544684,1102.4414,1102.4414,862.65674
1482,0.004546203,1016.3716,1322.3665,1016.3716
1483,0.004547663,868.28516,868.28516,778.9927
1484,0.004549101,771.913,771.913,632.3091
1485,0.00455057,870.75446,1140.2881,870.75446
1486,0.004552125,1273.7909,1273.7909,1084.2036
1487,0.004553763,1761.8774,1761.8774,1728.52
1488,0.004555406,1941.1215,1624.7019,1941.1215
1489,0.004557074,1555.503,1555.503,1439.102
1490,0.004558713,929.9357,929.9357,410.28174
1491,0.004560323,506.74268,949.30133,506.74268
1492,0.004561973,588.0923,588.0923,824.524
1493,0.004563677,1048.2327,1048.2327,1462.2036
1494,0.004565362,1580.7778,1186.2748,1580.7778
1495,0.004567059,1948.7238,1948.7238,1264.9458
1496,0.004568739,2124.621,2124.621,1830.0474
1497,0.004570405,2146.2075,1941.4886,2146.2075
1498,0.004572057,2042.6815,2042.6815,2374.016
1499,0.004573657,1824.6648,1824.6648,1992.3636
1500,0.004575255,1486.4302,1668.1504,1486.4302
1501,0.004576823,1049.5038,1049.5038,1147.6138
1502,0.004578382,589.81354,589.81354,718.98096
1503,0.004579949,197.03958,668.5531,197.03958
1504,0.004581548,-40.686848,-40.686848,-39.069798
1505,0.004583105,-51.589664,-51.589664,-112.91354
1506,0.004584622,199.47318,719.234,199.47318
1507,0.004586094,683.519,683.519,515.3247
1508,0.004587543,1171.003,1171.003,1012.29346
1509,0.004588989,1399.7505,982.38873,1399.7505
1510,0.004590455,1182.2323,1182.2323,1308.8286
1511,0.004591972,649.6622,649.6622,660.5669
1512,0.004593578,42.00051,691.3441,42.00051
1513,0.004595167,-350.85526,-350.85526,-136.72214
1514,0.004596663,-501.6418,-501.6418,-279.0151
1515,0.004598118,-464.50726,-140.67659,-464.50726
1516,0.004599558,-272.00894,-272.00894,-90.65573
1517,0.004601007,39.713448,39.713448,43.28176
1518,0.004602456,427.3911,139.75356,427.3911
1519,0.004603932,846.1697,846.1697,874.3638
1520,0.004605454,1201.8552,1201.8552,1130.1802
1521,0.004606998,1365.2231,1507.047,1365.2231
1522,0.00460857,1248.9078,1248.9078,1107.2544
1523,0.004610141,953.74603,953.74603,755.1138
1524,0.004611729,629.02,723.80853,629.02
1525,0.004613354,393.13376,393.13376,309.5669
1526,0.004614996,222.33165,222.33165,-46.12058
1527,0.004616675,43.285667,433.36224,43.285667
1528,0.004618317,-189.06389,-189.06389,365.16455
1529,0.004619959,-448.86777,-448.86777,-438.28854
1530,0.004621609,-687.4096,-236.66113,-687.4096
1531,0.00462323,-853.95044,-853.95044,-981.47217
1532,0.004624861,-920.005,-920.005,-974.55023
1533,0.004626502,-852.76514,-239.75232,-852.76514
1534,0.004628115,-648.2178,-648.2178,-447.8237
1535,0.004629722,-389.87167,-389.87167,-366.6401
1536,0.004631321,-181.71432,-237.77736,-181.71432
1537,0.004632914,-77.687004,-77.687004,-248.19872
1538,0.00463452,58.04812,58.04812,-132.6323
1539,0.0046361,400.39502,-309.41165,400.39502
1540,0.004637637,1000.2364,1000.2364,810.9536
1541,0.004639136,1517.0543,1517.0543,1643.0396
1542,0.004640633,1557.6646,1095.1926,1557.6646
1543,0.004642162,859.0997,859.0997,1120.2583
1544,0.00464372,-180.60692,-180.60692,-96.97604
1545,0.004645246,-917.4057,136.95113,-917.4057
1546,0.004646767,-935.94727,-935.94727,-1177.1283
1547,0.004648326,-404.89996,-404.89996,-296.3198
1548,0.004649917,338.75833,-146.70323,338.75833
1549,0.00465154,958.97784,958.97784,1517.4106
1550,0.004653168,1272.5319,1272.5319,1285.6646
1551,0.004654759,1162.6685,1151.952,1162.6685
1552,0.004656295,638.4571,638.4571,474.42236
1553,0.004657847,-2.0832949,-2.0832949,-707.3667
1554,0.004659437,-364.59323,370.55286,-364.59323
1555,0.004661054,-156.71455,-156.71455,197.84035
1556,0.004662692,277.7733,277.7733,277.65674
1557,0.004664328,400.74268,950.05347,400.74268
1558,0.004665962,-127.38913,-127.38913,-446.35495
1559,0.004667561,-849.3778,-849.3778,-1315.933
1560,0.004669135,-1172.1948,-549.92676,-1172.1948
1561,0.004670683,-738.0661,-738.0661,-722.31586
1562,0.004672223,78.3197,78.3197,-226.47995
1563,0.004673795,753.0201,427.47946,753.0201
1564,0.004675376,841.81696,841.81696,855.47705
1565,0.004676956,466.77332,466.77332,298.4927
1566,0.004678548,-109.58543,374.32834,-109.58543
1567,0.004680145,-637.29193,-637.29193,-564.5424
1568,0.004681764,-956.93115,-956.93115,-1094.8275
1569,0.004683399,-915.0424,-506.1057,-915.0424
1570,0.00468505,-433.22565,-433.22565,-711.0463
1571,0.004686634,207.57974,207.57974,378.59427
1572,0.004688178,711.8247,106.29469,711.8247
1573,0.004689761,881.292,881.292,554.4224
1574,0.004691375,735.25116,735.25116,262.12552
1575,0.004692934,394.68018,53.447483,394.68018
1576,0.004694491,-32.952633,-32.952633,-20.765112
1577,0.004696049,-422.82047,-422.82047,-602.93304
1578,0.004697604,-644.22217,-203.05717,-644.22217
1579,0.004699206,-616.07153,-616.07153,-404.28073
1580,0.004700794,-467.4578,-467.4578,-443.644
1581,0.004702352,-387.53464,-247.45833,-387.53464
1582,0.004703914,-492.82474,-492.82474,-75.7573
1583,0.004705483,-662.86115,-662.86115,-567.64795
1584,0.004707059,-713.1635,-481.76147,-713.1635
1585,0.004708629,-507.801,-507.801,-363.37448
1586,0.004710179,-116.68006,-116.68006,-251.39401
1587,0.004711708,345.83255,319.88913,345.83255
1588,0.004713235,775.49347,775.49347,750.23096
1589,0.00471478,1053.1313,1053.1313,1388.9731
1590,0.004716316,1044.852,965.9227,1044.852
1591,0.004717827,711.4024,711.4024,456.48096
1592,0.00471934,308.92865,308.92865,158.41068
1593,0.004720834,166.9302,189.90733,166.9302
1594,0.004722316,477.56827,477.56827,768.2583
1595,0.004723823,986.2618,986.2618,1095.9614
1596,0.004725382,1300.7896,1052.0002,1300.7896
1597,0.004726952,1087.7806,1087.7806,389.3677
1598,0.004728523,518.6426,518.6426,120.88724
1599,0.004730102,-109.61667,261.2669,-109.61667
1600,0.004731691,-545.38043,-545.38043,-631.3549
1601,0.004733277,-744.68335,-744.68335,-660.9136
1602,0.004734861,-723.09717,-517.1891,-723.09717
1603,0.004736442,-504.46002,-504.46002,-408.03073
1604,0.004738019,-146.79565,-146.79565,-211.4995
1605,0.004739605,287.91455,280.5264,287.91455
1606,0.004741131,709.3551,709.3551,606.8052
1607,0.004742648,1040.4763,1040.4763,1020.7544
1608,0.004744217,1188.7231,662.25934,1188.7231
1609,0.00474584,1081.4149,1081.4149,1056.395
1610,0.004747452,886.6107,886.6107,618.8287
1611,0.004749042,833.2388,637.4824,833.2388
1612,0.004750645,1053.806,1053.806,523.6255
1613,0.004752212,1320.0104,1320.0104,803.5786
1614,0.004753749,1342.9614,1276.2026,1342.9614
1615,0.004755258,954.7542,954.7542,1191.5865
1616,0.004756741,353.69788,353.69788,216.05519
1617,0.004758262,-215.31198,226.0784,-215.31198
1618,0.004759807,-516.47565,-516.47565,-328.21823
1619,0.004761368,-536.108,-536.108,-123.839325
1620,0.004762958,-321.1323,-307.58694,-321.1323
1621,0.004764555,61.624245,61.624245,457.4966
1622,0.004766147,493.449,493.449,464.31302
1623,0.004767696,841.0005,364.972,841.0005
1624,0.004769222,1012.25616,1012.25616,728.0239
1625,0.004770739,970.6027,970.6027,1221.0708
1626,0.004772288,679.4888,938.7406,679.4888
1627,0.004773881,141.96948,141.96948,337.22705
1628,0.004775483,-391.20984,-391.20984,-45.84714
1629,0.004777067,-607.6206,-110.409386,-607.6206
1630,0.00477865,-325.2574,-325.2574,52.426292
1631,0.004780219,195.65523,195.65523,429.7544
1632,0.004781764,595.3364,-22.316706,595.3364
1633,0.004783308,626.2039,626.2039,869.0591
1634,0.004784826,382.34348,382.34348,420.03177
1635,0.00478633,35.914574,170.6041,35.914574
1636,0.004787812,-269.12653,-269.12653,-632.1636
1637,0.004789317,-478.38397,-478.38397,-709.6557
1638,0.004790898,-540.2182,256.68335,-540.2182
1639,0.004792586,-403.4463,-403.4463,-243.10495
1640,0.004794288,-160.57718,-160.57718,-24.409643
1641,0.004795983,45.18411,272.42322,45.18411
1642,0.004797679,108.01188,108.01188,-42.573704
1643,0.004799322,59.274525,59.274525,-66.56979
1644,0.004800946,-38.47214,-23.03327,-38.47214
1645,0.004802578,-142.82124,-142.82124,334.64114
1646,0.00480422,-259.53925,-259.53925,290.75443
1647,0.004805787,-398.36667,-389.4291,-398.36667
1648,0.004807298,-569.92944,-569.92944,-808.6088
1649,0.004808814,-780.7175,-780.7175,-1032.3745
1650,0.004810367,-1035.5306,-816.86774,-1035.5306
1651,0.004811973,-1308.1915,-1308.1915,-1069.3237
1652,0.004813604,-1434.8,-1434.8,-973.44867
1653,0.004815197,-1226.0345,-809.0885,-1226.0345
1654,0.004816776,-592.911,-592.911,-894.8276
1655,0.00481837,257.15356,257.15356,-31.757298
1656,0.004819983,1024.7349,818.64667,1024.7349
1657,0.004821605,1448.5278,1448.5278,1088.4302
1658,0.004823233,1511.7223,1511.7223,1832.645
1659,0.004824838,1267.8911,1226.102,1267.8911
1660,0.00482646,773.4501,773.4501,819.52
1661,0.004828085,134.54066,134.54066,628.73883
1662,0.004829665,-512.144,-129.09428,-512.144
1663,0.00483124,-1052.0272,-1052.0272,-1636.3706
1664,0.004832827,-1276.2933,-1276.2933,-1743.5894
1665,0.004834437,-933.394,-1109.6276,-933.394
1666,0.004836041,71.7321,71.7321,-72.15574
1667,0.004837655,1229.174,1229.174,1071.4614
1668,0.004839294,1855.5005,1545.0626,1855.5005
1669,0.004840861,1474.3807,1474.3807,2099.77
1670,0.004842362,510.43082,510.43082,482.71924
1671,0.004843842,-559.3628,-185.46606,-559.3628
1672,0.004845347,-1387.8727,-1387.8727,-1330.9486
1673,0.004846887,-1878.4003,-1878.4003,-1921.0385
1674,0.004848517,-1992.2612,-1843.7217,-1992.2612
1675,0.004850176,-1712.1235,-1712.1235,-1789.972
1676,0.004851819,-1247.2866,-1247.2866,-1198.0151
1677,0.004853436,-849.3198,-1116.8928,-849.3198
1678,0.004855065,-672.8484,-672.8484,-931.3979
1679,0.004856692,-582.54144,-582.54144,-971.3432
1680,0.004858348,-357.3901,-417.66797,-357.3901
1681,0.004860038,139.78705,139.78705,221.3638
1682,0.004861706,620.28735,620.28735,830.9341
1683,0.00486335,720.938,1036.1567,720.938
1684,0.004864926,259.0786,259.0786,254.68019
1685,0.004866478,-454.09616,-454.09616,-897.3511
1686,0.004868015,-1030.0894,-216.96361,-1030.0894
1687,0.004869554,-1185.7223,-1185.7223,-1372.1401
1688,0.004871118,-974.4518,-974.4518,-1102.7886
1689,0.004872703,-538.19086,-538.1042,-538.19086
1690,0.004874319,-30.269861,-30.269861,-223.8901
1691,0.004875956,370.93246,370.93246,64.02004
1692,0.004877611,474.6216,-56.684025,474.6216
1693,0.004879281,186.01291,186.01291,426.1841
1694,0.004880951,-161.28857,-161.28857,239.98878
1695,0.004882622,-124.72604,621.24243,-124.72604
1696,0.004884304,566.6284,566.6284,237.7349
1697,0.004886001,1463.9275,1463.9275,1077.5708
1698,0.004887688,1907.4497,1503.5568,1907.4497
1699,0.004889384,1469.8448,1469.8448,1417.3872
1700,0.004891084,588.1856,588.1856,1000.66455
1701,0.004892767,-66.56979,618.0904,-66.56979
1702,0.004894412,-55.188107,-55.188107,-278.12448
1703,0.004895987,282.97052,282.97052,116.0552
1704,0.00489755,508.19583,-52.58459,508.19583
1705,0.004899101,324.2523,324.2523,512.2662
1706,0.004900649,-106.06873,-106.06873,-64.34323
1707,0.004902232,-518.5463,-308.1616,-518.5463
1708,0.004903812,-676.4812,-676.4812,-517.1948
1709,0.004905378,-597.42737,-597.42737,-674.4292
1710,0.004906996,-347.96042,-85.676865,-347.96042
1711,0.004908689,9.478039,9.478039,301.2427
1712,0.004910362,376.28058,376.28058,556.895
1713,0.004911976,665.73486,179.12851,665.73486
1714,0.004913588,842.9329,842.9329,647.0083
1715,0.004915198,963.16846,963.16846,791.7505
1716,0.004916802,1106.4733,900.2926,1106.4733
1717,0.004918434,1317.992,1317.992,1338.6919
1718,0.004920105,1478.3622,1478.3622,1672.7896
1719,0.004921768,1412.9028,1242.1375,1412.9028
1720,0.004923428,1029.63,1029.63,780.40674
1721,0.004925114,526.8126,526.8126,675.93414
1722,0.00492674,206.63333,262.4291,206.63333
1723,0.004928311,235.68623,235.68623,654.55133
1724,0.004929858,503.95737,503.95737,464.7622
1725,0.004931406,861.3365,835.56195,861.3365
1726,0.004932984,1178.8293,1178.8293,831.23486
1727,0.004934608,1372.5403,1372.5403,1479.0317
1728,0.00493624,1360.4497,828.68567,1360.4497
1729,0.004937855,1104.6301,1104.6301,1338.3364
1730,0.004939489,684.0678,684.0678,973.3326
1731,0.004941159,208.45363,-119.7756,208.45363
1732,0.004942856,-194.4518,-194.4518,56.133327
1733,0.004944536,-389.13892,-389.13892,293.46924
1734,0.00494623,-254.80415,84.3823,-254.80415
1735,0.004947888,244.04367,244.04367,59.766136
1736,0.0049495,835.412,835.412,771.22314
1737,0.004951123,1226.4731,284.06683,1226.4731
1738,0.00495277,1195.9252,1195.9252,1442.6567
1739,0.004954442,905.9543,905.9543,982.3677
1740,0.004956122,640.5162,785.7251,640.5162
1741,0.004957753,613.5041,613.5041,840.8169
1742,0.004959376,730.97723,730.97723,688.4575
1743,0.004960994,840.40283,467.56174,840.40283
1744,0.004962636,829.78076,829.78076,759.46533
1745,0.00496431,741.59106,741.59106,672.1372
1746,0.004965957,667.57477,631.5435,667.57477
1747,0.004967554,668.2535,668.2535,461.96924
1748,0.004969147,705.04913,705.04913,689.9341
1749,0.004970748,719.481,189.29219,719.481
1750,0.004972352,670.2335,670.2335,850.1841
1751,0.004973942,589.702,589.702,786.5786
1752,0.004975496,527.34033,824.7039,527.34033
1753,0.004977042,511.34906,511.34906,273.8794
1754,0.004978629,508.86612,508.86612,179.813
1755,0.004980245,468.1333,992.2116,468.1333
1756,0.004981843,361.40967,361.40967,402.20755
1757,0.004983461,256.85837,256.85837,244.03177
1758,0.004985088,252.95364,376.4912,252.95364
1759,0.004986703,404.21298,404.21298,453.39505
1760,0.004988303,592.9319,592.9319,625.0669
1761,0.0049899,666.1138,795.0897,666.1138
1762,0.004991484,515.1278,515.1278,809.35205
1763,0.004993049,200.78001,200.78001,315.4888
1764,0.004994611,-184.0698,104.54271,-184.0698
1765,0.004996203,-555.26227,-555.26227,-908.48773
1766,0.004997843,-819.5597,-819.5597,-1141.9095
1767,0.004999502,-865.2924,-561.05566,-865.2924
1768,0.005001175,-635.32074,-635.32074,-581.8706
1769,0.005002829,-291.67645,-291.67645,-165.9448
1770,0.005004426,-43.573704,-21.401873,-43.573704
1771,0.005006005,-22.158558,-22.158558,-192.61276
1772,0.005007571,-199.35475,-199.35475,-395.35104
1773,0.005009143,-514.37054,102.0256,-514.37054
1774,0.005010718,-887.44653,-887.44653,-891.8276
1775,0.005012301,-1164.463,-1164.463,-1219.7026
1776,0.005013893,-1166.8511,-289.14407,-1166.8511
1777,0.005015527,-776.2296,-776.2296,-800.2925
1778,0.005017162,-204.62437,-204.62437,-204.5698
1779,0.005018732,236.30128,783.1253,236.30128
1780,0.005020258,370.7237,370.7237,159.6216
1781,0.005021771,284.0917,284.0917,128.78958
1782,0.005023326,102.1177,629.7507,102.1177
1783,0.00502494,-68.94864,-68.94864,-59.999485
1784,0.005026547,-218.45947,-218.45947,-293.05807
1785,0.005028177,-375.48776,-570.31934,-375.48776
1786,0.005029764,-549.67206,-549.67206,-567.7221
1787,0.005031391,-726.4708,-726.4708,-637.6206
1788,0.005033031,-868.1088,-1068.0464,-868.1088
1789,0.005034647,-942.42474,-942.42474,-831.83545
1790,0.005036258,-943.1272,-943.1272,-921.38617
1791,0.005037893,-865.0229,-921.88776,-865.0229
1792,0.00503954,-709.5872,-709.5872,-817.8393
1793,0.005041137,-516.91223,-516.91223,-518.2299
1794,0.005042745,-319.46432,-7.630329,-319.46432
1795,0.005044367,-151.81494,-151.81494,-314.3862
1796,0.005045954,-38.21924,-38.21924,-56.054173
1797,0.005047523,9.367701,164.01212,9.367701
1798,0.005049089,-14.710629,-14.710629,-127.5737
1799,0.005050667,-86.429794,-86.429794,-235.86278
1800,0.005052261,-173.48776,159.39195,-173.48776
1801,0.005053855,-243.01111,-243.01111,263.20364
1802,0.005055475,-270.24713,-270.24713,392.14114
1803,0.005057016,-233.78465,316.92978,-233.78465
1804,0.005058533,-132.85333,-132.85333,-263.35495
1805,0.005060067,-20.381079,-20.381079,-446.66354
1806,0.005061648,31.609888,462.37204,31.609888
1807,0.005063194,-34.785637,-34.785637,-161.87057
1808,0.00506477,-196.4755,-196.4755,-469.03854
1809,0.005066378,-411.0737,-102.69122,-411.0737
1810,0.005067965,-622.37646,-622.37646,-510.05807
1811,0.005069541,-777.0056,-777.0056,-983.5346
1812,0.005071127,-820.7612,-360.61438,-820.7612
1813,0.005072728,-721.5205,-721.5205,-468.7573
1814,0.005074318,-560.4038,-560.4038,-153.53854
1815,0.005075862,-445.65573,-146.97879,-445.65573
1816,0.00507737,-443.62646,-443.62646,-415.83542
1817,0.005078875,-520.8779,-520.8779,-415.41745
1818,0.005080396,-624.7963,88.70061,-624.7963
1819,0.005081959,-710.03937,-710.03937,-205.5073
1820,0.005083585,-761.5437,-761.5437,-391.1323
1821,0.005085185,-770.6245,-533.49713,-770.6245
1822,0.005086778,-732.53894,-732.53894,-1022.53467
1823,0.005088385,-633.87225,-633.87225,-540.3588
1824,0.005090001,-459.1948,-404.69507,-459.1948
1825,0.005091609,-214.3419,-214.3419,-527.42914
1826,0.005093204,21.657396,21.657396,-238.28075
1827,0.005094836,157.50052,-239.51207,157.50052
1828,0.005096525,122.67042,122.67042,-357.62448
1829,0.005098176,19.109388,19.109388,-147.49557
1830,0.005099795,-12.116673,-10.847803,-12.116673
1831,0.005101394,102.46592,102.46592,198.50833
1832,0.005102977,220.59511,220.59511,393.28174
1833,0.005104555,154.89503,-15.633967,154.89503
1834,0.00510609,-190.44681,-190.44681,-116.67136
1835,0.005107553,-606.7961,-606.7961,-416.04245
1836,0.005109025,-879.6713,-840.4368,-879.6713
1837,0.00511051,-839.0749,-839.0749,-929.39014
1838,0.005112036,-564.86975,-564.86975,-1023.7417
1839,0.00511358,-221.10495,194.5419,-221.10495
1840,0.005115128,48.01774,48.01774,31.38723
1841,0.005116658,236.50754,236.50754,-77.03854
1842,0.005118149,375.5591,599.8178,375.5591
1843,0.005119606,480.62546,480.62546,560.9888
1844,0.00512108,502.25867,502.25867,305.02393
1845,0.00512261,359.1724,190.52132,359.1724
1846,0.005124227,-25.154375,-25.154375,252.44193
1847,0.005125853,-561.1873,-561.1873,-425.9526
1848,0.005127468,-1114.687,-860.49066,-1114.687
1849,0.005129052,-1558.633,-1558.633,-1461.062
1850,0.00513061,-1798.2234,-1798.2234,-2182.0073
1851,0.0051322,-1741.1869,-1214.2172,-1741.1869
1852,0.005133844,-1304.0964,-1304.0964,-863.56976
1853,0.005135506,-611.2313,-611.2313,-662.73773
1854,0.005137132,126.641136,-266.61206,126.641136
1855,0.005138743,751.98834,751.98834,464.82474
1856,0.005140368,1169.8593,1169.8593,666.2935
1857,0.005142048,1279.1528,800.28845,1279.1528
1858,0.005143613,1038.7825,1038.7825,1149.4263
1859,0.005145096,619.525,619.525,668.7036
1860,0.005146613,149.38332,975.9686,149.38332
1861,0.00514822,-250.42586,-250.42586,-278.58932
1862,0.005149876,-499.54272,-499.54272,-634.7886
1863,0.005151534,-548.51904,-368.15018,-548.51904
1864,0.005153185,-389.0103,-389.0103,-117.08543
1865,0.00515479,-124.64099,-124.64099,-76.66745
1866,0.005156356,129.98488,-6.9833255,129.98488
1867,0.00515789,306.51038,306.51038,403.09427
1868,0.005159442,467.85965,467.85965,946.11383
1869,0.005161042,709.5005,430.59467,709.5005
1870,0.005162637,1059.9214,1059.9214,1416.4731
1871,0.005164243,1305.545,1305.545,1430.3286
1872,0.005165853,1160.3091,694.6965,1160.3091
1873,0.005167398,496.4863,496.4863,152.39113
1874,0.005168903,-370.53046,-370.53046,-732.9136
1875,0.005170424,-1089.9291,-454.32623,-1089.9291
1876,0.005171978,-1368.7805,-1368.7805,-1195.519
1877,0.005173605,-1272.7578,-1272.7578,-1142.5151
1878,0.005175132,-1016.82367,-978.4147,-1016.82367
1879,0.005176569,-766.6088,-766.6088,-706.9174
1880,0.005177996,-509.35086,-509.35086,-298.5737
1881,0.005179489,-195.3901,437.48508,-195.3901
1882,0.005181039,192.5886,192.5886,-69.03074
1883,0.005182544,547.3636,547.3636,13.023952
1884,0.005184089,779.49274,585.38684,779.49274
1885,0.00518568,801.2775,801.2775,1440.02
1886,0.005187222,684.09424,684.09424,1214.145
1887,0.005188693,543.1919,635.3528,543.1919
1888,0.005190121,446.669,446.669,-372.29245
1889,0.005191545,371.14282,371.14282,-21.819798
1890,0.005193028,271.65286,462.0122,271.65286
1891,0.005194597,114.53156,114.53156,538.48486
1892,0.005196272,-55.901127,-55.901127,639.7857
1893,0.005197914,-146.06589,177.18748,-146.06589
1894,0.005199518,-108.45463,-108.45463,-202.44089
1895,0.005201086,2.467321,2.467321,64.59426
1896,0.005202678,119.602066,187.11662,119.602066
1897,0.00520432,170.8513,170.8513,329.90283
1898,0.00520594,79.99708,79.99708,-35.90964
1899,0.00520752,-212.21823,786.1429,-212.21823
1900,0.005209128,-722.82715,-722.82715,-618.0932
1901,0.00521075,-1211.5679,-1211.5679,-950.2612
1902,0.005212336,-1366.9681,-630.9671,-1366.9681
1903,0.005213921,-1016.9376,-1016.9376,-725.4839
1904,0.005215478,-409.32718,-409.32718,-580.07367
1905,0.005217003,125.68411,-220.02754,125.68411
1906,0.005218527,370.1211,370.1211,312.1802
1907,0.005220043,396.58304,396.58304,590.94977
1908,0.005221566,351.8599,321.0903,351.8599
1909,0.005223073,344.5438,344.5438,360.05127
1910,0.005224588,333.72467,333.72467,504.71536
1911,0.005226097,242.09035,622.0603,242.09035
1912,0.005227505,42.8919,42.8919,-30.124485
1913,0.005228942,-197.73235,-197.73235,-208.08153
1914,0.005230482,-376.6362,59.71078,-376.6362
1915,0.005232045,-385.19592,-385.19592,-226.01901
1916,0.005233625,-295.35062,-295.35062,-259.92136
1917,0.005235209,-229.39401,36.60224,-229.39401
1918,0.005236769,-266.19095,-266.19095,-298.34323
1919,0.005238314,-309.73605,-309.73605,-448.65573
1920,0.005239858,-226.81198,168.92574,-226.81198
1921,0.005241381,54.35936,54.35936,110.965355
1922,0.005242915,392.6953,392.6953,600.28564
1923,0.005244484,586.2661,526.1205,586.2661
1924,0.005246049,466.77896,466.77896,814.34814
1925,0.005247668,75.96741,75.96741,402.2466
1926,0.005249329,-479.59323,-75.71908,-479.59323
1927,0.005251,-1062.4956,-1062.4956,-1673.9058
1928,0.005252668,-1530.7634,-1530.7634,-2001.3745
1929,0.005254282,-1745.6831,-1546.2357,-1745.6831
1930,0.005255901,-1658.963,-1658.963,-1601.8549
1931,0.005257524,-1444.2643,-1444.2643,-1066.9878
1932,0.005259075,-1337.8472,-1321.2072,-1337.8472
1933,0.005260604,-1469.0176,-1469.0176,-940.42914
1934,0.00526216,-1721.3483,-1721.3483,-1659.5112
1935,0.005263743,-1904.9369,-1272.7942,-1904.9369
1936,0.005265328,-1862.5197,-1862.5197,-2145.3198
1937,0.005266918,-1631.9957,-1631.9957,-1691.2338
1938,0.005268533,-1295.7964,-998.3431,-1295.7964
1939,0.005270171,-928.45917,-928.45917,-1310.7261
1940,0.005271863,-539.7696,-539.7696,-380.60495
1941,0.005273571,-140.5073,66.10913,-140.5073
1942,0.005275248,240.31279,240.31279,117.8755
1943,0.005276825,517.54333,517.54333,9.887233
1944,0.00527837,635.7114,443.33597,635.7114
1945,0.005279914,549.19073,549.19073,1105.6216
1946,0.005281503,282.3937,282.3937,679.7622
1947,0.005283157,-122.53855,357.719,-122.53855
1948,0.005284865,-581.9158,-581.9158,-852.4213
1949,0.005286535,-886.9336,-886.9336,-1193.8276
1950,0.005288159,-852.17523,-423.4891,-852.17523
1951,0.005289774,-397.7309,-397.7309,-511.6987
1952,0.005291344,188.8657,188.8657,217.313
1953,0.005292897,580.34814,261.34784,580.34814
1954,0.005294458,550.96906,550.96906,247.95364
1955,0.005296048,226.36543,226.36543,209.32864
1956,0.005297657,-159.98386,179.14636,-159.98386
1957,0.005299265,-397.13275,-397.13275,-385.28464
1958,0.00530087,-443.16013,-443.16013,-561.0307
1959,0.005302492,-295.27682,-305.76553,-295.27682
1960,0.00530411,29.094917,29.094917,59.0552
1961,0.005305787,452.43958,452.43958,687.6997
1962,0.005307414,831.9693,553.05347,831.9693
1963,0.005308982,1067.0432,1067.0432,1023.5825
1964,0.005310524,1099.5897,1099.5897,1021.1372
1965,0.005312047,873.65283,317.5733,873.65283
1966,0.005313569,371.91895,371.91895,507.08646
1967,0.005315045,-230.7862,-230.7862,-185.8276
1968,0.005316492,-754.7299,-792.5458,-754.7299
1969,0.005317976,-1073.9796,-1073.9796,-939.3276
1970,0.005319537,-1145.9639,-1145.9639,-1114.4095
1971,0.00532111,-953.2846,-969.9718,-953.2846
1972,0.00532265,-546.7781,-546.7781,-134.55417
1973,0.005324167,-98.20071,-98.20071,44.316917
1974,0.005325713,210.48878,261.1862,210.48878
1975,0.005327304,217.51169,217.51169,57.258327
1976,0.005328947,-37.13565,-37.13565,27.7427
1977,0.005330575,-423.96042,-122.79601,-423.96042
1978,0.005332194,-810.3883,-810.3883,-688.3354
1979,0.005333807,-1052.137,-1052.137,-800.56586
1980,0.005335407,-1004.6362,-390.41608,-1004.6362
1981,0.005336956,-614.0249,-614.0249,-492.56586
1982,0.005338477,-85.126854,-85.126854,-173.17136
1983,0.005339988,341.82864,528.5378,341.82864
1984,0.005341501,483.65076,483.65076,210.21144
1985,0.005343045,353.57657,353.57657,105.28176
1986,0.005344629,9.430201,-26.399496,9.430201
1987,0.005346253,-464.98376,-464.98376,-391.4448
1988,0.00534784,-887.3092,-887.3092,-1273.6519
1989,0.005349405,-1094.7845,-697.0785,-1094.7845
1990,0.005350973,-985.63306,-985.63306,-506.55807
1991,0.005352573,-673.6057,-673.6057,-571.9565
1992,0.005354206,-342.17917,-318.02344,-342.17917
1993,0.005355848,-151.49532,-151.49532,-213.3823
1994,0.005357467,-74.758064,-74.758064,-264.74948
1995,0.005359078,-35.167454,260.97427,-35.167454
1996,0.005360729,18.74473,18.74473,375.71533
1997,0.005362354,42.670418,42.670418,303.52786
1998,0.005363955,-25.058079,149.44672,-25.058079
1999,0.005365525,-220.51389,-220.51389,-509.49164
2000,0.005367088,-507.05954,-507.05954,-969.1713
2001,0.005368622,-825.75726,-488.26904,-825.75726
2002,0.005370151,-1121.5282,-1121.5282,-1079.5151
2003,0.005371648,-1302.0427,-1302.0427,-1334.2572
2004,0.005373143,-1280.6987,-751.5624,-1280.6987
2005,0.005374634,-1020.12335,-1020.12335,-1278.0542
2006,0.005376133,-697.14264,-697.14264,-652.7846
2007,0.005377662,-548.87836,-466.52216,-548.87836
2008,0.005379206,-745.26996,-745.26996,-590.37054
2009,0.005380757,-1084.442,-1084.442,-796.6596
2010,0.0053823,-1263.4058,-833.6521,-1263.4058
2011,0.005383837,-1086.0574,-1086.0574,-1123.5776
2012,0.005385408,-742.4365,-742.4365,-937.32367
2013,0.005387024,-546.02295,-491.9265,-546.02295
2014,0.005388655,-736.1929,-736.1929,-787.11664
2015,0.005390317,-1086.1212,-1086.1212,-966.7573
2016,0.00539196,-1223.4956,-771.4266,-1223.4956
2017,0.005393568,-919.22156,-919.22156,-980.3237
2018,0.005395135,-406.62415,-406.62415,-525.03467
2019,0.0053967,16.672388,-255.74594,16.672388
2020,0.005398269,125.026436,125.026436,389.1411
2021,0.005399853,-21.259012,-21.259012,450.96533
2022,0.005401479,-291.49948,-327.301,-291.49948
2023,0.005403112,-542.68005,-542.68005,-619.32367
2024,0.00540476,-666.74567,-666.74567,-666.1596
2025,0.005406399,-561.8393,-296.00314,-561.8393
2026,0.005407933,-212.7292,-212.7292,64.35598
2027,0.005409463,243.00626,243.00626,386.57083
2028,0.005411018,633.5904,727.9062,633.5904
2029,0.005412572,801.206,801.206,749.9849
2030,0.005414158,732.6361,732.6361,532.41455
2031,0.005415779,440.13333,611.18567,440.13333
2032,0.005417452,-40.505417,-40.505417,-410.3198
2033,0.005419118,-535.6599,-535.6599,-978.13617
2034,0.005420648,-841.48773,-282.80557,-841.48773
2035,0.005422129,-902.44763,-902.44763,-911.55804
2036,0.005423614,-816.722,-816.722,-769.0425
2037,0.005425133,-712.89795,-629.7896,-712.89795
2038,0.005426741,-691.80536,-691.80536,-768.56195
2039,0.005428365,-688.2209,-688.2209,-1081.0542
2040,0.00542998,-581.0659,107.172195,-581.0659
2041,0.005431598,-300.65906,-300.65906,-150.22214
2042,0.005433243,18.748758,18.748758,-221.66354
2043,0.005434938,173.46927,161.4567,173.46927
2044,0.005436677,10.690444,10.690444,-36.913548
2045,0.005438411,-262.92853,-262.92853,-264.53854
2046,0.005440084,-350.3315,324.5327,-350.3315
2047,0.005441729,-87.45857,-87.45857,-86.86277
2048,0.005443344,343.9803,343.9803,226.66066
2049,0.005444935,700.4536,1139.9027,700.4536
2050,0.005446516,818.2091,818.2091,590.16846
2051,0.005448126,773.79987,773.79987,890.6763
2052,0.005449743,705.856,716.4676,705.856
2053,0.005451353,731.65594,731.65594,428.59427
2054,0.005452955,857.73413,857.73413,508.313
2055,0.005454531,1060.938,1208.8463,1060.938
2056,0.005456098,1312.158,1312.158,1239.0474
2057,0.005457668,1541.898,1541.898,965.3911
2058,0.005459261,1668.4966,1461.7045,1668.4966
2059,0.005460858,1609.067,1609.067,1771.4692
2060,0.005462448,1313.079,1313.079,1120.477
2061,0.005464063,724.68024,1316.366,724.68024
2062,0.00546571,-120.49254,-120.49254,-80.42917
2063,0.005467298,-742.28906,-742.28906,-761.3979
2064,0.005468823,-688.4995,178.5391,-688.4995
2065,0.005470361,281.25192,281.25192,128.88332
2066,0.005471912,1695.4246,1695.4246,1423.0435
2067,0.005473447,2849.192,1864.4766,2849.192
2068,0.005474986,3253.1404,3253.1404,3023.7231
2069,0.005476516,3074.976,3074.976,2740.852
2070,0.005478011,2661.7778,2340.2952,2661.7778
2071,0.005479514,2270.8496,2270.8496,2200.4146
2072,0.005481054,1947.9729,1947.9729,1761.9419
2073,0.005482635,1695.9458,1965.8043,1695.9458
2074,0.005484264,1524.6935,1524.6935,1348.9067
2075,0.005485956,1475.3695,1475.3695,1366.1411
2076,0.005487668,1601.7974,968.135,1601.7974
2077,0.005489287,1877.724,1877.724,2065.8833
2078,0.005490828,2103.1538,2103.1538,2228.9575
2079,0.005492353,2082.4185,1619.48,2082.4185
2080,0.005493938,1677.378,1677.378,1956.0043
2081,0.005495565,1098.2292,1098.2292,1147.4927
2082,0.005497201,696.96924,1378.8284,696.96924
2083,0.005498834,726.0553,726.0553,571.1372
2084,0.005500479,1023.7498,1023.7498,693.8989
2085,0.005502112,1317.9458,1193.6315,1317.9458
2086,0.005503714,1399.582,1399.582,2151.274
2087,0.005505311,1283.9908,1283.9908,1865.1528
2088,0.005506918,1029.5356,1157.681,1029.5356
2089,0.005508534,695.62964,695.62964,627.42236
2090,0.005510161,345.17386,345.17386,53.230984
2091,0.005511751,51.85989,353.72864,51.85989
2092,0.005513333,-140.50449,-140.50449,-64.68698
2093,0.005514943,-224.2604,-224.2604,-350.53464
2094,0.005516544,-195.85886,-12.013475,-195.85886
2095,0.005518161,-66.83218,-66.83218,0.6059825
2096,0.005519716,94.76038,94.76038,50.027855
2097,0.005521228,223.4263,776.20123,223.4263
2098,0.005522753,281.9669,281.9669,57.54348
2099,0.005524324,305.2671,305.2671,183.31693
2100,0.005525892,350.50052,487.5776,350.50052
2101,0.005527477,460.33914,460.33914,536.4536
2102,0.005529051,598.84766,598.84766,666.91455
2103,0.005530592,711.8325,997.70044,711.8325
2104,0.005532158,766.8575,766.8575,457.03564
2105,0.005533766,783.14166,783.14166,741.5044
2106,0.005535373,797.0825,729.3163,797.0825
2107,0.005536967,837.9482,837.9482,1186.7427
2108,0.005538536,898.6034,898.6034,1313.0591
2109,0.005540087,964.46533,1032.3857,964.46533
2110,0.005541609,1017.97723,1017.97723,1298.0591
2111,0.005543099,1030.3622,1030.3622,980.78174
2112,0.005544607,969.86774,1055.6869,969.86774
2113,0.005546173,812.5724,812.5724,723.4146
2114,0.005547749,613.3731,613.3731,643.91455
2115,0.005549281,451.84036,618.68835,451.84036
2116,0.005550819,366.59854,366.59854,622.3794
2117,0.005552365,301.40317,301.40317,440.81302
2118,0.005553885,176.84427,683.0681,176.84427
2119,0.005555436,-54.44659,-54.44659,-484.01508
2120,0.005557008,-276.4944,-276.4944,-565.2065
2121,0.005558576,-323.99557,233.14438,-323.99557
2122,0.005560173,-91.16237,-91.16237,-204.59714
2123,0.005561807,279.70615,279.70615,787.72314
2124,0.005563445,552.9185,517.43207,552.9185
2125,0.005565112,549.8,549.8,350.34427
2126,0.005566721,341.9509,341.9509,320.67236
2127,0.005568304,57.379417,643.6508,57.379417
2128,0.005569872,-209.17555,-209.17555,-720.9838
2129,0.00557146,-442.1576,-442.1576,-342.06198
2130,0.005573082,-638.49945,44.397667,-638.49945
2131,0.005574737,-781.7063,-781.7063,-872.00336
2132,0.005576396,-811.9261,-811.9261,-1108.023
2133,0.005578079,-658.8003,-212.46506,-658.8003
2134,0.005579731,-316.23267,-316.23267,-227.83151
2135,0.005581339,4.8615847,4.8615847,-497.21436
2136,0.00558294,72.68411,-43.193672,72.68411
2137,0.00558453,-245.6762,-245.6762,-184.40182
2138,0.005586063,-681.7378,-681.7378,-339.58932
2139,0.005587564,-926.62836,-660.7135,-926.62836
2140,0.005589084,-781.19836,-781.19836,-516.51117
2141,0.005590663,-384.0567,-384.0567,-604.43304
2142,0.005592202,-22.382298,22.631252,-22.382298
2143,0.005593774,110.517136,110.517136,410.96536
2144,0.005595364,46.026073,46.026073,77.32082
2145,0.005596947,-108.46823,-230.43512,-108.46823
2146,0.005598534,-267.21082,-267.21082,197.84816
2147,0.005600104,-430.77518,-430.77518,-503.7417
2148,0.005601635,-619.8862,-1043.2223,-619.8862
2149,0.005603168,-843.2821,-843.2821,-567.34326
2150,0.005604728,-1035.4269,-1035.4269,-810.0971
2151,0.005606313,-1101.5931,-971.4534,-1101.5931
2152,0.005607887,-970.0427,-970.0427,-697.7417
2153,0.005609374,-692.4002,-692.4002,-710.64014
2154,0.005610826,-323.21823,-90.474724,-323.21823
2155,0.005612265,77.49413,77.49413,432.21143
2156,0.005613697,381.50665,381.50665,806.71924
2157,0.005615169,442.12158,462.6179,442.12158
2158,0.005616625,170.58592,170.58592,-105.33151
2159,0.005618085,-218.36603,-218.36603,-307.65573
2160,0.005619604,-436.40182,81.30365,-436.40182
2161,0.005621069,-258.69836,-258.69836,-184.93307
2162,0.005622519,124.63562,124.63562,119.28175
2163,0.005623959,453.91068,315.80292,453.91068
2164,0.005625404,537.2342,537.2342,505.18802
2165,0.0056269,407.73047,407.73047,325.78177
2166,0.00562844,161.66066,422.8189,161.66066
2167,0.005630008,-94.49856,-94.49856,89.871605
2168,0.005631612,-296.20023,-296.20023,-107.39792
2169,0.005633237,-382.43307,59.153343,-382.43307
2170,0.00563488,-326.26212,-326.26212,-388.9409
2171,0.005636514,-245.01227,-245.01227,-440.09323
2172,0.005638093,-285.3784,370.3299,-285.3784
2173,0.005639676,-525.50775,-525.50775,-1243.9292
2174,0.005641272,-821.11945,-821.11945,-1517.6245
2175,0.005642851,-962.644,-387.8834,-962.644
2176,0.005644438,-811.3356,-811.3356,-1346.7065
2177,0.005646068,-461.5684,-461.5684,-455.67526
2178,0.005647724,-90.33542,265.20248,-90.33542
2179,0.005649375,139.58543,139.58543,305.1411
2180,0.005650939,204.54434,204.54434,290.4419
2181,0.005652466,130.52785,720.0426,130.52785
2182,0.005654004,-63.870304,-63.870304,-338.61276
2183,0.005655564,-318.69894,-318.69894,-454.16354
2184,0.005657106,-551.31195,-18.191109,-551.31195
2185,0.005658669,-696.12317,-696.12317,-138.28854
2186,0.005660272,-701.13916,-701.13916,-350.28073
2187,0.005661861,-520.4995,-337.85773,-520.4995
2188,0.005663437,-169.42982,-169.42982,-500.05026
2189,0.005665007,131.9267,131.9267,-238.43697
2190,0.005666592,112.85598,458.32495,112.85598
2191,0.005668116,-370.3768,-370.3768,-299.60104
2192,0.00566963,-1059.9883,-1059.9883,-1269.4917
2193,0.005671194,-1632.0619,-1134.0103,-1632.0619
2194,0.005672802,-1781.9108,-1781.9108,-1662.0151
2195,0.005674382,-1582.0106,-1582.0106,-1436.3042
2196,0.005675994,-1206.6987,-1112.7135,-1206.6987
2197,0.005677619,-815.55,-815.55,-1041.4331
2198,0.005679253,-472.3394,-472.3394,-615.5386
2199,0.005680845,-222.33151,-307.40665,-222.33151
2200,0.005682427,-79.99635,-79.99635,-117.66354
2201,0.005684006,-21.207603,-21.207603,-10.77683
2202,0.005685615,-12.226048,190.31912,-12.226048
2203,0.005687241,-30.63768,-30.63768,-110.39793
2204,0.005688891,-97.36443,-97.36443,60.719265
2205,0.005690545,-244.45651,279.25076,-244.45651
2206,0.005692167,-485.2416,-485.2416,-842.32367
2207,0.005693756,-784.28723,-784.28723,-1011.0073
2208,0.005695357,-1107.5269,-666.11835,-1107.5269
2209,0.00569696,-1407.109,-1407.109,-1154.9525
2210,0.005698586,-1619.3053,-1619.3053,-1350.0073
2211,0.005700176,-1667.5972,-448.82596,-1667.5972
2212,0.005701735,-1522.0267,-1522.0267,-1521.0775
2213,0.005703306,-1250.6492,-1250.6492,-1289.8744
2214,0.005704909,-944.4292,-900.9453,-944.4292
2215,0.005706558,-689.9408,-689.9408,-650.2885
2216,0.005708232,-527.454,-527.454,-519.80804
2217,0.005709947,-480.08932,-634.72186,-480.08932
2218,0.005711616,-561.7317,-561.7317,-535.644
2219,0.005713254,-750.60846,-750.60846,-1008.94476
2220,0.005714887,-1026.4331,-566.3531,-1026.4331
2221,0.005716507,-1335.47,-1335.47,-1522.144
2222,0.005718107,-1501.7683,-1501.7683,-1468.1167
2223,0.005719685,-1333.2573,-955.7798,-1333.2573
2224,0.005721235,-747.0662,-747.0662,-873.45654
2225,0.005722776,-8.437725,-8.437725,-42.007298
2226,0.005724322,542.60596,688.3202,542.60596
2227,0.005725892,647.6039,647.6039,561.0825
2228,0.005727491,408.70456,408.70456,420.56693
2229,0.005729105,44.035667,578.81793,44.035667
2230,0.005730683,-248.75923,-248.75923,-414.7573
2231,0.005732243,-458.47073,-458.47073,-345.71823
2232,0.005733788,-610.5385,-647.9286,-610.5385
2233,0.005735339,-728.7093,-728.7093,-1058.9213
2234,0.0057369,-829.27124,-829.27124,-944.73
2235,0.005738448,-925.9604,-927.2957,-925.9604
2236,0.00574,-1026.8817,-1026.8817,-519.87445
2237,0.005741594,-1107.753,-1107.753,-680.5893
2238,0.005743213,-1129.0073,-997.83374,-1129.0073
2239,0.005744786,-1073.3608,-1073.3608,-867.9995
2240,0.005746289,-1002.8569,-1002.8569,-848.5346
2241,0.00574778,-982.9135,-764.2612,-982.9135
2242,0.005749278,-1056.2145,-1056.2145,-1350.7377
2243,0.005750825,-1179.6995,-1179.6995,-1490.1439
2244,0.005752441,-1278.019,-805.0205,-1278.019
2245,0.005754037,-1267.4698,-1267.4698,-1176.9095
2246,0.00575562,-1105.2936,-1105.2936,-838.2378
2247,0.005757207,-752.9174,-137.41995,-752.9174
2248,0.005758809,-213.88225,-213.88225,-348.34714
2249,0.005760434,313.97626,313.97626,-162.34323
2250,0.005761985,561.7076,709.5685,561.7076
2251,0.00576352,417.0376,417.0376,551.1997
2252,0.00576511,64.009315,64.009315,30.941921
2253,0.005766766,-198.30807,365.7874,-198.30807
2254,0.005768451,-108.977684,-108.977684,-494.50726
2255,0.005770132,174.33597,174.33597,-214.3862
2256,0.005771805,384.08252,222.23486,384.08252
2257,0.005773406,351.7518,351.7518,1034.895
2258,0.005774948,249.7911,249.7911,926.65283
2259,0.005776468,288.6763,428.63623,288.6763
2260,0.005778004,583.7175,583.7175,983.06696
2261,0.005779572,891.9213,891.9213,788.3443
2262,0.005781199,836.0318,799.9523,836.0318
2263,0.005782838,155.57935,155.57935,902.4419
2264,0.005784433,-711.47394,-711.47394,313.8755
2265,0.005786027,-1237.5269,-785.172,-1237.5269
2266,0.005787633,-1058.4724,-1058.4724,-1452.4487
2267,0.005789212,-526.8595,-526.8595,-614.7846
2268,0.005790789,-148.47995,132.40059,-148.47995
2269,0.005792372,-268.1664,-268.1664,-76.577614
2270,0.005793965,-604.4715,-604.4715,-372.0112
2271,0.005795561,-705.7534,-627.87,-705.7534
2272,0.005797148,-272.465,-272.465,-179.17136
2273,0.005798745,396.43558,396.43558,355.3169
2274,0.005800361,842.4614,791.0643,842.4614
2275,0.005802001,713.99176,713.99176,1119.1528
2276,0.005803665,213.52095,213.52095,897.94196
2277,0.005805342,-284.55026,-82.29579,-284.55026
2278,0.005807029,-480.8008,-480.8008,-1037.6088
2279,0.005808732,-443.61716,-443.61716,-811.61273
2280,0.005810412,-341.73386,162.45195,-341.73386
2281,0.005812009,-304.71304,-304.71304,-104.870575
2282,0.005813585,-315.21902,-315.21902,-282.61667
2283,0.005815171,-331.11276,-303.4828,-331.11276
2284,0.005816713,-317.6925,-317.6925,114.10207
2285,0.005818246,-266.35382,-266.35382,249.28958
2286,0.00581979,-172.5737,-10.87279,-172.5737
2287,0.005821333,-46.444187,-46.444187,-57.34714
2288,0.00582284,46.805435,46.805435,-293.66354
2289,0.005824386,35.37942,69.04603,35.37942
2290,0.005825954,-129.90154,-129.90154,-183.0073
2291,0.005827514,-347.72235,-347.72235,82.559105
2292,0.005829016,-481.0893,-251.48376,-481.0893
2293,0.005830518,-455.1016,-455.1016,-531.0386
2294,0.005832035,-337.83203,-337.83203,-650.2339
2295,0.00583357,-238.73775,-34.80222,-238.73775
2296,0.005835146,-229.95557,-229.95557,-25.22605
2297,0.005836706,-203.07365,-203.07365,194.70755
2298,0.005838267,-2.073705,-322.04263,-2.073705
2299,0.005839823,449.85895,449.85895,254.46925
2300,0.005841341,915.72925,915.72925,566.3247
2301,0.005842868,1121.3872,718.95074,1121.3872
2302,0.005844407,867.72266,867.72266,800.6372
2303,0.005845917,352.9425,352.9425,556.78955
2304,0.005847407,-146.41354,564.18976,-146.41354
2305,0.005848888,-430.9802,-430.9802,-744.5815
2306,0.005850335,-526.77356,-526.77356,-413.72214
2307,0.005851773,-517.24945,-274.3945,-517.24945
2308,0.005853215,-468.85406,-468.85406,207.03568
2309,0.005854656,-418.9737,-418.9737,-140.40575
2310,0.005856087,-397.78464,-278.65558,-397.78464
2311,0.00585751,-422.10938,-422.10938,-241.2573
2312,0.005858945,-461.19858,-461.19858,-14.284642
2313,0.005860409,-470.7651,-633.65546,-470.7651
2314,0.005861919,-410.77258,-410.77258,-697.73
2315,0.005863412,-286.7875,-286.7875,-741.7026
2316,0.005864908,-113.714325,-245.5541,-113.714325
2317,0.005866429,86.562416,86.562416,251.83255
2318,0.005867972,248.23193,248.23193,391.03177
2319,0.005869538,289.8716,143.50449,289.8716
2320,0.005871138,153.55244,153.55244,89.066925
2321,0.005872743,-86.64607,-86.64607,271.5786
2322,0.005874332,-317.3198,-90.25611,-317.3198
2323,0.005875925,-449.78192,-449.78192,-487.35495
2324,0.005877488,-461.65887,-461.65887,-430.42526
2325,0.005879045,-352.04636,-75.40562,-352.04636
2326,0.00588065,-137.92502,-137.92502,-348.2651
2327,0.005882317,32.219448,32.219448,-374.4448
2328,0.005883963,-47.948704,204.35805,-47.948704
2329,0.005885597,-486.4523,-486.4523,-525.87836
2330,0.005887258,-1090.0758,-1090.0758,-614.73773
2331,0.005888882,-1552.5424,-882.9565,-1552.5424
2332,0.005890413,-1672.92,-1672.92,-1888.6244
2333,0.005891934,-1502.936,-1502.936,-1480.312
2334,0.005893509,-1092.8236,-1042.6781,-1092.8236
2335,0.005895144,-505.9193,-505.9193,-288.8823
2336,0.005896752,87.45421,87.45421,232.2466
2337,0.005898331,534.50446,595.79755,534.50446
2338,0.005899906,737.9616,737.9616,360.09033
2339,0.005901488,747.00586,747.00586,715.03174
2340,0.005903067,648.47705,803.3427,648.47705
2341,0.005904635,515.19147,515.19147,855.71533
2342,0.005906194,355.38858,355.38858,460.77396
2343,0.00590778,156.78958,643.25214,156.78958
2344,0.005909381,-67.888054,-67.888054,101.33254
2345,0.005910962,-219.40582,-219.40582,8.086452
2346,0.005912499,-191.6909,-71.999664,-191.6909
2347,0.005914007,58.668373,58.668373,-154.7495
2348,0.005915518,399.34235,399.34235,-163.1362
2349,0.005917003,648.85596,626.8207,648.85596
2350,0.005918466,694.9482,694.9482,675.61774
2351,0.005919924,625.0166,625.0166,629.1294
2352,0.005921395,569.4497,837.56036,569.4497
2353,0.005922887,617.9852,617.9852,521.17236
2354,0.005924418,676.25916,676.25916,631.0044
2355,0.005925937,591.59814,641.8018,591.59814
2356,0.005927409,269.0145,269.0145,555.8247
2357,0.005928898,-246.70285,-246.70285,-104.29246
2358,0.00593044,-883.9057,-159.31253,-883.9057
2359,0.00593204,-1520.5491,-1520.5491,-1550.98
2360,0.005933621,-1881.3215,-1881.3215,-2060.9917
2361,0.005935192,-1708.8862,-951.18976,-1708.8862
2362,0.005936777,-863.65735,-863.65735,-953.68695
2363,0.005938386,274.3384,274.3384,4.8286386
2364,0.005940036,1154.9966,633.4374,1154.9966
2365,0.005941701,1303.4731,1303.4731,1151.731
2366,0.005943337,894.5583,894.5583,849.8677
2367,0.005944979,250.95753,407.59314,250.95753
2368,0.005946594,-334.9855,-334.9855,-744.4487
2369,0.005948183,-736.3829,-736.3829,-810.40576
2370,0.005949777,-870.6479,-457.59894,-870.6479
2371,0.005951378,-688.3671,-688.3671,-632.82764
2372,0.005952898,-351.65955,-351.65955,-373.03073
2373,0.005954409,-24.397924,-87.79982,-24.397924
2374,0.005955952,166.92131,166.92131,291.73096
2375,0.005957524,206.74191,206.74191,313.02396
2376,0.005959135,113.109886,-187.88017,113.109886
2377,0.005960751,-80.642715,-80.642715,-163.33932
2378,0.005962335,-300.91425,-300.91425,-186.1909
2379,0.005963867,-473.61273,-21.419033,-473.61273
2380,0.005965367,-547.1283,-547.1283,-402.68698
2381,0.005966879,-497.58185,-497.58185,-347.2534
2382,0.005968399,-301.73386,164.04884,-301.73386
2383,0.005969896,28.852549,28.852549,-49.077614
2384,0.005971379,383.6211,383.6211,436.76224
2385,0.005972843,631.6763,863.26483,631.6763
2386,0.005974318,679.1305,679.1305,376.16068
2387,0.005975816,535.60645,535.60645,270.9536
2388,0.005977351,236.54347,1027.0485,236.54347
2389,0.005978972,-155.1808,-155.1808,-113.05417
2390,0.005980577,-386.43835,-386.43835,80.02786
2391,0.005982229,-178.24557,392.66245,-178.24557
2392,0.005983926,643.7691,643.7691,488.356
2393,0.005985628,1564.0593,1564.0593,1735.5005
2394,0.005987333,1887.6294,1395.6805,1887.6294
2395,0.005989049,1151.4236,1151.4236,762.9536
2396,0.005990761,-119.757996,-119.757996,-373.2026
2397,0.005992475,-1158.6284,280.4369,-1158.6284
2398,0.005994117,-1385.6414,-1385.6414,-1569.808
2399,0.0059957,-1018.13007,-1018.13007,-1492.1206
2400,0.005997232,-376.3315,-666.50586,-376.3315
2401,0.00599879,329.38303,329.38303,-136.58151
2402,0.006000407,968.136,968.136,118.42629
2403,0.006002041,1384.0239,1017.5,1384.0239
2404,0.006003649,1472.3663,1472.3663,1531.5825
2405,0.006005234,1295.9828,1295.9828,1158.3599
2406,0.006006822,939.8716,1403.2573,939.8716
2407,0.006008393,505.81567,505.81567,498.46143
2408,0.006009954,142.14465,142.14465,-60.53855
2409,0.006011487,6.082545,389.23013,6.082545
2410,0.006013009,173.5424,173.5424,-159.93307
2411,0.006014516,463.48398,463.48398,269.88333
2412,0.006016039,642.29346,569.72437,642.29346
2413,0.006017586,517.2058,517.2058,1211.2739
2414,0.006019161,115.80164,115.80164,873.78564
2415,0.006020707,-445.97214,238.56047,-445.97214
2416,0.006022266,-1049.8479,-1049.8479,-1099.3276
2417,0.006023851,-1446.8762,-1446.8762,-1217.3862
2418,0.006025424,-1338.9916,-1035.8253,-1338.9916
2419,0.006027012,-560.57086,-560.57086,-831.0424
2420,0.006028592,537.0116,537.0116,769.78174
2421,0.006030161,1482.4497,245.4074,1482.4497
2422,0.006031745,1923.3771,1923.3771,1974.516
2423,0.00603332,1881.3461,1881.3461,1896.5004
2424,0.006034914,1483.1333,1721.6967,1483.1333
2425,0.006036554,855.8907,855.8907,786.4497
2426,0.00603819,231.18361,231.18361,375.1919
2427,0.006039802,-152.28464,-247.37979,-152.28464
2428,0.006041371,-152.72816,-152.72816,182.188
2429,0.006042929,95.09105,95.09105,102.121605
2430,0.006044501,412.46143,284.48355,412.46143
2431,0.006046089,646.1756,646.1756,660.7779
2432,0.00604772,765.3262,765.3262,864.4302
2433,0.006049304,766.78174,965.5268,766.78174
2434,0.006050794,680.59406,680.59406,579.5826
2435,0.006052261,576.60944,576.60944,335.39502
2436,0.006053734,528.3364,899.27325,528.3364
2437,0.006055219,592.22894,592.22894,424.6763
2438,0.00605675,748.5932,748.5932,591.3677
2439,0.006058367,957.5904,935.8331,957.5904
2440,0.006060009,1152.2311,1152.2311,1258.9185
2441,0.006061612,1251.2775,1251.2775,1126.6646
2442,0.006063243,1181.8833,1192.6318,1181.8833
2443,0.00606488,895.60077,895.60077,937.85205
2444,0.006066511,488.69055,488.69055,447.22318
2445,0.006068124,92.69192,544.8556,92.69192
2446,0.006069707,-172.66159,-172.66159,-288.96823
2447,0.006071286,-214.56226,-214.56226,-85.1987
2448,0.006072857,60.602074,-168.55013,60.602074
2449,0.006074455,697.83295,697.83295,911.96533
2450,0.006076103,1491.4133,1491.4133,1580.52
2451,0.006077744,2104.0552,1471.7401,2104.0552
2452,0.006079364,2304.0706,2304.0706,1812.7622
2453,0.006080957,2194.409,2194.409,1877.6411
2454,0.006082551,1942.1139,1699.6193,1942.1139
2455,0.006084162,1675.3837,1675.3837,1846.0006
2456,0.006085798,1404.7307,1404.7307,1251.4263
2457,0.006087468,1109.0474,1112.3522,1109.0474
2458,0.006089112,799.9842,799.9842,1009.50836
2459,0.006090747,558.15826,558.15826,443.4302
2460,0.006092378,484.79346,518.0595,484.79346
2461,0.006094009,628.98615,628.98615,717.7036
2462,0.006095617,828.4676,828.4676,892.60205
2463,0.006097181,882.6294,1384.927,882.6294
2464,0.006098758,662.403,662.403,544.28174
2465,0.006100345,255.54918,255.54918,95.78957
2466,0.006101964,-194.12839,378.82864,-194.12839
2467,0.006103607,-534.213,-534.213,-229.11276
2468,0.006105267,-650.4295,-650.4295,-564.7378
2469,0.006106896,-447.9487,-442.78574,-447.9487
2470,0.006108506,96.04827,96.04827,6.023951
2471,0.006110136,802.9316,802.9316,634.47314
2472,0.006111756,1412.7856,1053.0729,1412.7856
2473,0.006113283,1733.3158,1733.3158,1969.6996
2474,0.006114748,1859.5562,1859.5562,1746.1294
2475,0.0061162,1907.4574,1592.6925,1907.4574
2476,0.006117702,1939.1664,1939.1664,1475.4575
2477,0.006119289,1852.9855,1852.9855,1521.0396
2478,0.006120901,1486.856,1757.9545,1486.856
2479,0.006122518,780.31647,780.31647,660.38336
2480,0.006124087,96.596115,96.596115,-16.479954
2481,0.006125662,-172.17918,339.06128,-172.17918
2482,0.006127244,230.91183,230.91183,-95.077614
2483,0.006128833,908.4008,908.4008,414.58646
2484,0.006130359,1283.3481,1076.5432,1283.3481
2485,0.006131841,1046.6619,1046.6619,997.15674
2486,0.006133314,486.93542,486.93542,818.8755
2487,0.006134766,16.008326,383.60248,16.008326
2488,0.00613625,-69.53155,-69.53155,-315.394
2489,0.006137753,188.98901,188.98901,164.00441
2490,0.006139314,654.4966,535.10284,654.4966
2491,0.006140919,1165.7634,1165.7634,1423.0708
2492,0.00614254,1567.6166,1567.6166,1712.352
2493,0.006144176,1712.8247,1019.7773,1712.8247
2494,0.006145758,1509.2485,1509.2485,1140.4263
2495,0.006147296,1057.3822,1057.3822,868.2271
2496,0.00614884,460.84424,667.86505,460.84424
2497,0.006150426,-187.45323,-187.45323,-12.897923
2498,0.006152044,-766.0779,-766.0779,-679.45654
2499,0.006153636,-1134.6597,-948.2231,-1134.6597
2500,0.006155213,-1213.4445,-1213.4445,-1400.5347
2501,0.006156797,-1022.7804,-1022.7804,-1280.515
2502,0.006158413,-595.2221,-671.8411,-595.2221
2503,0.006160061,-11.74046,-11.74046,46.965355
2504,0.006161688,434.27924,434.27924,183.19972
2505,0.006163315,431.7622,444.2511,431.7622
2506,0.006164935,-184.54095,-184.54095,-46.60105
2507,0.006166566,-995.5487,-995.5487,-696.69476
2508,0.006168178,-1416.8392,-362.63736,-1416.8392
2509,0.006169763,-1081.9291,-1081.9291,-1603.8081
2510,0.006171366,-289.79227,-289.79227,-740.0698
2511,0.006172975,483.3599,-313.89514,483.3599
2512,0.006174579,852.20074,852.20074,1258.0317
2513,0.006176181,844.85266,844.85266,1210.2974
2514,0.006177755,593.78564,717.5392,593.78564
2515,0.006179344,226.16429,226.16429,189.313
2516,0.006180984,-96.77763,-96.77763,-345.93698
2517,0.006182672,-167.33542,-24.970499,-167.33542
2518,0.006184312,133.0671,133.0671,44.023952
2519,0.006185946,571.503,571.503,332.37943
2520,0.00618754,841.10596,700.96826,841.10596
2521,0.006189052,762.61523,762.61523,673.3599
2522,0.006190575,459.4365,459.4365,225.98097
2523,0.006192128,103.941925,729.5603,103.941925
2524,0.006193745,-159.98773,-159.98773,8.277857
2525,0.006195357,-339.54535,-339.54535,-210.10886
2526,0.00619699,-507.49945,380.32632,-507.49945
2527,0.006198623,-702.8387,-702.8387,-635.21436
2528,0.006200188,-842.2287,-842.2287,-786.4448
2529,0.006201683,-841.07367,-366.3657,-841.07367
2530,0.006203129,-670.65784,-670.65784,-800.7065
2531,0.006204588,-437.16336,-437.16336,-451.37057
2532,0.006206105,-285.11276,-210.6484,-285.11276
2533,0.006207641,-339.7025,-339.7025,-586.84717
2534,0.006209197,-519.8163,-519.8163,-641.2026
2535,0.006210773,-684.2885,-576.23615,-684.2885
2536,0.00621237,-716.2448,-716.2448,-912.4487
2537,0.006213992,-634.23773,-634.23773,-1007.55804
2538,0.006215581,-500.87057,-693.1182,-500.87057
2539,0.006217153,-370.45114,-370.45114,-417.6909
2540,0.006218705,-279.26517,-279.26517,-300.96042
2541,0.006220283,-257.6284,-450.72168,-257.6284
2542,0.006221905,-322.64926,-322.64926,-386.48776
2543,0.006223484,-399.5191,-399.5191,-152.89401
2544,0.006225081,-398.27292,53.444878,-398.27292
2545,0.006226681,-252.62282,-252.62282,-139.68698
2546,0.006228251,-15.089183,-15.089183,60.031765
2547,0.00622983,245.42628,-238.12592,245.42628
2548,0.006231404,459.52747,459.52747,743.40674
2549,0.006232935,580.0467,580.0467,337.27393
2550,0.006234495,574.40674,684.7655,574.40674
2551,0.006236105,410.47925,410.47925,637.0201
2552,0.006237728,139.37375,139.37375,311.2036
2553,0.006239365,-163.27292,-14.09938,-163.27292
2554,0.006240941,-414.49323,-414.49323,-955.0385
2555,0.006242524,-585.484,-585.484,-1028.9017
2556,0.006244135,-639.74164,-923.69965,-639.74164
2557,0.006245782,-549.1902,-549.1902,-938.11273
2558,0.00624741,-359.41373,-359.41373,-580.44476
2559,0.006249037,-130.9526,166.46051,-130.9526
2560,0.006250659,78.79812,78.79812,-45.186985
2561,0.006252285,228.65921,228.65921,448.8872
2562,0.00625388,279.4419,455.81808,279.4419
2563,0.006255433,239.19363,239.19363,-204.45651
2564,0.006256957,259.70612,259.70612,-34.83933
2565,0.006258478,517.7974,115.47726,517.7974
2566,0.006260015,1123.8026,1123.8026,1388.0396
2567,0.006261584,1892.768,1892.768,2196.434
2568,0.006263167,2526.7544,1807.4458,2526.7544
2569,0.006264704,2800.3877,2800.3877,2162.899
2570,0.006266281,2853.5994,2853.5994,2124.8833
2571,0.006267913,2890.1917,2634.3342,2890.1917
2572,0.006269559,3070.6035,3070.6035,3235.5708
2573,0.006271222,3268.8345,3268.8345,3623.8794
2574,0.006272858,3278.9263,3143.5935,3278.9263
2575,0.006274498,2977.988,2977.988,2910.7385
2576,0.006276154,2524.6765,2524.6765,2547.77
2577,0.006277776,2168.0396,2360.803,2168.0396
2578,0.006279375,2067.6672,2067.6672,2408.1802
2579,0.006280879,2142.2092,2142.2092,2031.0396
2580,0.006282356,2272.391,2417.9885,2272.391
2581,0.00628388,2372.4478,2372.4478,2252.102
2582,0.006285433,2385.8865,2385.8865,2247.6646
2583,0.006286997,2265.7192,2411.693,2265.7192
2584,0.006288571,2002.3876,2002.3876,1824.5747
2585,0.00629017,1735.6189,1735.6189,1961.4302
2586,0.006291796,1658.8833,1899.1202,1658.8833
2587,0.006293448,1922.3997,1922.3997,2204.856
2588,0.006295117,2429.7566,2429.7566,2744.309
2589,0.006296794,3009.1333,2529.866,3009.1333
2590,0.006298468,3485.7166,3485.7166,3275.102
2591,0.006300043,3701.8691,3701.8691,3453.8987
2592,0.00630161,3565.688,2863.9197,3565.688
2593,0.006303225,3002.6267,3002.6267,3298.9885
2594,0.006304865,2241.2432,2241.2432,1924.1879
2595,0.006306521,1615.395,2408.4817,1615.395
2596,0.006308171,1394.8918,1394.8918,1404.1294
2597,0.00630984,1524.5063,1524.5063,1521.8677
2598,0.006311547,1879.6528,1857.1168,1879.6528
2599,0.00631324,2308.206,2308.206,2217.9458
2600,0.006314874,2654.5747,2654.5747,2841.5513
2601,0.006316441,2799.1606,2682.0466,2799.1606
2602,0.006317995,2678.449,2678.449,2236.5552
2603,0.006319583,2346.8533,2346.8533,2040.6569
2604,0.006321214,1894.106,1473.6891,1894.106
2605,0.006322821,1443.7405,1443.7405,1445.9614
2606,0.006324402,1098.8137,1098.8137,1493.8989
2607,0.006325962,951.6059,970.3999,951.6059
2608,0.006327529,1047.2537,1047.2537,832.02
2609,0.006329106,1252.5565,1252.5565,998.9263
2610,0.006330706,1382.395,917.76276,1382.395
2611,0.006332322,1293.7041,1293.7041,1632.1333
2612,0.006333925,1071.2383,1071.2383,1471.352
2613,0.006335514,855.0044,848.57227,855.0044
2614,0.006337102,750.3064,750.3064,848.6372
2615,0.006338658,751.416,751.416,446.3716
2616,0.006340198,823.34424,752.2341,823.34424
2617,0.006341732,934.9568,934.9568,1021.9888
2618,0.00634328,1055.4703,1055.4703,1211.0552
2619,0.006344822,1150.3247,1013.2465,1150.3247
2620,0.00634638,1188.9639,1188.9639,1862.352
2621,0.006347951,1145.5294,1145.5294,1915.9536
2622,0.006349478,1002.7583,1043.2909,1002.7583
2623,0.006351001,752.7802,752.7802,928.71924
2624,0.006352581,421.6785,421.6785,642.563
2625,0.006354238,57.082546,493.32483,57.082546
2626,0.006355895,-259.5088,-259.5088,-226.85104
2627,0.006357534,-454.48123,-454.48123,-510.49557
2628,0.00635913,-463.10886,-419.12228,-463.10886
2629,0.006360694,-273.85468,-273.85468,-712.4448
2630,0.006362252,-27.092625,-27.092625,58.051292
2631,0.006363834,102.484886,197.31679,102.484886
2632,0.006365433,-25.49397,-25.49397,394.56693
2633,0.006367021,-344.79926,-344.79926,168.68411
2634,0.006368647,-750.1635,-805.8314,-750.1635
2635,0.006370235,-1098.5815,-1098.5815,-901.23773
2636,0.006371766,-1248.8282,-1248.8282,-1279.4604
2637,0.006373344,-1062.2261,-717.1986,-1062.2261
2638,0.006374997,-424.12903,-424.12903,-500.2768
2639,0.006376661,371.33304,371.33304,359.52005
2640,0.006378222,898.9224,877.02747,898.9224
2641,0.006379745,978.7098,978.7098,1241.0278
2642,0.006381274,789.32446,789.32446,1116.5356
2643,0.006382795,590.42633,305.55206,590.42633
2644,0.006384372,582.8374,582.8374,355.0435
2645,0.006385971,740.69196,740.69196,622.8247
2646,0.006387581,960.895,314.9054,960.895
2647,0.006389196,1140.2856,1140.2856,1025.2114
2648,0.006390801,1197.0183,1197.0183,833.4614
2649,0.006392413,1056.9263,501.71167,1056.9263
2650,0.006394001,694.36536,694.36536,1183.9458
2651,0.006395585,246.68173,246.68173,1111.688
2652,0.006397142,-105.34323,230.9359,-105.34323
2653,0.006398689,-243.3972,-243.3972,-644.02295
2654,0.006400208,-216.29088,-216.29088,-786.44086
2655,0.00640172,-110.95652,55.310997,-110.95652
2656,0.006403236,-1.3263482,-1.3263482,263.9185
2657,0.006404748,65.01987,65.01987,434.76224
2658,0.006406263,48.10989,354.07233,48.10989
2659,0.006407802,-73.46114,-73.46114,-128.65573
2660,0.006409385,-233.53952,-233.53952,-386.92917
2661,0.006410996,-329.019,-136.47481,-329.019
2662,0.006412596,-281.69113,-281.69113,-359.6909
2663,0.006414183,-140.30283,-140.30283,-9.269017
2664,0.006415739,17.293482,-505.87567,17.293482
2665,0.006417279,134.11559,134.11559,90.703636
2666,0.006418795,202.70924,202.70924,130.39114
2667,0.006420278,228.60207,190.86426,228.60207
2668,0.006421741,221.28845,221.28845,47.87161
2669,0.006423207,203.92212,203.92212,108.23879
2670,0.006424737,203.8677,401.982,203.8677
2671,0.00642637,235.31232,235.31232,71.547386
2672,0.006428066,220.71602,220.71602,-100.81199
2673,0.006429753,50.629417,-195.87637,50.629417
2674,0.006431425,-316.93283,-316.93283,-510.9956
2675,0.006433122,-687.3228,-687.3228,-437.78854
2676,0.006434805,-785.0971,-746.6628,-785.0971
2677,0.006436484,-441.9635,-441.9635,-286.8862
2678,0.006438125,131.13821,131.13821,187.81302
2679,0.006439731,658.66846,822.5807,658.66846
2680,0.006441346,929.64813,929.64813,898.7388
2681,0.006442959,837.64044,837.64044,627.23486
2682,0.006444595,299.5513,525.65704,299.5513
2683,0.006446232,-660.88385,-660.88385,-730.38617
2684,0.006447848,-1600.5038,-1600.5038,-1676.0112
2685,0.006449436,-2015.0541,-1064.8792,-2015.0541
2686,0.006450984,-1636.6682,-1636.6682,-1916.6362
2687,0.0064525,-905.8951,-905.8951,-1017.89795
2688,0.006453989,-370.5073,-367.00864,-370.5073
2689,0.006455488,-399.39023,-399.39023,-298.91354
2690,0.006457028,-842.4852,-842.4852,-850.0346
2691,0.006458623,-1389.808,-1101.7968,-1389.808
2692,0.00646026,-1721.6802,-1721.6802,-1963.4683
2693,0.006461895,-1730.0309,-1730.0309,-1864.4408
2694,0.006463535,-1381.9916,-1284.3733,-1381.9916
2695,0.006465178,-710.55347,-710.55347,-611.75336
2696,0.006466821,-20.563208,-20.563208,-208.99948
2697,0.006468435,315.31693,40.72673,315.31693
2698,0.006470043,91.85146,91.85146,322.4849
2699,0.006471667,-386.14694,-386.14694,-91.35104
2700,0.006473265,-666.9878,-298.0345,-666.9878
2701,0.006474867,-464.0673,-464.0673,-879.7651
2702,0.006476502,-28.372568,-28.372568,-210.92526
2703,0.006478122,216.58646,321.98206,216.58646
2704,0.006479742,-26.055897,-26.055897,-143.70651
2705,0.006481363,-607.596,-607.596,-903.1245
2706,0.006482969,-1260.4056,-833.6394,-1260.4056
2707,0.006484516,-1740.5933,-1740.5933,-1777.2769
2708,0.006485982,-1933.2036,-1933.2036,-2025.1714
2709,0.006487415,-1774.7767,-1281.5874,-1774.7767
2710,0.006488859,-1235.2498,-1235.2498,-866.2065
2711,0.006490352,-515.71814,-515.71814,-347.37448
2712,0.00649188,61.543484,62.92481,61.543484
2713,0.006493433,222.75383,222.75383,-15.940892
2714,0.006495007,39.077023,39.077023,-41.68308
2715,0.006496575,-310.15182,404.43622,-310.15182
2716,0.006498161,-666.2559,-666.2559,-559.7612
2717,0.00649979,-940.1967,-940.1967,-965.73
2718,0.006501401,-1044.0972,-273.15125,-1044.0972
2719,0.006502972,-946.2147,-946.2147,-888.39014
2720,0.006504589,-739.78125,-739.78125,-405.4487
2721,0.006506182,-565.3276,-568.3829,-565.3276
2722,0.006507755,-511.29337,-511.29337,-522.4799
2723,0.006509301,-501.97754,-501.97754,-713.1479
2724,0.006510852,-427.0112,-379.25754,-427.0112
2725,0.006512409,-213.3014,-213.3014,-396.59323
2726,0.006513992,67.17452,67.17452,-351.29245
2727,0.006515563,291.32474,291.02924,291.32474
2728,0.006517129,374.00912,374.00912,533.41064
2729,0.006518711,346.77545,346.77545,460.02393
2730,0.006520268,271.8599,222.31194,271.8599
2731,0.006521794,195.36885,195.36885,124.383316
2732,0.006523304,100.56413,100.56413,-24.120579
2733,0.00652481,-43.22214,-180.45764,-43.22214
2734,0.006526345,-251.29152,-251.29152,-298.2026
2735,0.006527924,-456.6838,-456.6838,-372.6401
2736,0.006529495,-556.40576,-299.70117,-556.40576
2737,0.006531053,-493.01056,-493.01056,-442.43307
2738,0.006532584,-355.14578,-355.14578,-613.24945
2739,0.006534059,-259.03073,-232.8765,-259.03073
2740,0.006535529,-279.47873,-279.47873,42.77395
2741,0.006537067,-412.116,-412.116,-447.09323
2742,0.006538625,-622.8745,-266.2189,-622.8745
2743,0.006540177,-847.43414,-847.43414,-978.90967
2744,0.006541724,-938.738,-938.738,-1058.9722
2745,0.00654328,-727.3979,-421.0835,-727.3979
2746,0.00654483,-134.78984,-134.78984,89.95754
2747,0.00654638,561.1546,561.1546,636.02783
2748,0.006547941,994.274,607.4638,994.274
2749,0.006549479,899.3505,899.3505,983.81683
2750,0.006550994,462.11572,462.11572,392.5435
2751,0.006552523,-57.26511,352.55817,-57.26511
2752,0.006554077,-431.03317,-431.03317,-407.03854
2753,0.00655567,-578.92645,-578.92645,-777.9253
2754,0.006557314,-447.72214,-461.62497,-447.72214
2755,0.006558932,-53.726826,-53.726826,-143.80809
2756,0.00656047,363.85333,363.85333,490.5122
2757,0.006561996,585.8325,337.76785,585.8325
2758,0.006563502,464.68063,464.68063,150.82082
2759,0.006564983,144.6658,144.6658,138.25443
2760,0.006566483,-182.6401,268.15845,-182.6401
2761,0.006568014,-359.46075,-359.46075,-113.99949
2762,0.006569541,-403.9369,-403.9369,-411.0112
2763,0.0065711,-389.36667,-200.9742,-389.36667
2764,0.006572626,-376.4318,-376.4318,-356.80417
2765,0.006574096,-367.5895,-367.5895,-244.44481
2766,0.006575549,-351.54245,82.53133,-351.54245
2767,0.006577038,-318.79907,-318.79907,-254.27292
2768,0.006578593,-267.19116,-267.19116,-280.81198
2769,0.006580183,-198.79636,23.411795,-198.79636
2770,0.006581797,-119.98724,-119.98724,-40.132298
2771,0.006583395,-54.378708,-54.378708,58.09817
2772,0.00658497,-26.48386,843.18274,-26.48386
2773,0.006586537,-42.491512,-42.491512,-27.964329
2774,0.006588071,-43.925446,-43.925446,14.563014
2775,0.006589598,39.29739,-227.40622,39.29739
2776,0.006591132,247.24316,247.24316,161.3755
2777,0.006592691,498.35782,498.35782,296.45364
2778,0.006594297,670.7114,516.2706,670.7114
2779,0.006595924,658.811,658.811,560.4497
2780,0.006597573,509.23154,509.23154,340.27396
2781,0.00659926,310.63333,557.0768,310.63333
2782,0.006600913,147.25163,147.25163,98.48099
2783,0.006602555,8.808716,8.808716,-100.31199
2784,0.006604133,-127.17136,60.171425,-127.17136
2785,0.006605674,-281.52768,-281.52768,-137.11276
2786,0.006607194,-454.16602,-454.16602,-251.68698
2787,0.006608706,-640.94867,-336.85364,-640.94867
2788,0.006610238,-817.8716,-817.8716,-912.99164
2789,0.006611806,-863.1068,-863.1068,-831.7182
2790,0.0066134,-614.2886,-819.9534,-614.2886
2791,0.006614948,-24.611292,-24.611292,131.60597
2792,0.006616479,619.3325,619.3325,710.3833
2793,0.006618024,966.8365,504.77628,966.8365
2794,0.006619616,759.05444,759.05444,627.80524
2795,0.006621247,253.91415,253.91415,128.23097
2796,0.006622825,-89.86667,296.0713,-89.86667
2797,0.006624412,8.765461,8.765461,43.258327
2798,0.006626063,378.53375,378.53375,492.83643
2799,0.006627717,675.0552,220.98482,675.0552
2800,0.00662938,639.88116,639.88116,367.16068
2801,0.006631041,397.93222,397.93222,411.08643
2802,0.006632677,174.46536,24.667797,174.46536
2803,0.006634214,117.06681,117.06681,80.73879
2804,0.006635745,126.28627,126.28627,33.129417
2805,0.006637269,68.45754,-113.72912,68.45754
2806,0.006638785,-136.98132,-136.98132,92.41067
2807,0.006640285,-371.41455,-371.41455,-42.58152
2808,0.006641823,-475.18307,-208.37956,-475.18307
2809,0.006643455,-305.37555,-305.37555,-416.53464
2810,0.00664509,43.224438,43.224438,15.199732
2811,0.006646675,389.33255,8.331694,389.33255
2812,0.006648249,604.8661,604.8661,744.2739
2813,0.00664983,639.48773,639.48773,627.52783
2814,0.006651467,448.2622,458.69083,448.2622
2815,0.006653155,17.03376,17.03376,101.7427
2816,0.006654755,-439.46695,-439.46695,-407.10495
2817,0.006656281,-730.0503,-620.69183,-730.0503
2818,0.006657802,-747.04126,-747.04126,-768.05414
2819,0.006659332,-539.3537,-539.3537,-549.13226
2820,0.006660902,-191.77682,-351.91818,-191.77682
2821,0.006662541,201.57924,201.57924,144.13724
2822,0.006664149,486.44006,486.44006,320.79736
2823,0.006665698,540.2544,286.97388,540.2544
2824,0.006667213,319.82166,319.82166,254.37941
2825,0.006668778,-29.81164,-29.81164,-80.483864
2826,0.006670357,-281.2026,-211.05975,-281.2026
2827,0.006671933,-270.34967,-270.34967,-317.06198
2828,0.006673467,-121.96258,-121.96258,25.58645
2829,0.006674978,-14.714331,-116.61359,-14.714331
2830,0.006676462,-57.350235,-57.350235,-255.84323
2831,0.006677947,-144.07516,-144.07516,-386.18698
2832,0.006679429,-119.47996,175.67816,-119.47996
2833,0.006680897,105.72984,105.72984,221.09425
2834,0.00668236,376.625,376.625,438.66846
2835,0.006683865,479.82474,370.03693,479.82474
2836,0.006685423,244.6537,244.6537,65.71926
2837,0.006686976,-144.85152,-144.85152,-246.5737
2838,0.006688498,-408.77292,-129.77852,-408.77292
2839,0.006690032,-370.6387,-370.6387,-600.4292
2840,0.006691627,-156.03766,-156.03766,-250.62839
2841,0.006693282,-3.8666735,365.97662,-3.8666735
2842,0.006694916,-106.21104,-106.21104,66.578636
2843,0.006696549,-313.01736,-313.01736,20.62942
2844,0.006698197,-395.05417,-433.3218,-395.05417
2845,0.006699775,-202.17206,-202.17206,-753.94086
2846,0.006701311,133.05217,133.05217,-655.769
2847,0.006702869,450.1802,236.87093,450.1802
2848,0.006704456,609.3386,609.3386,807.04736
2849,0.006706026,610.7824,610.7824,988.5747
2850,0.006707582,501.1763,312.02658,501.1763
2851,0.006709045,337.56934,337.56934,2.4927013
2852,0.006710484,168.5942,168.5942,-449.22995
2853,0.006711975,39.207546,165.83368,39.207546
2854,0.006713568,-15.699624,-15.699624,125.871605
2855,0.00671517,-70.67459,-70.67459,71.953636
2856,0.006716776,-243.73776,191.89879,-243.73776
2857,0.006718379,-608.051,-608.051,-423.83932
2858,0.006719988,-1061.302,-1061.302,-1186.7104
2859,0.006721593,-1451.4252,-851.87775,-1451.4252
2860,0.006723199,-1661.8563,-1661.8563,-1581.2808
2861,0.006724819,-1700.0962,-1700.0962,-1531.1987
2862,0.006726419,-1605.9095,-1173.402,-1605.9095
2863,0.006728025,-1414.6423,-1414.6423,-1139.2924
2864,0.006729617,-1146.5159,-1146.5159,-805.8979
2865,0.006731146,-827.18695,-1228.5021,-827.18695
2866,0.006732677,-461.2396,-461.2396,-306.6987
2867,0.006734228,-70.73505,-70.73505,-246.03465
2868,0.006735806,315.14505,396.4406,315.14505
2869,0.006737392,656.4815,656.4815,-57.772923
2870,0.006738933,901.9722,901.9722,562.27
2871,0.006740449,1019.28955,782.51825,1019.28955
2872,0.006741987,989.20807,989.20807,997.7193
2873,0.006743568,853.734,853.734,783.52783
2874,0.006745179,681.7544,414.02805,681.7544
2875,0.006746747,542.84094,542.84094,44.383324
2876,0.006748327,443.91022,443.91022,351.44974
2877,0.006749957,385.14896,294.38428,385.14896
2878,0.006751557,369.51065,369.51065,651.40674
2879,0.006753142,391.03436,391.03436,642.04346
2880,0.006754703,443.53177,161.60513,443.53177
2881,0.006756216,513.63855,513.63855,491.5747
2882,0.006757729,568.12494,568.12494,382.96924
2883,0.006759276,565.5513,671.0636,565.5513
2884,0.006760828,469.60556,469.60556,271.08646
2885,0.006762411,277.04135,277.04135,235.6216
2886,0.006764031,-7.4799547,206.54535,-7.4799547
2887,0.006765635,-337.4295,-337.4295,-405.49557
2888,0.006767229,-566.4729,-566.4729,-594.90967
2889,0.006768839,-522.2534,-10.0804205,-522.2534
2890,0.006770418,-111.3711,-111.3711,-80.59714
2891,0.006771997,471.35898,471.35898,416.18408
2892,0.006773615,970.19183,654.0366,970.19183
2893,0.006775223,1153.7399,1153.7399,1108.9263
2894,0.006776769,1079.996,1079.996,929.06305
2895,0.006778316,862.6411,829.4119,862.6411
2896,0.006779918,580.8866,580.8866,87.496605
2897,0.006781513,290.0674,290.0674,-330.6284
2898,0.006783051,32.953636,14.245637,32.953636
2899,0.006784559,-169.86568,-169.86568,-114.620575
2900,0.006786087,-314.48047,-314.48047,-333.02682
2901,0.006787678,-392.21823,-521.4231,-392.21823
2902,0.006789314,-392.63943,-392.63943,-254.95653
2903,0.00679093,-336.52957,-336.52957,-204.83151
2904,0.006792553,-252.47995,-78.89691,-252.47995
2905,0.006794177,-169.27353,-169.27353,102.9302
2906,0.006795811,-114.75816,-114.75816,-65.81199
2907,0.00679742,-117.17527,329.76685,-117.17527
2908,0.006798993,-199.44652,-199.44652,-307.71042
2909,0.006800597,-391.17545,-391.17545,-541.0893
2910,0.006802204,-719.2807,-372.60153,-719.2807
2911,0.006803706,-1138.7947,-1138.7947,-1174.8784
2912,0.006805175,-1511.3967,-1511.3967,-1077.4995
2913,0.006806676,-1674.3003,-834.1425,-1674.3003
2914,0.006808229,-1482.1062,-1482.1062,-1461.7924
2915,0.00680983,-1026.16,-1026.16,-1166.6519
2916,0.006811439,-502.92526,-143.15587,-502.92526
2917,0.006812976,-98.47597,-98.47597,-719.1049
2918,0.0068145,178.69357,178.69357,-197.56589
2919,0.006816051,333.10986,429.4183,333.10986
2920,0.00681759,368.17975,368.17975,662.2583
2921,0.006819143,335.0088,335.0088,716.88727
2922,0.006820685,294.6177,666.61053,294.6177
2923,0.006822211,294.60037,294.60037,277.09818
2924,0.00682374,332.59616,332.59616,270.60596
2925,0.006825275,394.76614,760.4207,394.76614
2926,0.006826818,461.11295,461.11295,549.4536
2927,0.006828329,487.19986,487.19986,746.46533
2928,0.006829846,426.731,827.79816,426.731
2929,0.006831372,256.4584,256.4584,140.69193
2930,0.006832899,59.911415,59.911415,82.89504
2931,0.006834432,-52.698704,250.47049,-52.698704
2932,0.006835978,-10.624056,-10.624056,272.02396
2933,0.006837543,85.5235,85.5235,194.8755
2934,0.006839121,83.39895,283.57968,83.39895
2935,0.006840689,-117.00172,-117.00172,333.4849
2936,0.006842279,-402.9303,-402.9303,-158.49557
2937,0.006843908,-598.0073,-168.00693,-598.0073
2938,0.006845543,-553.1172,-553.1172,-577.71826
2939,0.006847165,-322.32785,-322.32785,-292.83932
2940,0.006848751,-12.93308,56.060383,-12.93308
2941,0.006850306,282.61673,282.61673,232.9341
2942,0.006851892,495.79773,495.79773,534.5669
2943,0.006853528,538.85596,124.354164,538.85596
2944,0.006855146,371.0313,371.0313,265.7349
2945,0.006856766,162.90381,162.90381,213.0005
2946,0.006858451,141.01224,-240.52933,141.01224
2947,0.006860145,455.96423,455.96423,522.8638
2948,0.006861794,801.7481,801.7481,790.7036
2949,0.006863416,808.3091,401.50513,808.3091
2950,0.006865012,272.5827,272.5827,159.2466
2951,0.006866537,-448.54346,-448.54346,-505.53464
2952,0.006868053,-969.83154,-253.29872,-969.83154
2953,0.006869573,-1010.12085,-1010.12085,-777.23
2954,0.006871104,-699.71295,-699.71295,-416.60104
2955,0.006872683,-270.11667,103.09765,-270.11667
2956,0.006874323,64.995544,64.995544,26.090357
2957,0.006875974,276.02118,276.02118,76.34426
2958,0.006877613,403.1802,909.7185,403.1802
2959,0.006879201,483.075,483.075,303.0005
2960,0.006880755,531.1242,531.1242,364.85596
2961,0.006882284,554.50055,681.72656,554.50055
2962,0.006883796,561.6573,561.6573,612.3364
2963,0.00688531,569.7323,569.7323,570.0786
2964,0.00688677,596.3247,991.9952,596.3247
2965,0.006888203,649.8982,649.8982,679.0669
2966,0.006889694,712.6217,712.6217,604.731
2967,0.006891257,752.52,947.7177,752.52
2968,0.006892824,728.64716,728.64716,769.2388
2969,0.006894365,598.8009,598.8009,749.15283
2970,0.006895915,316.09818,1230.9994,316.09818
2971,0.006897474,-123.44426,-123.44426,-40.26511
2972,0.006899061,-547.05634,-547.05634,-706.00336
2973,0.00690071,-711.4838,-158.46945,-711.4838
2974,0.006902339,-447.31253,-447.31253,-604.86273
2975,0.006903927,-31.855804,-31.855804,-82.7573
2976,0.006905546,197.10208,-593.86847,197.10208
2977,0.006907159,-3.1481695,-3.1481695,17.195826
2978,0.00690877,-374.75186,-374.75186,-97.87448
2979,0.006910353,-541.65967,109.36812,-541.65967
2980,0.006911891,-269.61517,-269.61517,-567.00726
2981,0.006913414,277.43317,277.43317,175.32472
2982,0.006914933,861.52,415.80078,861.52
2983,0.006916466,1283.3137,1283.3137,1290.0083
2984,0.006918039,1460.3765,1460.3765,1188.2739
2985,0.006919656,1321.7114,980.9561,1321.7114
2986,0.006921323,844.28296,844.28296,783.0552
2987,0.006922975,279.60706,279.60706,22.496607
2988,0.006924582,-70.10105,431.104,-70.10105
2989,0.006926139,-53.401764,-53.401764,212.16068
2990,0.006927709,86.24309,86.24309,554.6333
2991,0.006929303,12.422388,-315.567,12.422388
2992,0.006930865,-484.36722,-484.36722,-492.03854
2993,0.006932405,-1118.8286,-1118.8286,-1706.1519
2994,0.006933947,-1515.8783,-560.2386,-1515.8783
2995,0.006935525,-1414.2382,-1414.2382,-1872.9955
2996,0.006937091,-1075.1118,-1075.1118,-1529.5894
2997,0.006938616,-898.03076,-712.3983,-898.03076
2998,0.006940104,-1109.1733,-1109.1733,-1129.6635
2999,0.006941574,-1452.8076,-1452.8076,-1185.7416
3000,0.006943052,-1579.7456,-988.3192,-1579.7456
3001,0.006944586,-1217.7992,-1217.7992,-1362.8158
3002,0.006946181,-516.4257,-516.4257,-899.24164
3003,0.006947782,177.89114,-195.78339,177.89114
3004,0.006949338,568.81647,568.81647,566.6138
3005,0.006950851,640.5613,640.5613,661.0591
3006,0.006952378,420.6138,497.83527,420.6138
3007,0.006953943,-44.778835,-44.778835,505.3013
3008,0.006955489,-491.7553,-491.7553,-65.6987
3009,0.006957015,-631.2456,-859.72565,-631.2456
3010,0.006958564,-285.23596,-285.23596,-478.44867
3011,0.006960175,311.36148,311.36148,102.03957
3012,0.006961812,736.73883,-247.29541,736.73883
3013,0.006963401,671.16345,671.16345,740.0552
3014,0.00696496,296.5943,296.5943,-49.882298
3015,0.006966496,-124.78464,-423.04266,-124.78464
3016,0.006968056,-403.85217,-403.85217,-322.09714
3017,0.006969627,-522.80707,-522.80707,-309.74167
3018,0.006971183,-517.50336,-290.99036,-517.50336
3019,0.00697275,-438.77127,-438.77127,-169.91745
3020,0.006974305,-388.74103,-388.74103,-743.08936
3021,0.006975852,-478.80807,-519.7374,-478.80807
3022,0.006977462,-791.99976,-791.99976,-154.0073
3023,0.006979079,-1213.1754,-1213.1754,-765.82367
3024,0.006980651,-1566.1049,-903.62415,-1566.1049
3025,0.006982178,-1731.323,-1731.323,-1806.3353
3026,0.006983696,-1696.1396,-1696.1396,-1707.2925
3027,0.006985196,-1464.2065,-746.6869,-1464.2065
3028,0.006986679,-1074.4515,-1074.4515,-1124.6753
3029,0.006988144,-697.41565,-697.41565,-789.601
3030,0.006989605,-524.17523,-485.32126,-524.17523
3031,0.006991089,-670.9231,-670.9231,-692.3706
3032,0.006992593,-928.8569,-928.8569,-884.31586
3033,0.006994115,-983.7026,-883.30646,-983.7026
3034,0.00699566,-615.996,-615.996,-630.0385
3035,0.006997206,-85.57472,-85.57472,-53.487766
3036,0.006998752,222.88722,308.70612,222.88722
3037,0.007000269,46.876553,46.876553,64.94973
3038,0.007001764,-417.57257,-417.57257,-562.18304
3039,0.007003268,-896.27686,-405.3422,-896.27686
3040,0.007004803,-1162.4678,-1162.4678,-944.78076
3041,0.007006403,-1186.2483,-1186.2483,-1149.9486
3042,0.007008052,-988.03076,-542.62244,-988.03076
3043,0.007009641,-631.4522,-631.4522,-562.7885
3044,0.00701119,-178.29396,-178.29396,70.94973
3045,0.007012771,339.12943,570.9795,339.12943
3046,0.007014438,860.7783,860.7783,182.57472
3047,0.007016135,1171.6642,1171.6642,435.65674
3048,0.007017853,1028.6802,1209.936,1028.6802
3049,0.007019547,313.80167,313.80167,697.42236
3050,0.007021219,-653.6218,-653.6218,-201.91747
3051,0.007022869,-1475.6831,-606.9143,-1475.6831
3052,0.007024497,-1859.3263,-1859.3263,-1738.8706
3053,0.007026087,-1827.8385,-1827.8385,-1858.3159
3054,0.007027622,-1486.8119,-972.1102,-1486.8119
3055,0.00702915,-937.14154,-937.14154,-1140.4447
3056,0.007030684,-371.12344,-371.12344,-547.2182
3057,0.007032253,-10.288549,-450.76282,-10.288549
3058,0.007033845,-39.270718,-39.270718,-15.186987
3059,0.00703545,-347.21503,-347.21503,-451.8276
3060,0.007037078,-740.1596,-152.4907,-740.1596
3061,0.007038729,-1035.5659,-1035.5659,-1105.8588
3062,0.007040347,-1148.4515,-1148.4515,-1207.4995
3063,0.007041925,-1043.4253,-1156.945,-1043.4253
3064,0.007043525,-714.51746,-714.51746,-762.5229
3065,0.007045135,-317.77005,-317.77005,-235.68307
3066,0.007046698,-61.65183,110.58636,-61.65183
3067,0.007048231,-60.09108,-60.09108,86.9927
3068,0.007049762,-205.69748,-205.69748,-244.74948
3069,0.007051282,-342.68698,124.62701,-342.68698
3070,0.007052816,-353.79935,-353.79935,-334.86276
3071,0.007054392,-253.74992,-253.74992,161.35207
3072,0.007055922,-104.58152,66.915924,-104.58152
3073,0.007057416,39.980476,39.980476,-553.9682
3074,0.007058918,143.8198,143.8198,-371.40573
3075,0.007060457,167.39505,244.91002,167.39505
3076,0.007062003,85.9305,85.9305,47.512234
3077,0.007063559,-42.43697,-42.43697,68.277855
3078,0.007065142,-137.39401,481.45477,-137.39401
3079,0.007066701,-132.96588,-132.96588,-698.31586
3080,0.007068303,-44.539692,-44.539692,-452.23776
3081,0.007069947,93.734886,346.7534,93.734886
3082,0.007071525,224.35402,224.35402,398.66068
3083,0.007073071,273.51758,273.51758,590.67236
3084,0.007074612,162.62943,592.81305,162.62943
3085,0.007076176,-147.20647,-147.20647,-125.015114
3086,0.007077808,-505.03995,-505.03995,-411.52682
3087,0.007079456,-659.3042,-85.05402,-659.3042
3088,0.007081088,-446.84998,-446.84998,-801.81976
3089,0.007082714,-48.78801,-48.78801,-464.04245
3090,0.007084329,276.03177,346.03442,276.03177
3091,0.007085937,340.09985,340.09985,384.58252
3092,0.007087525,205.81676,205.81676,349.02396
3093,0.007089132,-11.624486,544.65936,-11.624486
3094,0.007090751,-205.7283,-205.7283,-271.62057
3095,0.007092385,-316.8779,-316.8779,-185.62448
3096,0.00709399,-297.59323,-8.645645,-297.59323
3097,0.007095598,-135.96622,-135.96622,176.50833
3098,0.007097202,59.948944,59.948944,154.92238
3099,0.007098786,153.17238,76.73784,153.17238
3100,0.007100367,58.41892,58.41892,205.60599
3101,0.007101952,-136.85446,-136.85446,-176.49557
3102,0.00710357,-302.28854,6.7454185,-302.28854
3103,0.007105223,-336.74435,-336.74435,-568.45264
3104,0.007106848,-317.5733,-317.5733,-596.6675
3105,0.007108432,-365.12448,-608.4235,-365.12448
3106,0.007109958,-546.68024,-546.68024,-406.11667
3107,0.00711146,-797.08795,-797.08795,-639.37836
3108,0.007112992,-1033.0347,-619.2508,-1033.0347
3109,0.007114569,-1173.8716,-1173.8716,-1231.312
3110,0.007116139,-1196.1842,-1196.1842,-978.40186
3111,0.007117691,-1104.0894,-731.99695,-1104.0894
3112,0.007119238,-908.53375,-908.53375,-904.7221
3113,0.00712084,-639.778,-639.778,-606.18695
3114,0.007122443,-356.02682,-475.66742,-356.02682
3115,0.007124041,-96.74249,-96.74249,-87.01121
3116,0.007125634,158.48143,158.48143,96.516136
3117,0.007127238,447.31693,398.2503,447.31693
3118,0.007128852,783.52576,783.52576,780.6216
3119,0.007130485,1092.6011,1092.6011,1242.0942
3120,0.007132145,1270.2583,721.7218,1270.2583
3121,0.007133795,1239.2728,1239.2728,1128.0552
3122,0.007135449,1065.6506,1065.6506,1060.938
3123,0.007137137,844.6411,838.23254,844.6411
3124,0.007138791,664.8536,664.8536,803.1372
3125,0.007140413,516.2062,516.2062,627.63336
3126,0.007141999,369.81693,552.0719,369.81693
3127,0.007143517,221.37947,221.37947,-148.42526
3128,0.007145044,128.35168,128.35168,-79.42526
3129,0.007146589,175.9302,243.98325,175.9302
3130,0.007148149,417.41788,417.41788,361.83255
3131,0.007149721,754.1848,754.1848,759.6177
3132,0.007151294,1042.4849,999.0557,1042.4849
3133,0.007152834,1166.9971,1166.9971,1430.1294
3134,0.007154303,1139.9875,1139.9875,1091.8677
3135,0.007155785,993.34814,1015.47833,993.34814
3136,0.007157358,752.7162,752.7162,685.6333
3137,0.007158958,544.06323,544.06323,707.50055
3138,0.007160593,522.80914,373.96164,522.80914
3139,0.007162199,777.2604,777.2604,764.7739
3140,0.007163815,1125.1066,1125.1066,1130.9028
3141,0.007165418,1312.4927,965.9873,1312.4927
3142,0.007166945,1185.3694,1185.3694,934.1723
3143,0.007168439,886.70746,886.70746,490.34818
3144,0.007169993,584.1919,390.64987,584.1919
3145,0.007171584,435.66876,435.66876,16.945826
3146,0.007173168,402.03073,402.03073,-149.35104
3147,0.007174756,384.1685,241.05322,384.1685
3148,0.007176366,297.5787,297.5787,-128.40964
3149,0.007177974,122.038376,122.038376,-544.3667
3150,0.007179579,-146.08542,35.76484,-146.08542
3151,0.007181184,-477.62848,-477.62848,-819.86664
3152,0.007182774,-707.87524,-707.87524,-830.03467
3153,0.007184343,-651.58936,-534.28107,-651.58936
3154,0.007185883,-216.6176,-216.6176,-273.3237
3155,0.007187429,406.8382,406.8382,133.63332
3156,0.007189005,959.2075,1014.18146,959.2075
3157,0.007190591,1215.1768,1215.1768,1420.5669
3158,0.007192199,1225.7894,1225.7894,1434.4692
3159,0.007193804,1115.5513,1523.5114,1115.5513
3160,0.007195381,998.69904,998.69904,922.3912
3161,0.007196936,915.8464,915.8464,636.15674
3162,0.007198489,888.9302,819.637,888.9302
3163,0.007200055,944.1785,944.1785,1582.0903
3164,0.00720162,1115.7136,1115.7136,1448.563
3165,0.007203181,1438.1216,1430.3652,1438.1216
3166,0.007204744,1921.2458,1921.2458,1661.9263
3167,0.007206255,2449.5122,2449.5122,2045.7855
3168,0.007207763,2923.856,2738.5696,2923.856
3169,0.007209271,3258.8906,3258.8906,3345.1252
3170,0.007210796,3469.6675,3469.6675,3884.6294
3171,0.007212299,3589.7388,3478.0286,3589.7388
3172,0.007213809,3659.1028,3659.1028,3416.0083
3173,0.00721535,3706.5264,3706.5264,3689.7388
3174,0.007216941,3760.563,3222.7344,3760.563
3175,0.00721851,3833.5366,3833.5366,3781.7153
3176,0.007220067,3878.7498,3878.7498,3866.3362
3177,0.007221554,3840.1526,3172.2952,3840.1526
3178,0.007223008,3679.048,3679.048,3704.7112
3179,0.007224515,3361.4185,3361.4185,3387.352
3180,0.007226094,2846.8677,2495.866,2846.8677
3181,0.007227672,2165.3633,2165.3633,2123.0317
3182,0.007229258,1478.291,1478.291,1298.6802
3183,0.007230854,991.2622,1483.4548,991.2622
3184,0.007232461,849.2255,849.2255,1411.3208
3185,0.007234078,923.0185,923.0185,1609.5669
3186,0.007235728,1007.6255,1113.2279,1007.6255
3187,0.007237399,934.943,934.943,1036.3247
3188,0.007239036,758.97565,758.97565,438.4927
3189,0.007240666,581.72705,283.1621,581.72705
3190,0.007242301,483.27103,483.27103,249.12161
3191,0.007243949,469.48346,469.48346,226.32082
3192,0.00724552,523.0787,699.5764,523.0787
3193,0.007247043,620.54315,620.54315,509.8247
3194,0.00724855,726.60925,726.60925,876.60596
3195,0.007250069,804.0513,1169.3456,804.0513
3196,0.007251617,822.6181,822.6181,919.7505
3197,0.007253218,790.8832,790.8832,946.0239
3198,0.007254851,731.0669,721.9119,731.0669
3199,0.007256443,669.5769,669.5769,734.41064
3200,0.007258037,620.36035,620.36035,688.3286
3201,0.007259642,596.8599,650.64484,596.8599
3202,0.007261184,589.758,589.758,888.65674
3203,0.007262693,504.07492,504.07492,514.7544
3204,0.007264186,232.57082,-64.129265,232.57082
3205,0.007265667,-266.49887,-266.49887,-402.59714
3206,0.007267151,-798.3109,-798.3109,-899.05414
3207,0.007268655,-1104.3276,-668.3256,-1104.3276
3208,0.007270152,-991.80853,-991.80853,-1437.5111
3209,0.007271607,-619.4946,-619.4946,-896.62054
3210,0.007273071,-195.22995,-279.53006,-195.22995
3211,0.007274585,109.35229,109.35229,386.74658
3212,0.007276122,235.81705,235.81705,515.8794
3213,0.007277689,168.53175,410.8876,168.53175
3214,0.007279307,-75.82775,-75.82775,-553.65967
3215,0.007280899,-302.4799,-302.4799,-844.0971
3216,0.007282439,-297.90964,37.314888,-297.90964
3217,0.007283958,40.16297,40.16297,603.1216
3218,0.007285486,501.2668,501.2668,613.3052
3219,0.007287046,789.1021,1068.6029,789.1021
3220,0.007288651,678.61566,678.61566,730.09424
3221,0.007290245,400.91217,400.91217,335.19193
3222,0.007291801,305.87552,172.17487,305.87552
3223,0.007293348,594.09656,594.09656,867.46533
3224,0.007294862,997.3207,997.3207,1371.8013
3225,0.007296371,1165.9263,904.6224,1165.9263
3226,0.007297907,853.8383,853.8383,1041.1255
3227,0.007299474,255.13976,255.13976,149.66847
3228,0.007301105,-295.41354,241.69392,-295.41354
3229,0.007302688,-488.0552,-488.0552,-546.3081
3230,0.00730422,-468.05188,-468.05188,-264.58932
3231,0.007305756,-447.84323,36.90257,-447.84323
3232,0.007307321,-566.1327,-566.1327,-358.93307
3233,0.007308835,-686.1241,-686.1241,-877.9917
3234,0.007310355,-622.26117,-509.64844,-622.26117
3235,0.007311917,-255.1323,-255.1323,-492.52682
3236,0.007313457,171.8818,171.8818,-162.74948
3237,0.00731498,347.25833,537.2475,347.25833
3238,0.007316509,82.6597,82.6597,29.004417
3239,0.007318075,-368.18924,-368.18924,-455.85886
3240,0.007319638,-596.58545,-340.31326,-596.58545
3241,0.007321212,-315.40863,-315.40863,-157.96042
3242,0.007322802,281.61203,281.61203,448.53174
3243,0.007324427,867.6958,329.53937,867.6958
3244,0.007326046,1133.6846,1133.6846,1178.2349
3245,0.007327535,1051.2397,1051.2397,1493.8286
3246,0.007328981,677.22705,603.48914,677.22705
3247,0.007330434,51.22005,51.22005,-263.91745
3248,0.007331926,-658.25757,-658.25757,-369.3862
3249,0.007333492,-1216.5854,-550.1638,-1216.5854
3250,0.007335087,-1394.1984,-1394.1984,-1204.4878
3251,0.007336663,-1319.7157,-1319.7157,-1505.5503
3252,0.007338239,-1216.0776,-736.87616,-1216.0776
3253,0.007339781,-1233.4952,-1233.4952,-1176.7183
3254,0.007341341,-1259.1819,-1259.1819,-1523.3314
3255,0.007342964,-1102.9878,-859.4463,-1102.9878
3256,0.007344618,-633.9064,-633.9064,-374.30807
3257,0.00734621,-96.80158,-96.80158,84.03176
3258,0.007347806,241.60599,18.4686,241.60599
3259,0.007349439,178.79857,178.79857,-202.0073
3260,0.007351062,-137.61987,-137.61987,-303.8276
3261,0.00735267,-460.6518,-241.69437,-460.6518
3262,0.007354254,-609.49744,-609.49744,-742.3628
3263,0.007355808,-626.8951,-626.8951,-680.69867
3264,0.007357375,-602.06586,-304.26797,-602.06586
3265,0.007358944,-610.34875,-610.34875,-348.46432
3266,0.007360495,-682.2045,-682.2045,-595.4565
3267,0.007362045,-837.2221,-766.21313,-837.2221
3268,0.00736354,-1065.2896,-1065.2896,-1573.7886
3269,0.007364999,-1289.0874,-1289.0874,-1614.5463
3270,0.00736649,-1426.0308,-1057.8512,-1426.0308
3271,0.007368045,-1396.0323,-1396.0323,-1371.019
3272,0.00736959,-1222.1643,-1222.1643,-917.4838
3273,0.007371171,-954.78467,-704.62573,-954.78467
3274,0.007372793,-655.20056,-655.20056,-682.09326
3275,0.007374389,-425.84473,-425.84473,-633.7026
3276,0.007375966,-356.1401,-406.98987,-356.1401
3277,0.007377564,-487.1873,-487.1873,-622.2378
3278,0.007379152,-658.3153,-658.3153,-591.5385
3279,0.007380692,-664.6674,-191.21118,-664.6674
3280,0.007382213,-397.46338,-397.46338,-29.269016
3281,0.007383759,-15.990492,-15.990492,140.14113
3282,0.007385333,234.48097,413.73227,234.48097
3283,0.007386917,166.36816,166.36816,679.17236
3284,0.007388489,-83.058426,-83.058426,266.9263
3285,0.007390106,-303.91745,-485.83292,-303.91745
3286,0.007391699,-323.23325,-323.23325,-418.3198
3287,0.00739328,-226.42145,-226.42145,-345.06198
3288,0.007394897,-151.78464,-246.31143,-151.78464
3289,0.007396529,-208.82262,-208.82262,-298.33932
3290,0.007398176,-344.42603,-344.42603,-446.49557
3291,0.007399794,-457.9487,-530.3674,-457.9487
3292,0.007401358,-485.343,-485.343,-813.5932
3293,0.007402865,-473.52194,-473.52194,-639.8003
3294,0.007404335,-484.14792,-144.47487,-484.14792
3295,0.007405832,-557.6397,-557.6397,-445.78854
3296,0.007407386,-666.6355,-666.6355,-505.62448
3297,0.007409007,-756.56586,-582.0679,-756.56586
3298,0.007410621,-782.9645,-782.9645,-1097.3275
3299,0.007412242,-797.2668,-797.2668,-950.0503
3300,0.007413824,-870.45264,-706.5842,-870.45264
3301,0.007415408,-1027.247,-1027.247,-1173.4097
3302,0.007417009,-1112.0021,-1112.0021,-1051.8394
3303,0.007418576,-924.976,-583.9928,-924.976
3304,0.007420122,-375.53717,-375.53717,-433.92136
3305,0.007421664,284.12793,284.12793,151.84035
3306,0.007423225,721.8208,617.87573,721.8208
3307,0.00742483,679.7666,679.7666,698.5239
3308,0.007426456,328.97122,328.97122,444.03958
3309,0.007428083,-13.40183,67.68356,-13.40183
3310,0.007429711,-105.46816,-105.46816,96.86379
3311,0.00743133,-22.105349,-22.105349,91.4927
3312,0.007432914,82.84426,-26.848951,82.84426
3313,0.007434478,104.11869,104.11869,238.14894
3314,0.007436083,77.37325,77.37325,244.58253
3315,0.007437727,76.32473,-0.5439363,76.32473
3316,0.00743933,154.49571,154.49571,194.22707
3317,0.007440925,272.60568,272.60568,330.46536
3318,0.007442507,370.69193,436.31204,370.69193
3319,0.007444067,401.85812,401.85812,88.60207
3320,0.007445658,359.7725,359.7725,-70.995575
3321,0.007447288,243.04738,177.05414,243.04738
3322,0.007448943,57.541645,57.541645,129.71146
3323,0.007450569,-161.10983,-161.10983,88.40286
3324,0.007452155,-376.6284,-25.653605,-376.6284
3325,0.007453672,-558.4594,-558.4594,-759.4526
3326,0.007455187,-702.54376,-702.54376,-851.6245
3327,0.007456759,-801.05414,-299.40213,-801.05414
3328,0.007458374,-834.35815,-834.35815,-783.0424
3329,0.007459977,-779.42725,-779.42725,-658.11273
3330,0.007461546,-620.17914,-95.94295,-620.17914
3331,0.007463059,-357.99664,-357.99664,-508.71432
3332,0.007464557,-20.284576,-20.284576,-97.53073
3333,0.007466031,353.28177,-16.506994,353.28177
3334,0.007467508,716.83545,716.83545,1047.8677
3335,0.007469022,950.11255,950.11255,1145.6138
3336,0.007470611,879.5904,628.61035,879.5904
3337,0.007472188,408.17456,408.17456,-114.12839
3338,0.007473756,-194.6931,-194.6931,-732.99554
3339,0.007475307,-582.26514,-115.44941,-582.26514
3340,0.007476843,-528.9277,-528.9277,-390.394
3341,0.007478337,-215.10034,-215.10034,169.70364
3342,0.007479843,114.68801,82.04472,114.68801
3343,0.007481391,270.8558,270.8558,-228.65573
3344,0.007482965,290.2558,290.2558,-440.37057
3345,0.00748456,284.91846,208.72229,284.91846
3346,0.007486084,335.23813,335.23813,422.65674
3347,0.007487603,386.8273,386.8273,541.8013
3348,0.007489152,352.9966,125.50628,352.9966
3349,0.007490753,176.51454,176.51454,500.47708
3350,0.007492367,-18.503504,-18.503504,149.59818
3351,0.007493945,-57.87839,-96.621956,-57.87839
3352,0.007495496,153.97247,153.97247,720.0669
3353,0.007497087,502.7331,502.7331,988.5825
3354,0.007498703,799.28955,448.8442,799.28955
3355,0.007500287,886.9969,886.9969,1047.856
3356,0.007501847,809.72723,809.72723,1009.4379
3357,0.007503414,645.27783,294.84485,645.27783
3358,0.007504973,477.72272,477.72272,318.26224
3359,0.007506486,414.04233,414.04233,57.633327
3360,0.007508005,555.0591,422.8447,555.0591
3361,0.007509562,953.42114,953.42114,905.9575
3362,0.007511102,1367.4124,1367.4124,1273.9888
3363,0.007512637,1502.3481,1578.6741,1502.3481
3364,0.00751418,1168.74,1168.74,1279.6958
3365,0.007515747,599.36993,599.36993,713.73096
3366,0.007517381,154.13332,755.19257,154.13332
3367,0.007519019,146.30411,146.30411,189.05519
3368,0.007520621,355.99277,355.99277,512.18805
3369,0.00752219,457.42236,783.3225,457.42236
3370,0.00752373,247.90533,247.90533,241.45363
3371,0.007525299,-135.33484,-135.33484,-238.72604
3372,0.007526917,-458.60495,-292.45474,-458.60495
3373,0.007528545,-513.8319,-513.8319,-852.07367
3374,0.007530116,-369.50757,-369.50757,-367.23386
3375,0.007531635,-156.36667,-411.7144,-156.36667
3376,0.007533154,47.816315,47.816315,254.8677
3377,0.007534701,268.40393,268.40393,199.60207
3378,0.007536267,554.34814,65.93789,554.34814
3379,0.007537843,919.5716,919.5716,782.2544
3380,0.007539447,1231.8712,1231.8712,865.6919
3381,0.007541078,1302.2974,1246.799,1302.2974
3382,0.007542698,1019.85956,1019.85956,609.86774
3383,0.007544329,603.5053,603.5053,280.2427
3384,0.007545949,361.8716,534.7893,361.8716
3385,0.00754758,493.0531,493.0531,108.58254
3386,0.007549188,781.38434,781.38434,487.00052
3387,0.00755075,921.4536,254.74837,921.4536
3388,0.00755231,722.0572,722.0572,954.8872
3389,0.007553899,299.05136,299.05136,286.23096
3390,0.007555489,-131.24167,214.1864,-131.24167
3391,0.007557082,-388.57208,-388.57208,-706.37836
3392,0.007558678,-436.53323,-436.53323,-688.9174
3393,0.007560258,-278.14792,-240.69107,-278.14792
3394,0.007561819,32.505962,32.505962,288.58255
3395,0.00756338,265.28622,265.28622,395.8755
3396,0.007564931,145.88724,443.12354,145.88724
3397,0.007566513,-489.9443,-489.9443,-209.10497
3398,0.007568131,-1307.6057,-1307.6057,-1303.1323
3399,0.007569723,-1781.1558,-1217.5697,-1781.1558
3400,0.007571283,-1597.8461,-1597.8461,-1769.351
3401,0.007572817,-1052.2802,-1052.2802,-1199.3003
3402,0.00757435,-542.9213,-529.2297,-542.9213
3403,0.007575927,-368.94046,-368.94046,-216.74167
3404,0.007577477,-455.8348,-455.8348,-251.58542
3405,0.007579003,-612.30804,-626.28815,-612.30804
3406,0.00758064,-704.02057,-704.02057,-603.14795
3407,0.007582333,-732.37836,-732.37836,-408.37448
3408,0.007583991,-754.75726,-1052.469,-754.75726
3409,0.007585618,-811.0601,-811.0601,-846.61273
3410,0.007587256,-866.8778,-866.8778,-953.50336
3411,0.007588869,-868.3901,-832.7904,-868.3901
3412,0.007590438,-779.7225,-779.7225,-742.9487
3413,0.007591992,-607.4333,-607.4333,-552.8276
3414,0.007593554,-363.10886,-859.8051,-363.10886
3415,0.00759504,-92.81424,-92.81424,-278.91354
3416,0.007596483,117.86829,117.86829,140.64114
3417,0.007597936,177.84427,-93.89118,177.84427
3418,0.007599474,1.9937246,1.9937246,-85.183075
3419,0.007601033,-351.89673,-351.89673,-400.5112
3420,0.007602606,-771.4682,-414.0557,-771.4682
3421,0.007604223,-1144.7323,-1144.7323,-1234.2612
3422,0.007605849,-1335.862,-1335.862,-1423.0112
3423,0.007607407,-1229.3041,-333.5401,-1229.3041
3424,0.007608899,-813.63025,-813.63025,-1012.7768
3425,0.00761038,-277.91437,-277.91437,-386.22604
3426,0.007611925,158.03568,69.29686,158.03568
3427,0.007613458,265.4598,265.4598,242.04347
3428,0.007615004,72.48718,72.48718,103.91067
3429,0.007616547,-336.40182,-246.4524,-336.40182
3430,0.007618071,-849.6811,-849.6811,-1228.8706
3431,0.007619606,-1295.9445,-1295.9445,-1497.5269
3432,0.007621181,-1469.6595,-1022.6296,-1469.6595
3433,0.00762276,-1234.1051,-1234.1051,-746.42914
3434,0.007624339,-847.8295,-847.8295,-596.26904
3435,0.007625945,-666.70264,-841.62396,-666.70264
3436,0.007627564,-948.6845,-948.6845,-1368.5269
3437,0.007629156,-1428.3092,-1428.3092,-1924.3666
3438,0.00763076,-1737.0892,-846.0051,-1737.0892
3439,0.007632382,-1607.2992,-1607.2992,-1467.8081
3440,0.007634033,-1243.2955,-1243.2955,-774.80023
3441,0.00763566,-1000.08154,-1132.2728,-1000.08154
3442,0.007637261,-1100.5359,-1100.5359,-1143.6635
3443,0.007638806,-1333.9303,-1333.9303,-1530.9214
3444,0.007640362,-1426.1986,-862.4586,-1426.1986
3445,0.007641884,-1187.8048,-1187.8048,-1207.3315
3446,0.007643384,-748.8492,-748.8492,-423.28464
3447,0.007644905,-288.52682,-139.46008,-288.52682
3448,0.007646433,25.019577,25.019577,-151.7612
3449,0.007647977,144.12033,144.12033,-144.99167
3450,0.007649553,44.23098,-8.77357,44.23098
3451,0.007651129,-265.7587,-265.7587,-176.65575
3452,0.007652679,-644.4737,-644.4737,-350.86276
3453,0.007654212,-935.6557,-683.04895,-935.6557
3454,0.007655742,-1023.0884,-1023.0884,-1083.2651
3455,0.0076573,-912.6446,-912.6446,-1219.1869
3456,0.007658897,-635.2964,-375.40778,-635.2964
3457,0.007660444,-276.8118,-276.8118,-116.71433
3458,0.007661963,-2.3678923,-2.3678923,3.6762948
3459,0.007663453,14.09817,219.08185,14.09817
3460,0.007664921,-306.9902,-306.9902,-139.8237
3461,0.00766641,-749.45496,-749.45496,-670.4838
3462,0.007667946,-1003.26117,-659.0693,-1003.26117
3463,0.007669501,-821.662,-821.662,-915.70264
3464,0.007671013,-431.8756,-431.8756,-957.00726
3465,0.007672514,-144.62448,-764.5404,-144.62448
3466,0.007674008,-172.31427,-172.31427,-716.5268
3467,0.007675497,-383.584,-383.584,-798.5542
3468,0.007676978,-565.48,-438.37814,-565.48
3469,0.007678477,-577.56506,-577.56506,-809.20654
3470,0.00768004,-553.42584,-553.42584,-744.769
3471,0.00768162,-725.2925,-703.4111,-725.2925
3472,0.007683194,-1224.774,-1224.774,-850.1049
3473,0.007684759,-1757.2788,-1757.2788,-1718.2808
3474,0.007686268,-1937.5228,-875.28284,-1937.5228
3475,0.007687757,-1564.3832,-1564.3832,-1455.39
3476,0.007689268,-877.8599,-877.8599,-938.65967
3477,0.007690859,-233.40182,-560.033,-233.40182
3478,0.007692459,4.2655735,4.2655735,72.51614
3479,0.007694021,-69.279625,-69.279625,-67.09323
3480,0.007695576,-251.81589,148.37872,-251.81589
3481,0.007697142,-392.0908,-392.0908,-329.9448
3482,0.007698725,-482.5919,-482.5919,-348.0776
3483,0.007700365,-554.6714,-373.76288,-554.6714
3484,0.007702041,-638.0957,-638.0957,-698.1635
3485,0.007703699,-753.0272,-753.0272,-806.2885
3486,0.007705332,-917.33154,-285.07822,-917.33154
3487,0.007706931,-1126.5421,-1126.5421,-830.75336
3488,0.007708521,-1303.8983,-1303.8983,-1127.39
3489,0.007710114,-1353.8042,-1044.1342,-1353.8042
3490,0.007711727,-1196.5778,-1196.5778,-1123.3472
3491,0.007713332,-841.41534,-841.41534,-699.05023
3492,0.007714901,-331.5073,-334.83496,-331.5073
3493,0.007716428,257.09634,257.09634,554.60205
3494,0.007717909,723.78424,723.78424,934.8911
3495,0.007719393,869.23883,689.13983,869.23883
3496,0.00772087,568.351,568.351,726.98096
3497,0.007722384,46.091187,46.091187,145.93019
3498,0.007723928,-348.3315,-334.03625,-348.3315
3499,0.007725477,-343.51523,-343.51523,-576.4565
3500,0.007727045,-118.70631,-118.70631,-21.054173
3501,0.007728626,21.78567,251.76079,21.78567
3502,0.007730168,-142.27716,-142.27716,-561.33936
3503,0.007731725,-491.0294,-491.0294,-770.4526
3504,0.007733243,-812.67523,-541.4801,-812.67523
3505,0.007734731,-960.3217,-960.3217,-449.019
3506,0.007736221,-937.2059,-937.2059,-561.0698
3507,0.007737773,-765.0854,-337.42972,-765.0854
3508,0.007739415,-462.7332,-462.7332,-345.43307
3509,0.007741081,-99.15493,-99.15493,54.379417
3510,0.00774275,245.35208,173.06989,245.35208
3511,0.0077444,484.69437,484.69437,99.90676
3512,0.007746056,518.3697,518.3697,-91.8862
3513,0.007747727,229.53568,95.24612,229.53568
3514,0.007749342,-373.2285,-373.2285,-266.28854
3515,0.0077509,-924.049,-924.049,-803.8354
3516,0.007752414,-1044.8433,-901.1889,-1044.8433
3517,0.007753942,-519.24054,-519.24054,-473.1284
3518,0.007755472,311.4265,311.4265,459.6841
3519,0.007757048,965.2544,469.21173,965.2544
3520,0.00775869,1005.6063,1005.6063,1136.8794
3521,0.007760304,560.01624,560.01624,997.34033
3522,0.00776187,-56.26511,532.13434,-56.26511
3523,0.007763467,-623.2617,-623.2617,-1006.4409
3524,0.00776513,-1004.3751,-1004.3751,-1079.5269
3525,0.007766778,-1055.4839,-632.1999,-1055.4839
3526,0.007768406,-735.68945,-735.68945,-858.03076
3527,0.007770013,-256.47952,-256.47952,-260.21823
3528,0.007771635,131.19583,-24.022583,131.19583
3529,0.007773188,226.53438,226.53438,543.4966
3530,0.00777474,100.83915,100.83915,173.35597
3531,0.007776368,-151.60104,-503.5732,-151.60104
3532,0.007777984,-419.5676,-419.5676,-470.89398
3533,0.007779529,-649.9987,-649.9987,-579.39014
3534,0.007781016,-823.2143,-238.05171,-823.2143
3535,0.007782496,-910.7316,-910.7316,-1028.558
3536,0.007783994,-817.0817,-817.0817,-1078.2495
3537,0.007785518,-418.6362,-246.27887,-418.6362
3538,0.007787093,351.0378,351.0378,176.25443
3539,0.007788687,1183.7855,1183.7855,534.6646
3540,0.007790344,1666.2075,1313.8546,1666.2075
3541,0.007791964,1453.2299,1453.2299,1309.7114
3542,0.007793544,804.8807,804.8807,783.9536
3543,0.007795107,61.46926,85.46084,61.46926
3544,0.007796667,-517.5434,-517.5434,275.19583
3545,0.007798229,-892.2457,-892.2457,-499.35104
3546,0.007799796,-1075.5542,-916.02765,-1075.5542
3547,0.007801396,-1072.639,-1072.639,-891.7417
3548,0.007803028,-859.82025,-859.82025,-892.9409
3549,0.007804609,-434.97604,-639.0156,-434.97604
3550,0.007806173,153.99942,153.99942,-477.23776
3551,0.007807747,633.1094,633.1094,145.44974
3552,0.007809343,649.49274,753.9722,649.49274
3553,0.007810927,-14.683588,-14.683588,9.387232
3554,0.007812437,-962.3771,-962.3771,-830.355
3555,0.007813938,-1783.8315,-1000.25433,-1783.8315
3556,0.007815441,-2163.1487,-2163.1487,-2542.5386
3557,0.007816974,-2150.1755,-2150.1755,-2237.5464
3558,0.007818548,-1880.9956,-1353.604,-1880.9956
3559,0.007820172,-1486.1652,-1486.1652,-1518.4408
3560,0.007821742,-1051.3676,-1051.3676,-1196.9214
3561,0.007823273,-612.5659,-297.18716,-612.5659
3562,0.007824844,-186.32722,-186.32722,-367.4565
3563,0.007826454,170.21313,170.21313,-201.5073
3564,0.007828102,388.4185,314.16428,388.4185
3565,0.007829771,411.8793,411.8793,822.188
3566,0.00783147,263.70996,263.70996,33.832546
3567,0.007833117,4.34817,124.916855,4.34817
3568,0.007834724,-298.5504,-298.5504,232.9849
3569,0.007836328,-539.0649,-539.0649,134.25443
3570,0.007837937,-594.2846,-259.45566,-594.2846
3571,0.007839568,-394.5446,-394.5446,-446.73386
3572,0.007841203,-116.57578,-116.57578,-22.897923
3573,0.007842829,-3.5541737,307.44672,-3.5541737
3574,0.007844412,-196.20738,-196.20738,-156.90964
3575,0.007845988,-497.37268,-497.37268,-413.89792
3576,0.007847578,-638.6323,64.53796,-638.6323
3577,0.007849162,-432.51797,-432.51797,-675.44476
3578,0.007850744,-50.11041,-50.11041,-112.87839
3579,0.007852329,251.94582,260.03268,251.94582
3580,0.00785393,271.71506,271.71506,411.1724
3581,0.007855563,33.245434,33.245434,281.02786
3582,0.007857159,-356.49557,563.6199,-356.49557
3583,0.007858676,-773.23334,-773.23334,-1029.0033
3584,0.007860151,-1090.924,-1090.924,-1175.2806
3585,0.007861637,-1185.3081,-439.94235,-1185.3081
3586,0.007863197,-951.4686,-951.4686,-612.8549
3587,0.007864864,-495.344,-495.344,-37.542458
3588,0.007866509,-81.39793,48.943253,-81.39793
3589,0.00786811,89.320366,89.320366,154.58644
3590,0.007869672,-2.1079,-2.1079,-548.71045
3591,0.007871205,-338.74948,139.39296,-338.74948
3592,0.007872725,-869.6619,-869.6619,-727.77295
3593,0.007874252,-1379.9698,-1379.9698,-1222.8003
3594,0.007875835,-1601.019,-871.3334,-1601.019
3595,0.007877424,-1324.2676,-1324.2676,-1356.1909
3596,0.007878975,-817.6479,-817.6479,-1169.0112
3597,0.007880499,-426.83932,-423.59924,-426.83932
3598,0.007882028,-371.7817,-371.7817,-282.71432
3599,0.007883603,-493.36545,-493.36545,-673.1167
3600,0.007885228,-507.21826,-573.6867,-507.21826
3601,0.007886851,-195.08498,-195.08498,-889.2182
3602,0.007888483,266.51672,266.51672,14.719263
3603,0.007890114,594.6255,355.3809,594.6255
3604,0.007891734,577.9116,577.9116,637.85596
3605,0.007893317,289.16837,289.16837,305.56302
3606,0.007894846,-132.24167,186.94812,-132.24167
3607,0.007896353,-576.9825,-576.9825,-391.8159
3608,0.007897835,-935.1546,-935.1546,-783.49945
3609,0.007899251,-1105.4683,-555.0647,-1105.4683
3610,0.007900657,-1047.1093,-1047.1093,-929.1479
3611,0.007902072,-828.62213,-828.62213,-881.7924
3612,0.007903539,-541.7924,-598.3029,-541.7924
3613,0.007905036,-289.3372,-289.3372,-169.812
3614,0.007906543,-131.27512,-131.27512,-28.929173
3615,0.007908056,-112.5112,-280.53772,-112.5112
3616,0.007909599,-255.7557,-255.7557,-5.515111
3617,0.007911174,-479.3404,-479.3404,-354.8315
3618,0.007912701,-656.01904,-571.353,-656.01904
3619,0.007914221,-717.3365,-717.3365,-473.7417
3620,0.007915784,-736.6841,-736.6841,-981.27686
3621,0.007917352,-828.2885,-769.2959,-828.2885
3622,0.007918904,-1056.2682,-1056.2682,-840.89404
3623,0.007920402,-1280.5532,-1280.5532,-923.11664
3624,0.007921872,-1342.7183,-772.4202,-1342.7183
3625,0.007923364,-1145.028,-1145.028,-907.0112
3626,0.007924861,-825.5985,-825.5985,-454.7612
3627,0.007926402,-585.86664,-495.17578,-585.86664
3628,0.007927993,-600.1781,-600.1781,-470.72604
3629,0.007929619,-791.26196,-791.26196,-1131.398
3630,0.007931259,-992.1714,-865.8992,-992.1714
3631,0.007932928,-1069.4093,-1069.4093,-249.76901
3632,0.007934615,-1059.0791,-1059.0791,-201.41745
3633,0.007936262,-1047.3939,-1036.3147,-1047.3939
3634,0.007937861,-1089.7821,-1089.7821,-1173.355
3635,0.007939438,-1144.2229,-1144.2229,-1224.0931
3636,0.007941032,-1149.183,-429.4288,-1149.183
3637,0.007942631,-1046.4851,-1046.4851,-1036.8745
3638,0.007944183,-813.22394,-813.22394,-880.31976
3639,0.007945734,-424.85495,-501.0997,-424.85495
3640,0.007947221,61.14856,61.14856,799.88336
3641,0.007948675,404.88333,404.88333,811.7583
3642,0.007950147,328.97705,804.5544,328.97705
3643,0.007951649,-351.9452,-351.9452,-339.144
3644,0.007953178,-1271.2229,-1271.2229,-1401.9486
3645,0.007954732,-1871.976,-704.7844,-1871.976
3646,0.007956284,-1733.4712,-1733.4712,-1784.8666
3647,0.00795784,-1146.6555,-1146.6555,-1084.3081
3648,0.007959397,-579.93695,-507.8526,-579.93695
3649,0.007960953,-378.54025,-378.54025,-472.40964
3650,0.007962493,-385.93073,-385.93073,-498.519
3651,0.007964012,-328.1323,44.882748,-328.1323
3652,0.007965486,-40.492504,-40.492504,99.53957
3653,0.007966926,313.77457,313.77457,403.9224
3654,0.00796836,520.2349,447.47397,520.2349
3655,0.007969866,422.39743,422.39743,407.28958
3656,0.007971467,130.44897,130.44897,140.91847
3657,0.007973017,-89.202614,323.83517,-89.202614
3658,0.007974562,-71.42869,-71.42869,-149.98778
3659,0.007976146,80.877174,80.877174,-87.46823
3660,0.007977772,181.93019,649.7466,181.93019
3661,0.007979395,91.14917,91.14917,231.88724
3662,0.007980967,-60.397453,-60.397453,-319.74557
3663,0.007982538,-97.50729,650.17224,-97.50729
3664,0.007984146,96.77515,96.77515,323.9927
3665,0.007985704,362.1766,362.1766,294.41458
3666,0.007987176,496.606,874.7923,496.606
3667,0.007988642,400.2274,400.2274,73.3052
3668,0.007990124,182.87508,182.87508,41.26614
3669,0.00799161,17.2427,218.29407,17.2427
3670,0.007993122,34.75179,34.75179,-89.60496
3671,0.00799466,187.4966,187.4966,51.496605
3672,0.007996239,373.12158,579.82306,373.12158
3673,0.007997828,492.5167,492.5167,183.38333
3674,0.007999436,527.1714,527.1714,212.23488
3675,0.008001047,478.2427,423.3462,478.2427
3676,0.008002628,361.48465,361.48465,412.12158
3677,0.008004189,228.81306,228.81306,186.52005
3678,0.008005769,136.22318,678.99384,136.22318
3679,0.008007359,124.83805,124.83805,-106.526825
3680,0.008008966,152.27324,152.27324,-97.839325
3681,0.008010513,153.93411,839.7833,153.93411
3682,0.008011979,101.41529,101.41529,309.45364
3683,0.00801347,59.08617,59.08617,241.51613
3684,0.008015004,122.02394,261.94928,122.02394
3685,0.008016618,367.56448,367.56448,532.23486
3686,0.008018233,688.59015,688.59015,802.688
3687,0.008019883,935.67236,918.5,935.67236
3688,0.008021479,988.2677,988.2677,702.34424
3689,0.008023044,928.24927,928.24927,821.79736
3690,0.008024619,865.29736,693.67346,865.29736
3691,0.008026199,877.07587,877.07587,1006.8404
3692,0.008027777,913.92706,913.92706,1108.7896
3693,0.008029329,895.4575,1160.3628,895.4575
3694,0.00803086,785.47394,785.47394,780.7622
3695,0.008032399,697.2424,697.2424,469.37552
3696,0.008033935,783.7036,983.71136,783.7036
3697,0.00803547,1136.3894,1136.3894,994.0474
3698,0.008036974,1598.1001,1598.1001,1486.02
3699,0.008038519,1985.3364,1345.9706,1985.3364
3700,0.00804013,2111.4949,2111.4949,2219.981
3701,0.008041775,1925.5255,1925.5255,1747.7036
3702,0.008043432,1437.0591,1539.9843,1437.0591
3703,0.008045097,714.1243,714.1243,415.46533
3704,0.008046748,41.209972,41.209972,-41.343235
3705,0.008048386,-265.4409,358.76743,-265.4409
3706,0.008050036,-7.6058526,-7.6058526,-286.74557
3707,0.008051686,560.77655,560.77655,417.13724
3708,0.008053329,1064.5708,660.693,1064.5708
3709,0.008054944,1226.9785,1226.9785,1376.0044
3710,0.008056504,1141.642,1141.642,1460.2778
3711,0.00805803,971.23096,1056.403,971.23096
3712,0.008059587,829.73865,829.73865,766.75446
3713,0.008061134,750.5138,750.5138,818.813
3714,0.008062636,738.3247,837.48206,738.3247
3715,0.008064101,780.3724,780.3724,646.71924
3716,0.008065565,814.712,814.712,705.34033
3717,0.008067044,766.2154,739.43054,766.2154
3718,0.008068562,587.3523,587.3523,668.16064
3719,0.008070127,378.3502,378.3502,533.29736
3720,0.008071754,301.46536,814.89087,301.46536
3721,0.008073348,469.76895,469.76895,257.66458
3722,0.00807491,726.6378,726.6378,535.5787
3723,0.008076465,874.41846,449.46732,874.41846
3724,0.008078003,778.1145,778.1145,1137.9927
3725,0.008079524,532.7848,532.7848,724.4341
3726,0.008081002,285.23486,579.6867,285.23486
3727,0.008082498,131.11302,131.11302,185.50833
3728,0.008084032,69.44717,69.44717,268.52396
3729,0.00808556,72.07473,184.34894,72.07473
3730,0.008087046,107.52191,107.52191,199.47708
3731,0.008088498,158.70471,158.70471,100.28957
3732,0.008089984,216.15286,45.060085,216.15286
3733,0.008091537,262.923,262.923,488.2544
3734,0.008093178,250.87889,250.87889,335.6724
3735,0.008094857,114.996605,562.9718,114.996605
3736,0.008096533,-159.54335,-159.54335,-465.41357
3737,0.008098192,-402.16275,-402.16275,-670.62836
3738,0.00809984,-407.769,-2.3694549,-407.769
3739,0.008101458,-71.2696,-71.2696,588.2505
3740,0.00810301,359.8084,359.8084,689.59814
3741,0.008104607,619.2114,501.19028,619.2114
3742,0.008106246,487.04382,487.04382,451.16458
3743,0.008107867,172.14537,172.14537,-265.53854
3744,0.008109487,-10.979955,495.63812,-10.979955
3745,0.00811109,142.01852,142.01852,510.0669
3746,0.008112629,409.23386,409.23386,906.7466
3747,0.008114111,516.8013,709.0861,516.8013
3748,0.008115591,314.3669,314.3669,-135.44089
3749,0.008117094,-19.421125,-19.421125,-383.49948
3750,0.008118618,-202.55026,-282.03027,-202.55026
3751,0.008120205,-20.665327,-20.665327,253.66847
3752,0.00812188,346.5559,346.5559,705.03955
3753,0.008123579,524.8091,206.05025,524.8091
3754,0.008125278,229.48949,229.48949,92.84427
3755,0.008126816,-310.74124,-310.74124,-516.2221
3756,0.008128234,-854.7143,-52.651276,-854.7143
3757,0.008129648,-1292.2577,-1292.2577,-1541.2728
3758,0.008131126,-1552.0234,-1552.0234,-1761.7025
3759,0.008132717,-1524.8353,-1228.2251,-1524.8353
3760,0.00813429,-1155.2291,-1155.2291,-1206.2534
3761,0.008135869,-634.41565,-634.41565,-428.55807
3762,0.008137464,-210.28464,15.345352,-210.28464
3763,0.008139062,-69.62108,-69.62108,-151.87057
3764,0.008140607,-90.34517,-90.34517,-247.68698
3765,0.00814215,-84.27683,-43.92246,-84.27683
3766,0.00814371,58.050518,58.050518,237.35988
3767,0.008145287,156.4625,156.4625,571.313
3768,0.008146807,-35.839333,50.275673,-35.839333
3769,0.008148312,-619.0116,-619.0116,-925.5346
3770,0.008149837,-1236.7137,-1236.7137,-1313.7533
3771,0.008151441,-1368.9603,-620.6172,-1368.9603
3772,0.008153065,-619.5937,-619.5937,-379.47604
3773,0.008154604,360.77682,360.77682,668.2036
3774,0.008156092,863.7036,326.58234,863.7036
3775,0.008157557,492.4852,492.4852,14.973169
3776,0.008159067,-363.63306,-363.63306,-617.4995
3777,0.008160586,-1043.0658,-922.0158,-1043.0658
3778,0.008162141,-1033.7797,-1033.7797,-842.6792
3779,0.008163705,-536.9102,-536.9102,-566.8589
3780,0.008165267,25.684107,-58.782207,25.684107
3781,0.008166806,317.48553,317.48553,311.356
3782,0.008168352,360.30048,360.30048,475.4302
3783,0.008169928,246.9263,89.03023,246.9263
3784,0.008171508,56.980038,56.980038,98.25051
3785,0.008173052,-201.08327,-201.08327,-221.71042
3786,0.008174577,-544.0268,-526.8654,-544.0268
3787,0.008176094,-973.2361,-973.2361,-905.8706
3788,0.008177632,-1433.2766,-1433.2766,-1599.7142
3789,0.00817918,-1838.5658,-998.5662,-1838.5658
3790,0.008180744,-2109.9512,-2109.9512,-2386.73
3791,0.008182311,-2187.1086,-2187.1086,-2094.5698
3792,0.008183857,-2023.7533,-1227.227,-2023.7533
3793,0.008185385,-1619.588,-1619.588,-1367.3667
3794,0.008186894,-1123.8572,-1123.8572,-1011.4136
3795,0.008188445,-698.9448,-396.8089,-698.9448
3796,0.008190011,-484.90436,-484.90436,-636.7065
3797,0.008191586,-363.55682,-363.55682,-392.3823
3798,0.008193149,-150.26901,204.75783,-150.26901
3799,0.008194667,247.16484,247.16484,497.27783
3800,0.00819619,633.8132,633.8132,951.8326
3801,0.008197691,734.2271,555.4566,734.2271
3802,0.008199188,390.22037,390.22037,319.08252
3803,0.008200681,-168.95242,-168.95242,-198.0112
3804,0.008202218,-629.7495,259.03116,-629.7495
3805,0.008203764,-718.4083,-718.4083,-1146.8198
3806,0.008205326,-545.04834,-545.04834,-630.976
3807,0.008206855,-327.5776,-134.48541,-327.5776
3808,0.008208397,-215.27684,-215.27684,-105.67526
3809,0.008209951,-150.75758,-150.75758,-320.61667
3810,0.008211533,-16.804174,-116.5828,-16.804174
3811,0.008213127,264.3143,264.3143,813.9419
3812,0.008214693,582.2049,582.2049,1127.6138
3813,0.008216226,795.5083,787.9296,795.5083
3814,0.008217781,810.16534,810.16534,249.68019
3815,0.008219365,656.0588,656.0588,-39.929176
3816,0.008220953,407.7466,658.1064,407.7466
3817,0.008222529,139.07541,139.07541,495.68018
3818,0.008224074,-102.59003,-102.59003,430.15674
3819,0.00822561,-285.6323,-41.28996,-285.6323
3820,0.008227199,-385.4145,-385.4145,-546.0698
3821,0.008228815,-395.81873,-395.81873,-538.4839
3822,0.008230473,-322.1987,183.2482,-322.1987
3823,0.008232101,-194.71535,-194.71535,-297.41354
3824,0.008233657,-109.12666,-109.12666,-555.05414
3825,0.008235226,-159.2573,-157.06172,-159.2573
3826,0.008236852,-413.9576,-413.9576,-234.09714
3827,0.00823851,-750.4116,-750.4116,-411.86276
3828,0.008240073,-969.64404,-371.27496,-969.64404
3829,0.00824154,-978.4656,-978.4656,-1300.8589
3830,0.008243006,-832.6379,-832.6379,-996.7338
3831,0.008244512,-596.8237,-155.9057,-596.8237
3832,0.008246011,-344.30893,-344.30893,59.258324
3833,0.008247508,-114.52381,-114.52381,115.30129
3834,0.008249057,64.8013,207.31049,64.8013
3835,0.008250613,164.09766,164.09766,-229.17526
3836,0.008252183,221.97891,221.97891,23.188013
3837,0.008253733,291.72314,306.37927,291.72314
3838,0.008255217,390.36542,390.36542,618.77783
3839,0.008256683,419.7478,419.7478,606.9302
3840,0.008258134,258.0513,534.716,258.0513
3841,0.008259604,-162.72826,-162.72826,-85.88229
3842,0.008261103,-667.2179,-667.2179,-760.44867
3843,0.008262633,-991.78064,-976.3238,-991.78064
3844,0.008264176,-939.6617,-939.6617,-658.976
3845,0.00826566,-706.4761,-706.4761,-726.36273
3846,0.008267122,-551.33545,211.00218,-551.33545
3847,0.008268576,-639.7727,-639.7727,-785.3667
3848,0.008270049,-851.6694,-851.6694,-1112.4526
3849,0.008271572,-987.12445,-502.9558,-987.12445
3850,0.008273168,-875.42365,-875.42365,-922.43304
3851,0.008274789,-633.9559,-633.9559,-722.78076
3852,0.008276403,-481.2768,-401.44904,-481.2768
3853,0.008277976,-559.7644,-559.7644,-230.93698
3854,0.008279528,-744.5654,-744.5654,-318.06198
3855,0.008281059,-862.11664,-251.05107,-862.11664
3856,0.008282574,-793.0973,-793.0973,-918.7963
3857,0.008284086,-585.9713,-585.9713,-806.05023
3858,0.008285519,-341.11276,-52.679855,-341.11276
3859,0.008286945,-121.02789,-121.02789,-84.8198
3860,0.008288437,27.72662,27.72662,-93.36668
3861,0.008290014,34.875515,-113.98861,34.875515
3862,0.008291571,-136.22847,-136.22847,-60.94089
3863,0.008293066,-363.2595,-363.2595,-207.80026
3864,0.008294515,-517.1636,-47.88151,-517.1636
3865,0.008295952,-517.1966,-517.1966,-487.4487
3866,0.008297414,-395.59207,-395.59207,-557.5385
3867,0.00829893,-210.53073,169.9924,-210.53073
3868,0.008300526,-19.14423,-19.14423,-154.5776
3869,0.008302131,145.05896,145.05896,373.34424
3870,0.008303733,267.09427,165.29532,267.09427
3871,0.008305356,323.15176,323.15176,591.22705
3872,0.008306967,243.49551,243.49551,190.64114
3873,0.008308522,-34.886204,-76.643036,-34.886204
3874,0.008310053,-520.073,-520.073,-362.60495
3875,0.008311599,-1028.214,-1028.214,-1091.7573
3876,0.008313182,-1307.7534,-461.7432,-1307.7534
3877,0.008314785,-1147.0516,-1147.0516,-1204.1088
3878,0.008316386,-645.136,-645.136,-760.0854
3879,0.008318003,25.1177,-218.73349,25.1177
3880,0.008319584,646.7292,646.7292,936.0904
3881,0.00832104,973.45825,973.45825,1124.3716
3882,0.008322467,859.50055,284.55847,859.50055
3883,0.008323883,230.84525,230.84525,86.97317
3884,0.008325287,-580.70966,-580.70966,-662.851
3885,0.008326706,-1165.515,-392.44934,-1165.515
3886,0.00832819,-1199.2867,-1199.2867,-1271.0386
3887,0.008329699,-851.09644,-851.09644,-902.3159
3888,0.008331241,-480.24557,-463.42636,-480.24557
3889,0.008332798,-394.7082,-394.7082,-248.90965
3890,0.008334383,-532.9574,-532.9574,-313.4565
3891,0.008335994,-728.8511,-507.79504,-728.8511
3892,0.008337617,-827.5664,-827.5664,-1058.7534
3893,0.008339284,-780.4495,-780.4495,-1109.4722
3894,0.008340944,-567.55804,-230.55388,-567.55804
3895,0.008342538,-220.51167,-220.51167,-220.43307
3896,0.008344102,131.6376,131.6376,149.813
3897,0.008345651,345.1685,345.40613,345.1685
3898,0.008347193,330.64133,330.64133,130.8716
3899,0.008348717,198.4454,198.4454,161.9966
3900,0.008350236,101.60598,-39.795235,101.60598
3901,0.008351744,151.2166,151.2166,52.941917
3902,0.008353265,308.75705,308.75705,394.0435
3903,0.008354766,493.84036,10.5368805,493.84036
3904,0.008356255,639.2211,639.2211,368.77786
3905,0.008357741,708.91565,708.91565,469.37552
3906,0.008359243,672.1997,520.59906,672.1997
3907,0.008360791,493.19714,493.19714,646.5005
3908,0.008362317,164.2072,164.2072,428.5591
3909,0.008363838,-322.67526,209.71986,-322.67526
3910,0.008365393,-952.6598,-952.6598,-1100.5894
3911,0.008366976,-1531.7413,-1531.7413,-1686.5347
3912,0.008368586,-1803.4761,-1031.159,-1803.4761
3913,0.008370205,-1584.352,-1584.352,-1677.2261
3914,0.0083718,-1070.4323,-1070.4323,-1091.23
3915,0.00837337,-537.9057,-542.61536,-537.9057
3916,0.008374928,-188.64008,-188.64008,-12.811986
3917,0.008376456,-27.417284,-27.417284,-172.23386
3918,0.008378003,-7.1674547,382.28116,-7.1674547
3919,0.008379554,-96.23986,-96.23986,-123.47604
3920,0.00838105,-272.4138,-272.4138,-51.550266
3921,0.008382573,-534.226,-63.76952,-534.226
3922,0.008384121,-861.0761,-861.0761,-1216.3549
3923,0.008385692,-1165.7758,-1165.7758,-1138.6362
3924,0.008387329,-1338.7924,-1064.6938,-1338.7924
3925,0.008389008,-1281.8362,-1281.8362,-1531.1089
3926,0.008390675,-1081.4689,-1081.4689,-849.12445
3927,0.008392354,-870.4331,-1511.3821,-870.4331
3928,0.008394039,-742.4189,-742.4189,-646.14014
3929,0.008395691,-619.77997,-619.77997,-571.07764
3930,0.008397333,-382.83542,-492.38745,-382.83542
3931,0.008398914,11.553493,11.553493,75.10598
3932,0.00840047,413.39316,413.39316,277.5474
3933,0.008402051,636.8677,504.7437,636.8677
3934,0.008403639,534.4219,534.4219,357.50443
3935,0.00840521,217.27637,217.27637,166.74269
3936,0.008406681,-126.5112,-145.11758,-126.5112
3937,0.008408114,-394.28845,-394.28845,254.66068
3938,0.00840958,-583.04254,-583.04254,-129.04636
3939,0.008411091,-695.08545,-264.34476,-695.08545
3940,0.00841264,-735.0442,-735.0442,-684.21045
3941,0.008414221,-725.9509,-725.9509,-1034.4292
3942,0.008415843,-698.70654,-1081.5208,-698.70654
3943,0.008417432,-681.335,-681.335,-467.53076
3944,0.008419028,-670.8708,-670.8708,-113.65183
3945,0.008420672,-657.11664,-426.47327,-657.11664
3946,0.008422357,-624.30316,-624.30316,-961.30414
3947,0.008423974,-543.5396,-543.5396,-1196.8628
3948,0.00842557,-382.67917,-139.19783,-382.67917
3949,0.008427177,-129.9198,-129.9198,-83.33542
3950,0.00842877,125.19223,125.19223,138.60208
3951,0.008430365,276.59033,-79.565155,276.59033
3952,0.008431984,252.8621,252.8621,782.53564
3953,0.00843361,139.0014,139.0014,255.9888
3954,0.008435205,65.902855,-243.69633,65.902855
3955,0.008436803,104.611305,104.611305,-80.98386
3956,0.008438394,123.73568,123.73568,132.76614
3957,0.008439984,-57.226048,13.533972,-57.226048
3958,0.008441556,-518.86096,-518.86096,-169.03854
3959,0.008443099,-976.9062,-976.9062,-1150.1049
3960,0.008444689,-1082.9447,-469.33917,-1082.9447
3961,0.008446305,-574.5521,-574.5521,-600.9604
3962,0.008447905,178.06093,178.06093,-393.0776
3963,0.008449513,670.3638,589.4035,670.3638
3964,0.00845109,549.7191,549.7191,1041.3716
3965,0.008452629,105.73256,105.73256,504.55127
3966,0.008454183,-274.37448,-46.7631,-274.37448
3967,0.008455777,-283.52377,-283.52377,-340.62057
3968,0.008457332,-12.962779,-12.962779,77.60598
3969,0.008458886,346.6763,918.608,346.6763
3970,0.008460473,636.1334,636.1334,742.0864
3971,0.008462065,762.49365,762.49365,1130.481
3972,0.008463629,664.7544,490.51187,664.7544
3973,0.008465176,328.3434,328.3434,-189.85104
3974,0.008466741,-128.22797,-128.22797,-260.85495
3975,0.008468346,-545.00336,35.092575,-545.00336
3976,0.008469925,-751.1576,-751.1576,-254.74947
3977,0.008471497,-680.1642,-680.1642,-46.40183
3978,0.008473095,-268.28464,-644.3402,-268.28464
3979,0.008474688,482.25217,482.25217,545.47705
3980,0.008476238,1315.2909,1315.2909,1382.4653
3981,0.008477804,1981.8091,1724.4352,1981.8091
3982,0.008479401,2258.9675,2258.9675,2071.3481
3983,0.008481044,2162.2073,2162.2073,1836.9028
3984,0.008482663,1798.3364,2424.7446,1798.3364
3985,0.008484238,1299.2078,1299.2078,1269.7622
3986,0.008485814,788.4316,788.4316,788.34033
3987,0.008487411,399.66064,615.90375,399.66064
3988,0.00848904,238.09628,238.09628,326.14505
3989,0.008490693,236.05898,236.05898,53.1177
3990,0.008492344,268.5669,208.2886,268.5669
3991,0.00849399,227.92003,227.92003,53.56692
3992,0.008495621,91.46891,91.46891,287.2388
3993,0.008497273,-148.18698,-116.52394,-148.18698
3994,0.008498933,-467.6987,-467.6987,-771.3823
3995,0.008500572,-727.5148,-727.5148,-829.7339
3996,0.008502221,-772.38226,-549.1877,-772.38226
3997,0.008503838,-523.9012,-523.9012,-555.68695
3998,0.008505398,-211.06216,-211.06216,-184.21432
3999,0.008506934,-88.89793,213.16675,-88.89793
4000,0.008508462,-311.05148,-311.05148,-195.75731
4001,0.008510025,-695.9987,-695.9987,-544.7182
4002,0.008511569,-947.14795,-154.04318,-947.14795
4003,0.008513093,-868.9599,-868.9599,-716.6674
4004,0.00851465,-576.1734,-576.1734,-713.1714
4005,0.00851625,-268.29636,-76.2947,-268.29636
4006,0.008517887,-130.51042,-130.51042,365.52002
4007,0.008519533,-169.19804,-169.19804,258.29346
4008,0.008521173,-333.21432,38.709774,-333.21432
4009,0.008522796,-552.4653,-552.4653,-503.84714
4010,0.008524383,-696.5477,-696.5477,-779.39795
4011,0.008525962,-634.3784,-140.9897,-634.3784
4012,0.008527535,-298.52914,-298.52914,-202.53073
4013,0.008529058,112.078545,112.078545,416.26224
4014,0.008530563,375.6216,466.48514,375.6216
4015,0.008532056,349.6181,349.6181,150.11378
4016,0.008533558,167.68684,167.68684,81.25051
4017,0.008535098,32.78176,602.844,32.78176
4018,0.008536646,109.67483,109.67483,256.00833
4019,0.0085382,319.11142,319.11142,537.43024
4020,0.008539768,518.6763,680.391,518.6763
4021,0.008541337,596.17664,596.17664,256.58643
4022,0.008542926,588.8038,588.8038,335.856
4023,0.008544532,572.4458,370.96002,572.4458
4024,0.008546131,600.65076,600.65076,589.97705
4025,0.008547719,623.0047,623.0047,690.21924
4026,0.008549313,564.3989,830.0444,564.3989
4027,0.008550891,380.30563,380.30563,358.75833
4028,0.008552456,139.17126,139.17126,196.63332
4029,0.008554057,-71.49168,50.996487,-71.49168
4030,0.008555654,-174.88924,-174.88924,-42.394016
4031,0.008557222,-208.49194,-208.49194,-15.198705
4032,0.008558698,-233.47214,-130.93896,-233.47214
4033,0.008560124,-287.99207,-287.99207,-304.0815
4034,0.00856155,-357.7786,-357.7786,-301.3159
4035,0.008563039,-417.6401,-333.8485,-417.6401
4036,0.008564585,-438.18774,-438.18774,-459.47214
4037,0.008566179,-405.40665,-405.40665,-214.68307
4038,0.008567752,-314.65182,116.355064,-314.65182
4039,0.008569303,-170.15099,-170.15099,-482.57764
4040,0.008570853,1.5163789,1.5163789,-57.827614
4041,0.008572374,163.97708,251.10692,163.97708
4042,0.008573881,285.06317,285.06317,486.84814
4043,0.00857538,322.60727,322.60727,204.60208
4044,0.008576875,232.14894,499.59592,232.14894
4045,0.008578403,-13.127134,-13.127134,475.60596
4046,0.008579978,-338.89435,-338.89435,-62.542454
4047,0.008581585,-623.8315,-558.0833,-623.8315
4048,0.008583175,-754.5961,-754.5961,-946.1831
4049,0.008584761,-714.39575,-714.39575,-1093.3939
4050,0.008586328,-507.37842,51.975426,-507.37842
4051,0.008587898,-151.25795,-151.25795,12.082545
4052,0.008589499,271.76215,271.76215,647.8951
4053,0.008591078,637.23486,442.4773,637.23486
4054,0.008592667,862.4866,862.4866,884.6255
4055,0.008594268,937.9968,937.9968,1011.0865
4056,0.00859589,874.15674,1288.6603,874.15674
4057,0.008597502,684.9397,684.9397,497.02783
4058,0.008599071,391.85675,391.85675,301.82864
4059,0.008600598,13.656763,215.33856,13.656763
4060,0.008602126,-434.3062,-434.3062,-221.10495
4061,0.008603678,-886.6276,-886.6276,-591.7924
4062,0.008605206,-1244.1127,-216.99365,-1244.1127
4063,0.008606745,-1447.0004,-1447.0004,-1643.0542
4064,0.008608284,-1489.3175,-1489.3175,-1663.8706
4065,0.008609863,-1380.1166,-840.8112,-1380.1166
4066,0.008611475,-1138.0367,-1138.0367,-1084.7534
4067,0.008613079,-849.3912,-849.3912,-1009.019
4068,0.008614697,-608.1674,-217.99147,-608.1674
4069,0.008616316,-488.49048,-488.49048,-206.80417
4070,0.008617925,-452.93777,-452.93777,-145.24167
4071,0.008619514,-436.84714,-697.4538,-436.84714
4072,0.008621085,-390.21112,-390.21112,-355.43698
4073,0.008622649,-309.83136,-309.83136,-383.644
4074,0.008624223,-202.48386,-224.12614,-202.48386
4075,0.008625777,-82.793594,-82.793594,58.035667
4076,0.008627373,21.478786,21.478786,213.34035
4077,0.008628986,68.3677,89.73463,68.3677
4078,0.008630486,28.89462,28.89462,-36.261208
4079,0.008631931,-93.53594,-93.53594,-209.59323
4080,0.008633399,-306.33542,-130.17018,-306.33542
4081,0.008634932,-610.6136,-610.6136,-720.8198
4082,0.00863653,-929.94244,-929.94244,-939.62836
4083,0.008638098,-1139.9564,-605.62164,-1139.9564
4084,0.008639673,-1172.9883,-1172.9883,-1081.812
4085,0.008641263,-1076.563,-1076.563,-1369.9135
4086,0.008642868,-931.75336,-653.6985,-931.75336
4087,0.008644496,-806.33484,-806.33484,-879.90186
4088,0.00864606,-706.93835,-706.93835,-780.4174
4089,0.008647592,-614.96826,-596.33575,-614.96826
4090,0.008649133,-524.05176,-524.05176,-449.1518
4091,0.008650691,-473.04047,-473.04047,-448.49948
4092,0.008652302,-517.2417,-185.57115,-517.2417
4093,0.008653938,-681.9393,-681.9393,-537.2534
4094,0.008655595,-836.892,-836.892,-434.8784
4095,0.008657241,-805.56195,-818.44025,-805.56195
4096,0.008658841,-509.94733,-509.94733,-393.12057
4097,0.008660422,-178.21298,-178.21298,-198.56198
4098,0.008662001,-96.50339,-39.658806,-96.50339
4099,0.008663526,-421.57437,-421.57437,-216.2026
4100,0.00866502,-882.15765,-882.15765,-720.83545
4101,0.008666506,-1145.4252,-798.35706,-1145.4252
4102,0.008668021,-984.1532,-984.1532,-1071.6752
4103,0.008669608,-587.2339,-587.2339,-557.32764
4104,0.008671212,-327.5073,-302.95895,-327.5073
4105,0.008672808,-484.69028,-484.69028,-538.99554
4106,0.008674419,-895.84033,-895.84033,-841.56586
4107,0.008676064,-1284.6597,-572.5508,-1284.6597
4108,0.008677733,-1410.8938,-1410.8938,-1143.4097
4109,0.008679442,-1302.4656,-1302.4656,-974.2768
4110,0.008681152,-1070.1323,-997.1253,-1070.1323
4111,0.008682831,-821.23047,-821.23047,-900.06195
4112,0.00868449,-595.26654,-595.26654,-645.38226
4113,0.008686136,-415.7573,-277.865,-415.7573
4114,0.008687763,-307.7033,-307.7033,-127.66746
4115,0.008689393,-299.53687,-299.53687,-110.151825
4116,0.008691002,-421.2026,-263.03537,-421.2026
4117,0.008692597,-677.08875,-677.08875,-962.44867
4118,0.008694215,-989.216,-989.216,-1026.6362
4119,0.008695845,-1246.2494,-310.50357,-1246.2494
4120,0.008697446,-1348.2949,-1348.2949,-1431.3511
4121,0.008699058,-1263.9458,-1263.9458,-1195.3822
4122,0.008700691,-964.8002,-511.2021,-964.8002
4123,0.008702325,-473.03394,-473.03394,-510.9135
4124,0.008703954,5.5761228,5.5761228,279.58646
4125,0.008705567,224.59425,569.77216,224.59425
4126,0.008707213,29.443218,29.443218,145.33253
4127,0.008708881,-383.04926,-383.04926,5.242701
4128,0.008710569,-699.2221,-411.42776,-699.2221
4129,0.008712225,-685.5223,-685.5223,-465.54636
4130,0.008713866,-492.0659,-492.0659,-240.3745
4131,0.008715492,-344.60886,-490.20605,-344.60886
4132,0.008717094,-395.34152,-395.34152,-724.9721
4133,0.008718659,-547.49866,-547.49866,-752.726
4134,0.008720212,-659.99554,-404.5033,-659.99554
4135,0.008721809,-633.0942,-633.0942,-458.53854
4136,0.008723417,-520.10284,-520.10284,-389.74167
4137,0.00872503,-422.49948,-43.130444,-422.49948
4138,0.008726652,-412.3912,-412.3912,-325.47995
4139,0.008728248,-436.17422,-436.17422,-425.92917
4140,0.008729792,-413.62448,66.40733,-413.62448
4141,0.008731361,-294.3576,-294.3576,-410.27292
4142,0.008732996,-127.29317,-127.29317,-291.49167
4143,0.008734648,-7.6947985,698.0937,-7.6947985
4144,0.008736298,-6.191925,-6.191925,31.031765
4145,0.008737965,-84.97623,-84.97623,101.16067
4146,0.008739615,-176.43307,187.37515,-176.43307
4147,0.008741231,-225.25491,-225.25491,-672.9682
4148,0.008742739,-221.49626,-221.49626,-568.67914
4149,0.008744206,-168.47214,215.33124,-168.47214
4150,0.008745681,-62.03029,-62.03029,-188.90182
4151,0.008747189,108.13047,108.13047,-175.72214
4152,0.00874876,358.80908,605.4614,358.80908
4153,0.008750348,672.42365,672.42365,273.69974
4154,0.008751918,933.4688,933.4688,604.48486
4155,0.008753455,1015.9888,975.9479,1015.9888
4156,0.008754949,852.22565,852.22565,846.7388
4157,0.008756437,521.8137,521.8137,585.72705
4158,0.008757968,122.184105,890.82794,122.184105
4159,0.008759562,-246.50766,-246.50766,-213.62839
4160,0.00876113,-504.47028,-504.47028,-463.3823
4161,0.008762655,-613.75726,77.809944,-613.75726
4162,0.00876418,-563.71954,-563.71954,-473.91748
4163,0.008765733,-416.43637,-416.43637,-364.09323
4164,0.008767337,-258.27292,-164.18697,-258.27292
4165,0.00876893,-172.83379,-172.83379,-109.4487
4166,0.008770543,-156.11076,-156.11076,-285.34323
4167,0.00877218,-186.30026,99.56053,-186.30026
4168,0.008773798,-239.56995,-239.56995,-309.2026
4169,0.008775354,-295.90985,-295.90985,-387.40964
4170,0.008776891,-341.72995,17.785267,-341.72995
4171,0.008778397,-359.23865,-359.23865,-93.8862
4172,0.008779902,-315.92987,-315.92987,-275.66354
4173,0.008781398,-175.45651,128.10974,-175.45651
4174,0.008782908,80.25967,80.25967,107.77395
4175,0.008784467,386.6517,386.6517,261.34424
4176,0.008786032,633.09424,355.33344,633.09424
4177,0.008787586,725.909,725.909,937.15283
4178,0.008789117,632.40674,632.40674,746.66064
4179,0.008790665,327.2427,649.4653,327.2427
4180,0.008792163,-148.03574,-148.03574,-434.61667
4181,0.008793672,-602.6176,-602.6176,-851.84717
4182,0.008795178,-783.9761,-515.2075,-783.9761
4183,0.008796713,-530.0141,-530.0141,-196.45653
4184,0.008798267,-56.822556,-56.822556,383.18802
4185,0.008799791,292.21536,47.238297,292.21536
4186,0.008801247,300.83487,300.83487,284.27002
4187,0.008802712,99.2024,99.2024,-40.4448
4188,0.008804245,-128.40182,-32.015976,-128.40182
4189,0.008805899,-203.23103,-203.23103,-199.91354
4190,0.008807563,-131.4716,-131.4716,151.02394
4191,0.008809199,-3.5854237,520.15845,-3.5854237
4192,0.008810792,99.291245,99.291245,457.45755
4193,0.00881236,127.542465,127.542465,422.21146
4194,0.008813917,38.551296,405.48743,38.551296
4195,0.008815485,-183.44022,-183.44022,-161.6401
4196,0.008817092,-434.45578,-434.45578,-508.77682
4197,0.008818748,-560.0425,-470.43488,-560.0425
4198,0.008820454,-446.16714,-446.16714,-588.75336
4199,0.008822133,-260.53738,-260.53738,-277.10886
4200,0.008823759,-230.48775,-611.826,-230.48775
4201,0.008825365,-461.18307,-461.18307,-482.55026
4202,0.008826914,-689.871,-689.871,-682.5034
4203,0.008828483,-603.6987,-327.2046,-603.6987
4204,0.008830072,2.039499,2.039499,79.7427
4205,0.008831652,769.22736,769.22736,507.38724
4206,0.008833234,1213.8872,831.0333,1213.8872
4207,0.008834857,981.0614,981.0614,942.2115
4208,0.008836505,308.0938,308.0938,474.98877
4209,0.00883819,-373.3237,327.76633,-373.3237
4210,0.00883985,-660.7866,-660.7866,-344.27292
4211,0.008841492,-526.25714,-526.25714,-54.823704
4212,0.008843115,-21.3823,-74.08408,-21.3823
4213,0.008844677,723.70154,723.70154,746.8404
4214,0.008846186,1392.832,1392.832,943.4184
4215,0.008847735,1677.9106,1231.8931,1677.9106
4216,0.00884934,1303.5793,1303.5793,1663.106
4217,0.00885095,536.43744,536.43744,1119.4692
4218,0.008852585,-201.81198,196.62659,-201.81198
4219,0.008854224,-547.3401,-547.3401,-1084.8353
4220,0.008855819,-534.012,-534.012,-1145.1519
4221,0.008857413,-296.0034,-232.62106,-296.0034
4222,0.008858968,33.94408,33.94408,596.53955
4223,0.008860541,325.4967,325.4967,1049.6138
4224,0.008862146,427.4966,355.04428,427.4966
4225,0.008863682,261.45065,261.45065,-19.007298
4226,0.008865199,23.54164,23.54164,-313.8901
4227,0.008866752,-45.233864,-174.54507,-45.233864
4228,0.008868312,218.50597,218.50597,542.813
4229,0.008869837,559.4039,559.4039,535.3677
4230,0.00887136,651.1138,751.38873,651.1138
4231,0.00887291,260.20908,260.20908,147.36378
4232,0.008874463,-417.0391,-417.0391,-613.9917
4233,0.008876039,-1074.2847,-51.566074,-1074.2847
4234,0.008877621,-1445.9497,-1445.9497,-1657.1089
4235,0.008879223,-1552.9233,-1552.9233,-1726.4058
4236,0.008880827,-1486.5619,-1158.5411,-1486.5619
4237,0.008882408,-1344.7673,-1344.7673,-928.1635
4238,0.00888398,-1209.7517,-1209.7517,-1204.1636
4239,0.00888554,-1158.3589,-987.9359,-1158.3589
4240,0.008887114,-1233.0189,-1233.0189,-907.17523
4241,0.008888729,-1343.7488,-1343.7488,-889.69086
4242,0.008890367,-1351.4604,-885.3569,-1351.4604
4243,0.008891997,-1158.8992,-1158.8992,-1147.0463
4244,0.008893633,-853.02795,-853.02795,-627.69867
4245,0.008895255,-571.1479,-827.9891,-571.1479
4246,0.008896857,-408.80295,-408.80295,-299.68698
4247,0.008898404,-322.44638,-322.44638,-365.27292
4248,0.008899932,-237.22215,-415.24457,-237.22215
4249,0.008901463,-98.289185,-98.289185,-116.36668
4250,0.008902984,94.3406,94.3406,-113.53074
4251,0.008904509,330.83255,393.3837,330.83255
4252,0.008906013,580.6698,580.6698,-56.269016
4253,0.008907473,758.0539,758.0539,135.64114
4254,0.008908942,778.00836,784.24554,778.00836
4255,0.008910463,564.34766,564.34766,807.10986
4256,0.008912047,153.9424,153.9424,714.05914
4257,0.008913655,-352.83932,-596.9121,-352.83932
4258,0.008915273,-842.74304,-842.74304,-1085.6206
4259,0.008916909,-1195.2665,-1195.2665,-1254.2456
4260,0.00891855,-1278.2845,-799.2551,-1278.2845
4261,0.008920207,-1019.9744,-1019.9744,-900.56976
4262,0.008921875,-595.24426,-595.24426,-638.89795
4263,0.008923565,-248.97212,-361.0238,-248.97212
4264,0.008925246,-200.4172,-200.4172,-378.35495
4265,0.008926858,-474.0197,-474.0197,-720.6088
4266,0.008928421,-1041.9995,-83.606125,-1041.9995
4267,0.008929967,-1826.4563,-1826.4563,-2764.9097
4268,0.008931516,-2467.3347,-2467.3347,-2881.5776
4269,0.008933032,-2529.5425,-1547.5973,-2529.5425
4270,0.008934524,-1796.8151,-1796.8151,-2018.9213
4271,0.008936014,-666.8212,-666.8212,-625.69086
4272,0.008937486,307.69974,-507.43405,307.69974
4273,0.00893894,734.35376,734.35376,774.3208
4274,0.008940407,708.06384,708.06384,494.6255
4275,0.008941952,410.2036,191.32558,410.2036
4276,0.008943527,40.04644,40.04644,261.53177
4277,0.008945071,-269.7333,-269.7333,-153.41747
4278,0.008946629,-434.85886,-206.66554,-434.85886
4279,0.008948196,-389.83875,-389.83875,-688.52686
4280,0.008949735,-208.82747,-208.82747,-180.87448
4281,0.008951254,4.78567,95.54341,4.78567
4282,0.008952749,160.25966,160.25966,208.82863
4283,0.008954233,194.32713,194.32713,376.66068
4284,0.008955716,47.87551,569.6657,47.87551
4285,0.008957217,-299.31372,-299.31372,-343.43698
4286,0.008958736,-679.60504,-679.60504,-645.4057
4287,0.008960268,-864.4174,-505.76486,-864.4174
4288,0.008961819,-689.0994,-689.0994,-750.69867
4289,0.008963391,-288.29025,-288.29025,-478.5698
4290,0.008964943,103.58254,96.49652,103.58254
4291,0.008966441,308.84195,308.84195,177.07863
4292,0.008967922,340.98956,340.98956,234.07474
4293,0.008969406,239.41849,217.2778,239.41849
4294,0.0089709,36.202248,36.202248,192.14113
4295,0.008972453,-256.5098,-256.5098,-136.28856
4296,0.00897401,-609.24164,-510.96982,-609.24164
4297,0.008975553,-981.0916,-981.0916,-980.9604
4298,0.008977107,-1291.9614,-1291.9614,-1174.5033
4299,0.008978693,-1440.7806,-426.33447,-1440.7806
4300,0.008980287,-1357.6122,-1357.6122,-1728.765
4301,0.008981841,-1160.997,-1160.997,-1370.476
4302,0.008983377,-999.9096,-856.63416,-999.9096
4303,0.0089849,-961.65576,-961.65576,-501.0151
4304,0.008986361,-928.40643,-928.40643,-558.42523
4305,0.008987801,-749.4409,-678.63806,-749.4409
4306,0.008989247,-350.79382,-350.79382,-831.09717
4307,0.008990717,49.529823,49.529823,-37.74558
4308,0.008992223,130.70364,218.11475,130.70364
4309,0.00899376,-337.44418,-337.44418,-496.47217
4310,0.008995339,-1049.1449,-1049.1449,-772.5268
4311,0.008996937,-1494.6166,-285.79675,-1494.6166
4312,0.00899849,-1308.4434,-1308.4434,-1321.3159
4313,0.009000038,-738.945,-738.945,-588.7964
4314,0.009001605,-146.51901,-146.09482,-146.51901
4315,0.009003202,168.43124,168.43124,119.21536
4316,0.009004776,222.28143,222.28143,10.605982
4317,0.00900631,134.48099,54.49396,134.48099
4318,0.009007824,1.0505693,1.0505693,-37.655735
4319,0.009009365,-136.62503,-136.62503,-136.78854
4320,0.009010985,-244.92136,68.91248,-244.92136
4321,0.009012612,-289.51343,-289.51343,-427.59714
4322,0.009014188,-298.43512,-298.43512,-519.4643
4323,0.009015745,-312.6284,-65.544785,-312.6284
4324,0.009017322,-361.73032,-361.73032,-499.18307
4325,0.009018887,-437.45163,-437.45163,-480.55023
4326,0.009020462,-524.05023,-32.9451,-524.05023
4327,0.009022065,-589.84534,-589.84534,-340.6323
4328,0.009023651,-538.686,-538.686,-192.62057
4329,0.009025157,-284.0659,-386.4018,-284.0659
4330,0.009026639,199.90614,199.90614,9.895044
4331,0.009028093,723.5644,723.5644,304.1685
4332,0.009029545,1070.0044,813.7736,1070.0044
4333,0.009031079,1081.5132,1081.5132,1008.6294
4334,0.009032628,886.07947,886.07947,750.9185
4335,0.009034172,730.09814,1003.2594,730.09814
4336,0.009035717,787.9595,787.9595,892.42236
4337,0.009037275,951.54297,951.54297,844.84814
4338,0.009038846,1035.856,797.052,1035.856
4339,0.009040423,901.8086,901.8086,596.7427
4340,0.009041972,629.80176,629.80176,534.1099
4341,0.009043497,345.77396,953.09247,345.77396
4342,0.009044995,138.41132,138.41132,70.496605
4343,0.009046461,-15.123554,-15.123554,-60.729958
4344,0.009047917,-163.08542,449.81586,-163.08542
4345,0.009049402,-331.35556,-331.35556,-284.5112
4346,0.009050908,-449.42102,-449.42102,-566.2768
4347,0.009052414,-419.66354,-38.146843,-419.66354
4348,0.009053974,-179.92223,-179.92223,-181.64792
4349,0.00905557,141.38695,141.38695,-8.671361
4350,0.00905716,341.66064,318.48618,341.66064
4351,0.009058789,285.2476,285.2476,217.3013
4352,0.009060414,96.56352,96.56352,-40.218235
4353,0.00906201,-25.45261,117.68531,-25.45261
4354,0.009063632,42.815018,42.815018,-62.831516
4355,0.009065214,165.95293,165.95293,72.98879
4356,0.009066788,155.7427,552.87494,155.7427
4357,0.009068368,-101.38981,-101.38981,159.40286
4358,0.009069945,-426.09637,-426.09637,-359.09323
4359,0.00907154,-567.1518,149.57326,-567.1518
4360,0.009073155,-344.84027,-344.84027,-654.90967
4361,0.009074798,62.706886,62.706886,-320.7573
4362,0.009076435,359.39502,213.99408,359.39502
4363,0.009078056,329.0573,329.0573,557.7076
4364,0.009079668,46.014988,46.014988,584.3755
4365,0.009081247,-344.11276,37.513573,-344.11276
4366,0.009082769,-706.63855,-706.63855,-1443.7377
4367,0.009084281,-946.1151,-946.1151,-1398.5658
4368,0.009085806,-960.0815,-560.42694,-960.0815
4369,0.009087349,-687.70105,-687.70105,-149.6948
4370,0.009088891,-290.48004,-290.48004,73.879425
4371,0.009090446,15.984889,274.73828,15.984889
4372,0.009092008,69.88614,69.88614,27.672388
4373,0.009093553,-29.011656,-29.011656,219.86769
4374,0.009095093,-118.546364,494.76764,-118.546364
4375,0.009096692,-70.519005,-70.519005,-53.456516
4376,0.009098311,106.80847,106.80847,-240.9995
4377,0.009099899,352.41068,318.22104,352.41068
4378,0.009101487,611.5468,611.5468,813.59424
4379,0.00910306,809.92584,809.92584,1022.5239
4380,0.009104622,875.4927,702.5638,875.4927
4381,0.009106085,760.8605,760.8605,982.66846
4382,0.009107513,463.6215,463.6215,469.19583
4383,0.009108991,-49.917454,161.31465,-49.917454
4384,0.009110543,-777.96643,-777.96643,-861.2963
4385,0.009112099,-1461.4022,-1461.4022,-1583.6635
4386,0.009113669,-1805.2417,-1048.3875,-1805.2417
4387,0.009115282,-1601.2906,-1601.2906,-1660.769
4388,0.009116873,-1117.7435,-1117.7435,-899.1635
4389,0.009118359,-751.70654,-692.176,-751.70654
4390,0.009119817,-697.06836,-697.06836,-709.05414
4391,0.009121294,-823.5476,-823.5476,-798.96045
4392,0.009122767,-918.80414,-379.51227,-918.80414
4393,0.009124261,-819.0903,-819.0903,-980.1518
4394,0.009125808,-561.3506,-561.3506,-739.37054
4395,0.009127336,-263.65573,-296.36237,-263.65573
4396,0.009128851,-23.418306,-23.418306,13.156764
4397,0.009130385,116.53721,116.53721,128.23097
4398,0.009131963,115.09036,118.84446,115.09036
4399,0.009133544,-53.595474,-53.595474,-258.42136
4400,0.009135095,-328.3946,-328.3946,-349.60495
4401,0.009136576,-627.062,-592.4897,-627.062
4402,0.009138035,-889.62134,-889.62134,-883.15967
4403,0.009139528,-1032.8649,-1032.8649,-820.05804
4404,0.009140993,-952.78076,-835.92554,-952.78076
4405,0.0091424,-632.38007,-632.38007,-602.42523
4406,0.009143797,-250.40149,-250.40149,-332.6362
4407,0.009145251,-24.604954,-9.179069,-24.604954
4408,0.009146789,-143.40555,-143.40555,-86.76511
4409,0.009148286,-383.74988,-383.74988,-463.8901
4410,0.009149706,-433.42917,-106.50704,-433.42917
4411,0.00915115,-115.6525,-115.6525,87.37552
4412,0.009152651,402.43692,402.43692,530.23883
4413,0.009154216,805.25836,739.6835,805.25836
4414,0.009155767,810.5385,810.5385,470.82474
4415,0.009157318,551.0999,551.0999,228.62941
4416,0.009158839,256.00443,381.44977,256.00443
4417,0.009160384,73.57729,73.57729,190.03175
4418,0.009161904,-69.53932,-69.53932,348.02786
4419,0.009163428,-313.08542,-41.98067,-313.08542
4420,0.009165002,-754.5832,-754.5832,-451.60104
4421,0.009166609,-1250.7601,-1250.7601,-1256.8784
4422,0.009168221,-1575.3314,-1222.7843,-1575.3314
4423,0.009169774,-1574.0162,-1574.0162,-1584.1948
4424,0.009171318,-1350.5833,-1350.5833,-1573.5345
4425,0.009172838,-1050.7183,-784.9688,-1050.7183
4426,0.009174332,-785.59436,-785.59436,-595.5854
4427,0.009175839,-558.6877,-558.6877,-583.36664
4428,0.009177383,-354.28073,-96.26644,-354.28073
4429,0.009178955,-174.73297,-174.73297,-381.65964
4430,0.009180528,-80.222786,-80.222786,-362.4487
4431,0.00918211,-142.55026,307.51486,-142.55026
4432,0.009183675,-400.5264,-400.5264,-430.15964
4433,0.009185236,-775.5496,-775.5496,-923.92914
4434,0.009186826,-1168.8003,-548.53217,-1168.8003
4435,0.00918846,-1469.6755,-1469.6755,-1540.1205
4436,0.009190081,-1555.111,-1555.111,-1742.2378
4437,0.009191609,-1344.2261,-829.647,-1344.2261
4438,0.00919312,-829.09155,-829.09155,-758.9799
4439,0.00919467,-216.87651,-216.87651,-247.56587
4440,0.009196233,178.11769,8.719017,178.11769
4441,0.009197827,125.52717,125.52717,-86.99168
4442,0.009199456,-232.1825,-232.1825,-263.35495
4443,0.009201079,-618.6987,-344.52347,-618.6987
4444,0.009202668,-809.4629,-809.4629,-530.6948
4445,0.009204236,-801.74426,-801.74426,-674.7846
4446,0.00920581,-633.74164,-331.7074,-633.74164
4447,0.009207361,-355.69687,-355.69687,-380.34714
4448,0.009208911,-50.531853,-50.531853,-390.65182
4449,0.009210473,189.27786,222.43214,189.27786
4450,0.009212011,283.71613,283.71613,202.12552
4451,0.009213532,236.54564,236.54564,391.1411
4452,0.00921509,59.570824,168.64479,59.570824
4453,0.009216679,-222.1305,-222.1305,-302.55807
4454,0.009218303,-515.3575,-515.3575,-674.0503
4455,0.009219989,-697.9721,-475.1328,-697.9721
4456,0.009221699,-665.63104,-665.63104,-547.1049
4457,0.009223397,-501.6672,-501.6672,-434.40573
4458,0.009225017,-340.73776,9.908046,-340.73776
4459,0.00922656,-274.79654,-274.79654,-392.42917
4460,0.009228099,-330.58432,-330.58432,-460.97604
4461,0.00922968,-538.726,0.7038248,-538.726
4462,0.009231275,-892.51263,-892.51263,-429.93698
4463,0.009232877,-1235.5991,-1235.5991,-1111.1517
4464,0.009234467,-1371.5151,-1030.3214,-1371.5151
4465,0.00923608,-1181.616,-1181.616,-1460.433
4466,0.009237671,-852.5809,-852.5809,-1279.0503
4467,0.009239219,-638.89795,-491.6832,-638.89795
4468,0.009240752,-690.8489,-690.8489,-370.1362
4469,0.009242278,-876.9416,-876.9416,-638.4135
4470,0.009243837,-1001.6245,-458.30045,-1001.6245
4471,0.00924538,-907.38153,-907.38153,-1030.4994
4472,0.009246945,-643.5329,-643.5329,-739.9136
4473,0.009248557,-307.0815,-93.289566,-307.0815
4474,0.009250124,-15.060189,-15.060189,271.80908
4475,0.009251654,190.50511,190.50511,494.02393
4476,0.009253177,284.19583,636.1734,284.19583
4477,0.009254722,250.1114,250.1114,-47.019016
4478,0.009256275,138.01399,138.01399,63.879417
4479,0.0092578,20.609888,541.63074,20.609888
4480,0.009259373,-44.097008,-44.097008,-23.394016
4481,0.009260912,-18.408827,-18.408827,116.62942
4482,0.009262387,113.14895,532.21497,113.14895
4483,0.009263862,350.16434,350.16434,269.72708
4484,0.009265365,607.2698,607.2698,572.69196
4485,0.00926689,763.15674,680.82355,763.15674
4486,0.009268396,723.9656,723.9656,789.7739
4487,0.009269941,522.4084,522.4084,443.83255
4488,0.009271528,221.188,229.29187,221.188
4489,0.009273109,-89.27719,-89.27719,-447.12057
4490,0.009274663,-296.07404,-296.07404,-688.65186
4491,0.009276235,-290.33542,-100.664795,-290.33542
4492,0.00927784,-7.829616,-7.829616,-25.43308
4493,0.009279442,342.31635,342.31635,692.8364
4494,0.009281052,483.43408,595.93463,483.43408
4495,0.009282704,221.79755,221.79755,-93.19871
4496,0.00928436,-218.77171,-218.77171,-558.9135
4497,0.00928599,-494.5776,114.0285,-494.5776
4498,0.009287593,-390.95697,-390.95697,-319.3276
4499,0.009289182,-87.49891,-87.49891,67.52395
4500,0.009290787,157.10208,181.7305,157.10208
4501,0.009292354,154.64731,154.64731,56.320827
4502,0.009293885,34.78861,34.78861,-166.0112
4503,0.009295474,-18.179174,145.2353,-18.179174
4504,0.009297078,133.82867,133.82867,312.70364
4505,0.00929871,349.21912,349.21912,521.5239
4506,0.009300348,399.01614,700.06903,399.01614
4507,0.009301947,142.50671,142.50671,-67.327614
4508,0.009303545,-251.53914,-251.53914,-372.8276
4509,0.009305164,-545.4839,-240.38754,-545.4839
4510,0.009306812,-546.40454,-546.40454,-542.7339
4511,0.009308478,-316.46353,-316.46353,-256.15573
4512,0.009310146,2.4653575,-0.5838262,2.4653575
4513,0.009311778,278.25995,278.25995,-0.78073627
4514,0.009313399,464.51572,464.51572,528.5083
4515,0.00931505,528.53564,174.37315,528.53564
4516,0.009316681,457.61212,457.61212,377.13333
4517,0.009318294,348.59308,348.59308,588.5943
4518,0.009319927,318.14896,541.34625,318.14896
4519,0.00932159,460.35315,460.35315,506.05127
4520,0.009323286,742.42883,742.42883,1051.4146
4521,0.009325013,1090.8169,349.51447,1090.8169
4522,0.009326683,1391.4724,1391.4724,1212.7935
4523,0.009328322,1495.8197,1495.8197,1287.2583
4524,0.009329916,1255.5669,1387.6545,1255.5669
4525,0.009331513,599.0423,599.0423,804.3794
4526,0.009333068,-214.96773,-214.96773,-57.36277
4527,0.009334611,-903.3315,-235.97887,-903.3315
4528,0.009336166,-1248.588,-1248.588,-1018.1088
4529,0.009337732,-1258.6566,-1258.6566,-1028.7767
4530,0.009339331,-1000.1323,-851.9278,-1000.1323
4531,0.009340965,-555.0721,-555.0721,-685.86664
4532,0.009342645,-72.810646,-72.810646,-42.15574
4533,0.009344361,252.66849,625.5696,252.66849
4534,0.009346019,281.1287,281.1287,318.51224
4535,0.009347651,152.28178,152.28178,195.91847
4536,0.009349277,43.414577,203.26578,43.414577
4537,0.009350897,80.72441,80.72441,349.41068
4538,0.009352536,209.80954,209.80954,368.606
4539,0.009354222,328.9966,334.8792,328.9966
4540,0.009355903,350.38303,350.38303,114.57473
4541,0.009357573,303.0761,303.0761,1.12942
4542,0.009359215,243.69974,451.7506,243.69974
4543,0.009360812,213.56929,213.56929,677.90674
4544,0.009362416,207.27911,207.27911,387.1841
4545,0.009364044,210.77396,518.703,210.77396
4546,0.009365719,219.72829,219.72829,223.96925
4547,0.009367418,272.41687,272.41687,230.5005
4548,0.009369092,415.4849,363.17984,415.4849
4549,0.00937074,646.5687,646.5687,881.0044
4550,0.009372372,789.0817,789.0817,1091.9614
4551,0.009373926,646.75836,840.7732,646.75836
4552,0.009375443,148.02928,148.02928,123.45754
4553,0.009376999,-478.13605,-478.13605,-653.96045
4554,0.009378603,-876.1753,-217.66748,-876.1753
4555,0.009380174,-743.7061,-743.7061,-491.7104
4556,0.009381698,-194.6939,-194.6939,59.168484
4557,0.00938323,617.6216,225.3163,617.6216
4558,0.009384772,1511.8461,1511.8461,1878.3402
4559,0.009386222,2150.9846,2150.9846,2205.0825
4560,0.00938765,2313.3599,2236.8179,2313.3599
4561,0.009389097,1847.195,1847.195,1914.9653
4562,0.009390619,1004.80237,1004.80237,810.5747
4563,0.009392171,268.16068,1112.2427,268.16068
4564,0.00939373,39.2029,39.2029,-258.93307
4565,0.009395275,199.7846,199.7846,-265.8862
4566,0.009396856,511.12943,391.11026,511.12943
4567,0.009398449,762.7531,762.7531,1350.313
4568,0.009400059,927.0668,927.0668,1192.9653
4569,0.009401676,1022.481,1047.0938,1022.481
4570,0.009403298,1056.8367,1056.8367,1029.4263
4571,0.009404908,987.6646,987.6646,918.09814
4572,0.009406464,771.35205,662.1371,771.35205
4573,0.009408014,398.95718,398.95718,415.87943
4574,0.009409602,7.522318,7.522318,113.62551
4575,0.009411142,-195.64401,13.084928,-195.64401
4576,0.009412622,-106.70794,-106.70794,-56.116673
4577,0.00941409,172.14445,172.14445,93.00833
4578,0.009415569,509.52393,597.4416,509.52393
4579,0.009417122,791.22125,791.22125,953.21924
4580,0.009418651,919.0133,919.0133,845.52
4581,0.009420159,838.0747,1005.42126,838.0747
4582,0.00942169,527.2755,527.2755,601.8794
4583,0.009423199,147.86794,147.86794,-26.58933
4584,0.009424708,-111.06198,103.42758,-111.06198
4585,0.009426254,-117.24093,-117.24093,50.90676
4586,0.009427821,12.892812,12.892812,267.356
4587,0.009429396,79.53567,189.83801,79.53567
4588,0.009430991,-54.900524,-54.900524,-186.67136
4589,0.009432623,-244.23181,-244.23181,-391.7573
4590,0.009434273,-246.1948,-466.64185,-246.1948
4591,0.009435939,98.70522,98.70522,-17.53855
4592,0.009437643,568.0801,568.0801,652.5161
4593,0.009439318,804.1919,423.85104,804.1919
4594,0.00944095,600.3175,600.3175,799.6411
4595,0.009442503,192.9136,192.9136,393.8638
4596,0.009443997,-143.91745,420.99713,-143.91745
4597,0.009445495,-244.17303,-244.17303,-281.92917
4598,0.009447046,-149.77039,-149.77039,-236.34714
4599,0.009448616,32.66067,283.3564,32.66067
4600,0.009450221,197.43668,197.43668,489.86768
4601,0.009451792,280.65704,280.65704,567.55524
4602,0.009453335,245.41458,69.31624,245.41458
4603,0.009454872,85.95009,85.95009,-288.79636
4604,0.009456427,-81.75693,-81.75693,-434.49948
4605,0.009458029,-99.14793,100.51332,-99.14793
4606,0.009459604,143.3737,143.3737,401.2466
4607,0.009461147,516.9111,516.9111,811.6568
4608,0.009462677,857.35596,794.5325,857.35596
4609,0.009464214,1033.4965,1033.4965,1270.2544
4610,0.009465746,1011.9408,1011.9408,1229.4028
4611,0.009467288,785.50055,758.04956,785.50055
4612,0.009468862,364.58563,364.58563,164.3716
4613,0.009470486,-127.31005,-127.31005,40.977074
4614,0.009472156,-506.894,-481.6254,-506.894
4615,0.009473866,-615.4469,-615.4469,-582.6049
4616,0.009475562,-507.08524,-507.08524,-150.6323
4617,0.009477249,-301.0112,-43.541496,-301.0112
4618,0.009478823,-107.71536,-107.71536,-8.710423
4619,0.00948041,60.455845,60.455845,446.3599
4620,0.009482087,195.22316,309.5135,195.22316
4621,0.009483796,269.0191,269.0191,349.45755
4622,0.009485513,246.99074,246.99074,172.32082
4623,0.009487221,94.746605,445.92084,94.746605
4624,0.0094889,-187.1439,-187.1439,-529.851
4625,0.009490584,-493.7268,-493.7268,-775.5932
4626,0.009492273,-688.2338,-204.76038,-688.2338
4627,0.00949394,-677.98126,-677.98126,-322.29636
4628,0.009495607,-548.8543,-548.8543,-149.55807
4629,0.009497301,-424.85886,-495.53314,-424.85886
4630,0.009498968,-403.09958,-403.09958,-426.84323
4631,0.009500575,-436.1524,-436.1524,-685.82764
4632,0.009502171,-452.05026,-401.05527,-452.05026
4633,0.009503813,-399.77203,-399.77203,-548.2299
4634,0.009505521,-304.468,-304.468,-355.53073
4635,0.009507215,-224.28854,-308.41153,-224.28854
4636,0.009508879,-202.35132,-202.35132,-236.6948
4637,0.009510566,-234.56677,-234.56677,-256.24557
4638,0.009512287,-308.52682,257.5633,-308.52682
4639,0.009514024,-401.52237,-401.52237,71.590355
4640,0.009515768,-458.14127,-458.14127,-457.1284
4641,0.009517494,-415.73386,-512.02515,-415.73386
4642,0.009519204,-246.65887,-246.65887,-91.38229
4643,0.009520911,-42.571667,-42.571667,86.04348
4644,0.009522629,76.19973,-97.24085,76.19973
4645,0.009524344,28.04808,28.04808,12.348169
4646,0.009525976,-91.27056,-91.27056,-148.23386
4647,0.009527606,-166.5776,-388.39978,-166.5776
4648,0.009529255,-122.34735,-122.34735,-61.573708
4649,0.00953089,-40.403893,-40.403893,214.8013
4650,0.00953253,-40.686985,-7.8766866,-40.686985
4651,0.009534203,-203.86035,-203.86035,-517.4136
4652,0.009535843,-419.06494,-419.06494,-566.21045
4653,0.009537397,-539.75336,-273.38422,-539.75336
4654,0.009538918,-499.2171,-499.2171,-374.21432
4655,0.009540454,-392.65656,-392.65656,-337.5073
4656,0.009542038,-359.34714,-33.59899,-359.34714
4657,0.009543671,-503.66345,-503.66345,-666.3706
4658,0.009545333,-690.4102,-690.4102,-929.7924
4659,0.00954698,-706.9838,-79.454285,-706.9838
4660,0.009548606,-426.0626,-426.0626,-432.24167
4661,0.009550245,2.2177029,2.2177029,-85.128395
4662,0.009551884,349.38724,597.65875,349.38724
4663,0.009553563,439.2864,439.2864,470.21146
4664,0.009555208,301.98523,301.98523,262.5591
4665,0.009556828,33.457542,8.39288,33.457542
4666,0.009558453,-272.44095,-272.44095,-489.14792
4667,0.009560047,-465.74542,-465.74542,-661.40576
4668,0.00956162,-404.0815,64.924255,-404.0815
4669,0.009563196,-29.591211,-29.591211,381.52786
4670,0.009564763,375.29156,375.29156,826.0161
4671,0.009566369,446.44974,412.3786,446.44974
4672,0.009567956,-55.947647,-55.947647,-127.753395
4673,0.009569492,-754.0329,-754.0329,-776.1596
4674,0.00957104,-1205.1361,-654.8968,-1205.1361
4675,0.009572642,-1070.7428,-1070.7428,-1200.2026
4676,0.009574269,-591.9235,-591.9235,-938.06976
4677,0.009575924,-211.8823,-281.7868,-211.8823
4678,0.00957757,-280.7877,-280.7877,-485.36276
4679,0.00957923,-637.0406,-637.0406,-715.5151
4680,0.009580846,-980.3628,-31.032864,-980.3628
4681,0.009582388,-1103.7932,-1103.7932,-1109.773
4682,0.009583899,-1047.55,-1047.55,-1402.605
4683,0.009585395,-885.15186,-986.1259,-885.15186
4684,0.009586896,-690.5074,-690.5074,-810.8549
4685,0.009588451,-576.17224,-576.17224,-677.97217
4686,0.009590084,-699.36273,-301.86685,-699.36273
4687,0.009591725,-1140.0162,-1140.0162,-1220.0815
4688,0.009593301,-1589.2661,-1589.2661,-1413.8392
4689,0.00959484,-1720.5933,-1617.5563,-1720.5933
4690,0.009596376,-1345.6636,-1345.6636,-1547.3667
4691,0.009597898,-737.6427,-737.6427,-868.55023
4692,0.009599385,-275.11276,-391.9294,-275.11276
4693,0.009600913,-210.2967,-210.2967,-138.05417
4694,0.009602472,-475.48596,-475.48596,-339.59323
4695,0.009604068,-889.80414,-699.08105,-889.80414
4696,0.009605649,-1245.8453,-1245.8453,-1095.9448
4697,0.0096072,-1386.2493,-1386.2493,-1177.6206
4698,0.009608751,-1174.9174,-759.68854,-1174.9174
4699,0.009610315,-551.791,-551.791,-173.45651
4700,0.009611906,180.0501,180.0501,463.19193
4701,0.00961352,586.8677,461.6606,586.8677
4702,0.009615155,351.65726,351.65726,275.1763
4703,0.009616822,-248.67595,-248.67595,-90.81979
4704,0.009618496,-740.61664,-197.31274,-740.61664
4705,0.009620134,-764.4691,-764.4691,-685.3276
4706,0.009621741,-455.60736,-455.60736,-570.9721
4707,0.00962336,-30.741673,-125.423386,-30.741673
4708,0.009624974,314.79248,314.79248,173.04347
4709,0.009626578,495.1574,495.1574,360.31693
4710,0.009628173,454.5513,362.97946,454.5513
4711,0.009629763,180.86168,180.86168,577.7349
4712,0.00963138,-172.95941,-172.95941,137.07082
4713,0.009633013,-393.17136,96.98199,-393.17136
4714,0.009634642,-327.7835,-327.7835,-491.08154
4715,0.009636247,-107.53483,-107.53483,-148.21823
4716,0.009637889,82.38723,115.09302,82.38723
4717,0.009639565,93.06322,93.06322,-302.43307
4718,0.009641191,7.7267833,7.7267833,-282.0776
4719,0.009642707,-38.823708,156.40575,-38.823708
4720,0.009644223,22.217125,22.217125,62.555202
4721,0.009645769,128.75429,128.75429,96.777855
4722,0.009647324,176.4341,-38.35404,176.4341
4723,0.009648876,97.24183,97.24183,33.688015
4724,0.009650442,-24.392496,-24.392496,-73.54246
4725,0.009652044,-60.56199,60.8777,-60.56199
4726,0.009653647,75.66672,75.66672,205.52785
4727,0.009655277,264.63574,264.63574,254.79347
4728,0.009656858,324.55127,682.86444,324.55127
4729,0.009658409,158.89221,158.89221,325.82083
4730,0.009659963,-105.57689,-105.57689,-157.67526
4731,0.009661539,-287.9526,79.91573,-287.9526
4732,0.009663123,-256.12555,-256.12555,-124.909645
4733,0.009664695,-129.90495,-129.90495,-19.823704
4734,0.009666306,-90.151825,308.25696,-90.151825
4735,0.009667953,-276.24118,-276.24118,-14.733861
4736,0.009669553,-559.5886,-559.5886,-353.1948
4737,0.009671122,-766.8784,-355.41013,-766.8784
4738,0.009672633,-781.65576,-781.65576,-674.4721
4739,0.009674136,-642.40576,-642.40576,-430.3315
4740,0.009675663,-406.8159,-376.40643,-406.8159
4741,0.009677201,-147.01997,-147.01997,34.78567
4742,0.00967869,23.52818,23.52818,127.61379
4743,0.009680119,12.102076,-320.80267,12.102076
4744,0.009681558,-233.33273,-233.33273,-432.24557
4745,0.009683037,-640.0625,-640.0625,-886.44086
4746,0.009684457,-1056.4292,-781.8145,-1056.4292
4747,0.009685851,-1390.358,-1390.358,-1549.5306
4748,0.009687275,-1618.0323,-1618.0323,-1511.019
4749,0.009688786,-1710.6791,-1266.976,-1710.6791
4750,0.00969038,-1624.7711,-1624.7711,-1347.3666
4751,0.009691951,-1375.8959,-1375.8959,-1213.6674
4752,0.009693482,-1004.7143,-1109.6614,-1004.7143
4753,0.009694999,-561.3311,-561.3311,-826.1557
4754,0.009696529,-180.11726,-180.11726,-236.18307
4755,0.009698117,-32.425266,19.763046,-32.425266
4756,0.009699763,-269.6676,-269.6676,-159.62057
4757,0.009701431,-753.2143,-753.2143,-498.61664
4758,0.009703116,-1247.7378,-658.4015,-1247.7378
4759,0.009704717,-1521.6898,-1521.6898,-1628.8901
4760,0.009706224,-1511.8816,-1511.8816,-1507.6948
4761,0.009707728,-1176.8823,-660.3391,-1176.8823
4762,0.009709224,-526.6192,-526.6192,-577.95264
4763,0.009710705,149.97801,149.97801,-259.7612
4764,0.009712187,515.17633,467.52972,515.17633
4765,0.009713717,318.61768,318.61768,233.19972
4766,0.009715312,-273.5864,-273.5864,-156.33151
4767,0.00971694,-902.4643,-486.32916,-902.4643
4768,0.009718539,-1231.2517,-1231.2517,-1293.9058
4769,0.009720111,-1244.776,-1244.776,-1393.1987
4770,0.009721647,-997.9799,-913.30975,-997.9799
4771,0.009723159,-561.2972,-561.2972,-624.00336
4772,0.009724689,-74.151764,-74.151764,-230.1479
4773,0.009726272,291.7349,164.84305,291.7349
4774,0.009727934,371.27045,371.27045,362.34036
4775,0.00972962,196.34409,196.34409,47.500515
4776,0.009731274,-109.13229,396.84134,-109.13229
4777,0.009732896,-435.7077,-435.7077,-218.1362
4778,0.009734528,-728.2575,-728.2575,-393.23776
4779,0.009736136,-929.18695,-147.01242,-929.18695
4780,0.009737719,-1003.8341,-1003.8341,-514.5386
4781,0.009739255,-967.2993,-967.2993,-593.68695
4782,0.009740769,-844.27686,-602.9941,-844.27686
4783,0.009742302,-647.5474,-647.5474,-981.26117
4784,0.00974386,-380.68127,-380.68127,-919.52686
4785,0.009745454,-43.429173,-89.46187,-43.429173
4786,0.009747033,328.61722,328.61722,481.82864
4787,0.009748549,621.4828,621.4828,453.22708
4788,0.00975005,736.41455,505.98755,736.41455
4789,0.009751584,604.0737,604.0737,174.313
4790,0.009753174,316.8359,316.8359,-323.74557
4791,0.009754777,43.801292,291.40887,43.801292
4792,0.009756349,-81.46183,-81.46183,479.31302
4793,0.009757909,-109.56994,-109.56994,257.45364
4794,0.009759428,-125.67918,23.390652,-125.67918
4795,0.009760929,-189.79086,-189.79086,-222.16745
4796,0.00976246,-289.28452,-289.28452,-55.632298
4797,0.009764049,-391.91745,-244.844,-391.91745
4798,0.009765704,-462.85403,-462.85403,-328.1362
4799,0.009767332,-484.56235,-484.56235,-317.23776
4800,0.009768933,-453.0151,-224.70457,-453.0151
4801,0.009770481,-374.2619,-374.2619,-531.562
4802,0.00977201,-281.22662,-281.22662,-139.30807
4803,0.009773538,-211.3198,-203.9138,-211.3198
4804,0.009775062,-197.71988,-197.71988,58.094265
4805,0.009776546,-251.9899,-251.9899,2.8559825
4806,0.009778034,-382.24948,-254.52666,-382.24948
4807,0.009779585,-581.5155,-581.5155,-1028.23
4808,0.00978117,-722.5993,-722.5993,-969.51904
4809,0.009782735,-642.9096,171.16766,-642.9096
4810,0.009784297,-256.9978,-256.9978,280.64896
4811,0.009785907,272.73892,272.73892,548.76227
4812,0.009787562,678.5864,593.9541,678.5864
4813,0.0097892,723.81396,723.81396,274.60596
4814,0.009790798,462.9676,462.9676,229.41847
4815,0.009792327,21.121607,627.85095,21.121607
4816,0.009793848,-494.45392,-494.45392,-492.16742
4817,0.009795391,-877.86035,-877.86035,-1054.8119
4818,0.009796982,-865.6713,-636.6833,-865.6713
4819,0.009798619,-267.7513,-267.7513,-17.769016
4820,0.009800257,572.6084,572.6084,527.4341
4821,0.009801902,1175.6606,371.73993,1175.6606
4822,0.009803564,1192.9552,1192.9552,2069.899
4823,0.009805244,854.0329,854.0329,1326.9028
4824,0.009806876,563.1802,320.74127,563.1802
4825,0.009808461,572.31525,572.31525,819.15674
4826,0.009810056,715.9381,715.9381,895.2583
4827,0.009811682,733.0669,755.19977,733.0669
4828,0.009813355,442.29095,442.29095,139.3638
4829,0.009815008,120.86186,120.86186,247.37941
4830,0.009816599,135.33253,6.7635937,135.33253
4831,0.009818151,653.88385,653.88385,1061.9341
4832,0.009819697,1335.273,1335.273,1755.2075
4833,0.009821287,1724.4146,1092.0488,1724.4146
4834,0.009822948,1425.095,1425.095,738.12946
4835,0.009824605,678.3931,678.3931,-115.42918
4836,0.009826262,-84.058075,872.6073,-84.058075
4837,0.009827912,-516.60846,-516.60846,-652.9487
4838,0.009829552,-625.8759,-625.8759,-1192.7963
4839,0.009831174,-505.12057,-686.99255,-505.12057
4840,0.009832775,-266.99835,-266.99835,-137.70651
4841,0.009834377,-100.10734,-100.10734,173.61378
4842,0.009836029,-225.90182,-210.45525,-225.90182
4843,0.009837695,-780.0793,-780.0793,-782.5151
4844,0.009839336,-1434.168,-1434.168,-1471.9683
4845,0.009840901,-1777.4995,-627.66766,-1777.4995
4846,0.009842393,-1606.9329,-1606.9329,-1496.683
4847,0.009843845,-1106.7924,-1106.7924,-1472.0386
4848,0.009845333,-479.56198,-556.31323,-479.56198
4849,0.009846894,70.46508,70.46508,510.41455
4850,0.009848495,339.7001,339.7001,784.67236
4851,0.009850133,130.53566,472.17377,130.53566
4852,0.009851759,-621.2268,-621.2268,-1443.8667
4853,0.00985337,-1492.5646,-1492.5646,-1804.5112
4854,0.009854996,-1969.6439,-1193.5663,-1969.6439
4855,0.009856625,-1677.1708,-1677.1708,-1267.4526
4856,0.009858272,-913.696,-913.696,-1063.3431
4857,0.00985993,-168.68307,-866.88055,-168.68307
4858,0.009861585,161.02477,161.02477,-39.101048
4859,0.009863247,130.55133,130.55133,77.715355
4860,0.009864866,-88.05418,114.7254,-88.05418
4861,0.009866486,-353.47498,-353.47498,-318.144
4862,0.009868121,-594.7775,-594.7775,-423.48386
4863,0.009869786,-753.4292,-188.57915,-753.4292
4864,0.009871461,-782.0765,-782.0765,-1134.0269
4865,0.009873135,-712.8498,-712.8498,-1114.3003
4866,0.009874824,-597.0971,-236.70552,-597.0971
4867,0.009876448,-496.65222,-496.65222,-172.53075
4868,0.009878042,-476.6344,-476.6344,-464.19086
4869,0.009879652,-607.44086,-571.71625,-607.44086
4870,0.009881238,-913.8313,-913.8313,-946.6167
4871,0.009882806,-1256.8185,-1256.8185,-1336.5972
4872,0.009884401,-1469.2104,-855.0748,-1469.2104
4873,0.00988605,-1414.6202,-1414.6202,-1388.2144
4874,0.009887708,-1187.5801,-1187.5801,-1049.0308
4875,0.009889357,-958.9838,-1354.9376,-958.9838
4876,0.009890986,-850.5889,-850.5889,-1054.187
4877,0.009892561,-802.23785,-802.23785,-1179.5658
4878,0.009894097,-718.61273,-844.7089,-718.61273
4879,0.009895665,-540.863,-540.863,-712.58154
4880,0.009897287,-348.9498,-348.9498,-206.05026
4881,0.009898901,-279.21042,170.55516,-279.21042
4882,0.00990048,-414.87747,-414.87747,-543.4721
4883,0.009902038,-679.11896,-679.11896,-1173.2026
4884,0.009903606,-970.4956,-221.43431,-970.4956
4885,0.009905183,-1203.8708,-1203.8708,-1276.1361
4886,0.009906777,-1377.197,-1377.197,-1299.7886
4887,0.009908384,-1508.2886,-1094.662,-1508.2886
4888,0.009909989,-1596.0482,-1596.0482,-1329.101
4889,0.009911607,-1561.7925,-1561.7925,-1357.9683
4890,0.009913223,-1305.2417,-1123.705,-1305.2417
4891,0.009914857,-765.39136,-765.39136,-941.3159
4892,0.009916467,-86.37066,-86.37066,-290.17136
4893,0.00991805,556.4107,290.42032,556.4107
4894,0.009919649,1039.2064,1039.2064,947.188
4895,0.009921223,1312.5162,1312.5162,1460.8169
4896,0.009922789,1372.0161,1359.2463,1372.0161
4897,0.009924357,1219.542,1219.542,1216.3169
4898,0.009925894,917.2654,917.2654,1096.0435
4899,0.009927455,522.6529,580.8811,522.6529
4900,0.009929007,108.18249,108.18249,-31.425266
4901,0.009930516,-259.67047,-259.67047,-368.66745
4902,0.009932016,-538.15576,-606.01025,-538.15576
4903,0.009933552,-695.2451,-695.2451,-444.47995
4904,0.00993513,-749.5533,-749.5533,-264.41745
4905,0.009936715,-740.94867,-1046.346,-740.94867
4906,0.00993827,-710.72864,-710.72864,-539.5581
4907,0.009939823,-676.64575,-676.64575,-598.30023
4908,0.009941388,-650.57764,-285.9838,-650.57764
4909,0.009942977,-638.2298,-638.2298,-518.37054
4910,0.009944608,-616.9551,-616.9551,-263.394
4911,0.009946218,-556.7807,-477.3909,-556.7807
4912,0.009947813,-453.3842,-453.3842,-508.33542
4913,0.009949406,-400.02002,-400.02002,-486.2104
4914,0.009950981,-511.70648,-328.3119,-511.70648
4915,0.009952554,-846.6127,-846.6127,-508.16748
4916,0.00995413,-1249.5867,-1249.5867,-1123.5502
4917,0.009955757,-1512.89,-683.543,-1512.89
4918,0.009957399,-1451.7375,-1451.7375,-1491.2378
4919,0.009959006,-1152.0364,-1152.0364,-1444.855
4920,0.009960622,-749.92914,-664.3571,-749.92914
4921,0.009962228,-367.5214,-367.5214,-257.144
4922,0.00996382,-44.245083,-44.245083,-168.52292
4923,0.009965344,195.24269,200.28302,195.24269
4924,0.009966828,340.99893,340.99893,77.88332
4925,0.009968317,358.16348,358.16348,69.64895
4926,0.009969867,187.47318,250.3065,187.47318
4927,0.009971424,-184.63298,-184.63298,-378.48386
4928,0.009972921,-567.1424,-567.1424,-873.49554
4929,0.009974414,-771.8471,-528.4531,-771.8471
4930,0.009975948,-658.83856,-658.83856,-394.34714
4931,0.009977514,-340.02402,-340.02402,-198.9487
4932,0.009979118,-17.53855,3.7814152,-17.53855
4933,0.00998072,128.40573,128.40573,120.734886
4934,0.009982354,125.73092,125.73092,408.15674
4935,0.009984008,52.28567,-83.13309,52.28567
4936,0.009985643,-25.30218,-25.30218,-56.23386
4937,0.009987261,-121.331116,-121.331116,2.4067638
4938,0.009988829,-264.52682,16.104628,-264.52682
4939,0.009990384,-473.49136,-473.49136,-452.6987
4940,0.009991954,-720.19196,-720.19196,-637.9604
4941,0.009993553,-962.07764,-131.01546,-962.07764
4942,0.009995127,-1159.6785,-1159.6785,-1053.2455
4943,0.009996669,-1340.4288,-1340.4288,-1358.4604
4944,0.0099982,-1546.4526,-508.91733,-1546.4526
4945,0.009999706,-1775.3027,-1775.3027,-1539.0814
4946,0.01000119,-1881.3583,-1881.3583,-1679.9683
4947,0.010002673,-1690.2572,-940.3501,-1690.2572
4948,0.01000418,-1113.1663,-1113.1663,-1076.5424
4949,0.010005703,-480.05817,-480.05817,-526.5386
4950,0.010007248,-250.65572,-453.92444,-250.65572
4951,0.010008782,-728.7142,-728.7142,-362.99167
4952,0.010010319,-1521.9401,-1521.9401,-1150.9564
4953,0.010011892,-2071.1167,-1172.3386,-2071.1167
4954,0.010013503,-1918.1758,-1918.1758,-2283.4055
4955,0.010015149,-1315.8464,-1315.8464,-1591.6167
4956,0.010016812,-759.69476,-671.3814,-759.69476
4957,0.010018456,-648.0772,-648.0772,-596.98
4958,0.010020119,-873.94867,-873.94867,-362.62448
4959,0.010021781,-1209.2222,-724.09973,-1209.2222
4960,0.010023429,-1440.1521,-1440.1521,-1467.8081
4961,0.010025079,-1435.6486,-1435.6486,-1526.7963
4962,0.010026708,-1086.9878,-675.1345,-1086.9878
4963,0.010028312,-387.87128,-387.87128,-824.15967
4964,0.010029918,336.3727,336.3727,149.85599
4965,0.010031546,667.8833,103.47419,667.8833
4966,0.010033129,329.79636,329.79636,349.8599
4967,0.010034715,-366.21594,-366.21594,9.063013
4968,0.010036312,-984.976,-280.16202,-984.976
4969,0.010037937,-1184.9658,-1184.9658,-1126.6675
4970,0.010039537,-1063.7334,-1063.7334,-1115.0424
4971,0.010041125,-842.18304,-426.18567,-842.18304
4972,0.010042703,-680.5656,-680.5656,-777.3471
4973,0.010044249,-546.38617,-546.38617,-704.73
4974,0.010045812,-355.8784,-633.111,-355.8784
4975,0.010047395,-73.311134,-73.311134,-21.093235
4976,0.010048978,143.0798,143.0798,173.21927
4977,0.010050569,87.85598,205.87946,87.85598
4978,0.010052146,-358.2046,-358.2046,-538.8042
4979,0.010053705,-978.5726,-978.5726,-1186.1909
4980,0.010055228,-1486.9056,-1175.1414,-1486.9056
4981,0.010056753,-1692.9469,-1692.9469,-1414.683
4982,0.010058308,-1620.3772,-1620.3772,-1289.8159
4983,0.010059855,-1354.847,-873.04114,-1354.847
4984,0.010061429,-978.3311,-978.3311,-1193.1088
4985,0.010063035,-573.9238,-573.9238,-774.2573
4986,0.010064659,-236.99165,-132.54564,-236.99165
4987,0.010066289,-49.386456,-49.386456,293.87552
4988,0.010067923,-22.551424,-22.551424,102.86379
4989,0.010069561,-150.312,-150.253,-150.312
4990,0.010071199,-401.0081,-401.0081,-613.36664
4991,0.01007285,-646.07495,-646.07495,-908.976
4992,0.010074527,-724.68695,-427.21106,-724.68695
4993,0.010076167,-545.5374,-545.5374,-525.4292
4994,0.010077678,-315.56055,-315.56055,-255.71434
4995,0.010079173,-228.18307,118.597176,-228.18307
4996,0.010080724,-414.302,-414.302,23.453638
4997,0.010082281,-706.6568,-706.6568,-100.3198
4998,0.01008386,-848.0386,-169.39423,-848.0386
4999,0.010085443,-655.65106,-655.65106,-903.75726
5000,0.010087007,-315.01782,-315.01782,-759.03467
5001,0.010088584,-88.065895,-134.32095,-88.065895
5002,0.010090195,-147.0404,-147.0404,163.96927
5003,0.010091784,-238.91528,-238.91528,-26.011204
5004,0.010093377,-6.4018297,19.023296,-6.4018297
5005,0.010094973,755.1362,755.1362,741.5279
5006,0.010096521,1603.4763,1603.4763,1751.2817
5007,0.010098004,2026.5006,1646.6393,2026.5006
5008,0.010099453,1751.0206,1751.0206,1337.3599
5009,0.010100916,997.8428,997.8428,849.3794
5010,0.01010244,84.26223,356.6141,84.26223
5011,0.010104008,-646.39026,-646.39026,-354.08542
5012,0.010105597,-1074.3523,-1074.3523,-1035.9644
5013,0.010107143,-1159.6205,-915.56323,-1159.6205
5014,0.010108671,-938.5166,-938.5166,-1114.644
5015,0.010110188,-606.6848,-606.6848,-570.4761
5016,0.010111674,-394.2026,-510.3277,-394.2026
5017,0.010113175,-441.95374,-441.95374,-178.0698
5018,0.010114728,-623.1442,-623.1442,-413.90182
5019,0.010116319,-710.45264,-620.1089,-710.45264
5020,0.010117902,-530.18176,-530.18176,-83.74168
5021,0.0101195,-208.02515,-208.02515,-128.26901
5022,0.010121105,48.461452,-40.3724,48.461452
5023,0.010122692,91.10545,91.10545,200.91457
5024,0.010124273,25.740824,25.740824,154.32474
5025,0.010125894,15.957544,137.40831,15.957544
5026,0.0101275,171.97478,171.97478,107.234886
5027,0.010129096,357.05707,357.05707,197.50832
5028,0.010130622,384.27786,436.501,384.27786
5029,0.010132093,163.63225,163.63225,225.85207
5030,0.010133545,-188.8623,-188.8623,91.973175
5031,0.010134986,-520.40186,45.931023,-520.40186
5032,0.010136433,-710.288,-710.288,-563.14404
5033,0.0101379,-732.7996,-732.7996,-590.6753
5034,0.010139411,-579.2964,-175.47371,-579.2964
5035,0.010140997,-253.0559,-253.0559,-606.2456
5036,0.010142585,114.58882,114.58882,-91.65183
5037,0.010144183,369.64114,544.0817,369.64114
5038,0.010145695,408.5153,408.5153,31.449734
5039,0.010147206,344.9448,344.9448,65.66849
5040,0.01014877,321.7544,616.5221,321.7544
5041,0.010150335,445.33044,445.33044,181.84816
5042,0.010151859,611.0182,611.0182,579.5122
5043,0.010153364,679.67236,1056.4448,679.67236
5044,0.010154844,556.43256,556.43256,234.22316
5045,0.01015632,282.38843,282.38843,148.18411
5046,0.010157848,-84.870575,-183.72461,-84.870575
5047,0.010159452,-490.98273,-490.98273,-551.67914
5048,0.010161058,-898.94714,-898.94714,-693.05804
5049,0.010162618,-1289.9994,-576.4743,-1289.9994
5050,0.01016419,-1642.3026,-1642.3026,-1544.5581
5051,0.010165744,-1795.9677,-1795.9677,-1499.5228
5052,0.010167237,-1592.765,-1150.1549,-1592.765
5053,0.010168702,-982.847,-982.847,-1062.687
5054,0.010170143,-229.5194,-229.5194,-203.84323
5055,0.010171609,365.1333,196.66129,365.1333
5056,0.010173127,546.1556,546.1556,579.15283
5057,0.010174696,413.89694,413.89694,676.27
5058,0.010176276,211.39505,958.0915,211.39505
5059,0.010177856,141.66913,141.66913,293.39893
5060,0.010179419,164.22606,164.22606,70.00051
5061,0.010180948,180.23488,537.84424,180.23488
5062,0.010182453,131.50717,131.50717,64.590355
5063,0.010183943,85.70686,85.70686,62.75442
5064,0.010185454,139.47707,738.7713,139.47707
5065,0.010187005,354.94366,354.94366,486.9536
5066,0.010188573,601.2602,601.2602,667.2271
5067,0.010190139,689.4536,731.76135,689.4536
5068,0.010191686,504.29047,504.29047,260.75052
5069,0.010193241,193.07294,193.07294,61.652855
5070,0.010194817,-30.253393,879.9794,-30.253393
5071,0.010196391,-0.6567025,-0.6567025,-175.1987
5072,0.010197997,197.6604,197.6604,22.496607
5073,0.010199603,406.77786,397.39032,406.77786
5074,0.010201225,498.88583,498.88583,1010.8208
5075,0.01020285,471.43195,471.43195,742.6294
5076,0.01020444,360.28568,585.6666,360.28568
5077,0.010205996,203.68518,203.68518,322.52396
5078,0.010207577,41.28098,41.28098,-21.085423
5079,0.010209169,-76.421364,368.76047,-76.421364
5080,0.010210727,-112.88403,-112.88403,-152.5151
5081,0.010212274,-92.83923,-92.83923,-55.08933
5082,0.010213829,-50.780735,-297.7779,-50.780735
5083,0.01021542,-10.002729,-10.002729,123.203636
5084,0.01021702,47.621567,47.621567,232.81693
5085,0.010218569,147.69191,-385.09244,147.69191
5086,0.010220102,297.652,297.652,-167.10495
5087,0.010221649,429.91714,429.91714,-127.71043
5088,0.010223224,451.35986,595.97925,451.35986
5089,0.010224843,301.96896,301.96896,963.1997
5090,0.010226533,107.84965,107.84965,789.9341
5091,0.010228174,76.371605,-199.70659,76.371605
5092,0.010229758,303.02847,303.02847,209.188
5093,0.010231339,603.6769,603.6769,405.44193
5094,0.010232898,731.60986,292.79926,731.60986
5095,0.010234436,531.38684,531.38684,521.7388
5096,0.010235962,132.464,132.464,186.60988
5097,0.010237501,-280.16745,174.36963,-280.16745
5098,0.010239106,-553.29803,-553.29803,-639.9018
5099,0.010240742,-648.5581,-648.5581,-690.9292
5100,0.010242384,-579.5503,-103.51706,-579.5503
5101,0.010244028,-373.07538,-373.07538,-655.44086
5102,0.01024569,-78.74098,-78.74098,-245.72214
5103,0.010247301,230.9966,235.5611,230.9966
5104,0.010248845,497.62466,497.62466,621.4068
5105,0.01025037,680.37036,680.37036,795.27
5106,0.010251938,731.1958,583.53265,731.1958
5107,0.010253564,613.9978,613.9978,435.43802
5108,0.010255144,443.08798,443.08798,324.69193
5109,0.01025671,354.96924,180.67366,354.96924
5110,0.010258247,431.17114,431.17114,194.48097
5111,0.010259753,563.7981,563.7981,774.8208
5112,0.010261276,612.52,778.8898,612.52
5113,0.01026285,473.94586,473.94586,656.90674
5114,0.010264452,253.1482,253.1482,278.27396
5115,0.010266066,126.78175,534.4187,126.78175
5116,0.010267654,201.98473,201.98473,27.090359
5117,0.010269229,302.0215,302.0215,358.9185
5118,0.010270777,195.53957,413.23743,195.53957
5119,0.010272333,-251.80963,-251.80963,-363.3276
5120,0.010273935,-822.6375,-822.6375,-1003.80023
5121,0.010275461,-1149.597,-626.0931,-1149.597
5122,0.010276879,-1063.8875,-1063.8875,-1199.7222
5123,0.010278275,-722.2067,-722.2067,-685.81976
5124,0.010279728,-290.34323,-311.13782,-290.34323
5125,0.010281237,63.41823,63.41823,683.7544
5126,0.01028278,288.0953,288.0953,941.9965
5127,0.010284347,374.19193,350.90564,374.19193
5128,0.010285936,329.26547,329.26547,52.43801
5129,0.010287534,221.3205,221.3205,-72.56979
5130,0.01028908,138.29349,229.9556,138.29349
5131,0.010290598,136.35501,136.35501,700.5239
5132,0.010292143,201.61223,201.61223,525.0396
5133,0.010293672,301.0552,370.23523,301.0552
5134,0.010295221,410.92136,410.92136,321.33646
5135,0.010296785,530.0375,530.0375,402.40283
5136,0.010298357,663.3521,582.0979,663.3521
5137,0.010299857,789.38885,789.38885,418.83252
5138,0.010301298,826.33984,826.33984,674.7427
5139,0.010302754,681.0161,651.9301,681.0161
5140,0.010304262,293.27063,293.27063,124.96536
5141,0.010305826,-152.21278,-152.21278,-431.09714
5142,0.010307406,-356.92526,364.05658,-356.92526
5143,0.010308989,-133.4146,-133.4146,-57.960426
5144,0.010310546,233.52965,233.52965,-28.835424
5145,0.010312115,366.47318,-118.783615,366.47318
5146,0.010313686,11.221655,11.221655,286.27396
5147,0.010315225,-532.05,-532.05,-514.65186
5148,0.010316795,-867.49164,-433.11606,-867.49164
5149,0.01031837,-678.5309,-678.5309,-827.31195
5150,0.010319938,-142.34808,-142.34808,-330.52292
5151,0.010321485,440.57864,525.23376,440.57864
5152,0.01032302,847.49097,847.49097,1193.6489
5153,0.010324541,1078.3422,1078.3422,1298.7153
5154,0.010326027,1185.9927,1638.8453,1185.9927
5155,0.010327507,1214.8921,1214.8921,1020.4029
5156,0.010328998,1166.3728,1166.3728,1060.2388
5157,0.010330512,1029.4692,1331.6536,1029.4692
5158,0.01033208,811.8714,811.8714,838.21533
5159,0.010333695,633.939,633.939,541.3755
5160,0.010335291,658.78174,649.62463,658.78174
5161,0.010336847,954.0384,954.0384,775.3872
5162,0.010338418,1319.7142,1319.7142,1481.8481
5163,0.010340017,1476.4224,1430.1082,1476.4224
5164,0.010341636,1228.4584,1228.4584,1718.602
5165,0.010343259,827.4065,827.4065,1170.6255
5166,0.010344897,644.9068,1307.6174,644.9068
5167,0.010346534,928.8697,928.8697,689.8443
5168,0.010348157,1373.7334,1373.7334,800.85596
5169,0.010349807,1550.8442,1595.1863,1550.8442
5170,0.010351439,1157.0157,1157.0157,1247.3286
5171,0.010353068,471.6092,471.6092,608.73486
5172,0.01035471,-95.222145,701.7328,-95.222145
5173,0.010356327,-229.01274,-229.01274,-353.6323
5174,0.01035792,-78.01491,-78.01491,-159.81198
5175,0.01035946,116.059105,467.44702,116.059105
5176,0.010361011,187.99962,187.99962,409.32864
5177,0.010362617,134.25017,134.25017,371.45755
5178,0.01036424,-2.9369862,288.0364,-2.9369862
5179,0.010365837,-167.93843,-167.93843,-180.67917
5180,0.010367366,-299.19562,-299.19562,-321.42136
5181,0.010368914,-349.93307,-335.56458,-349.93307
5182,0.010370495,-290.1247,-290.1247,-426.0815
5183,0.010372075,-214.29266,-214.29266,-337.52682
5184,0.010373618,-246.94868,-371.29724,-246.94868
5185,0.010375135,-453.32645,-453.32645,-745.7963
5186,0.01037665,-722.1122,-722.1122,-740.476
5187,0.010378179,-899.83545,-880.02454,-899.83545
5188,0.010379685,-865.11255,-865.11255,-602.90967
5189,0.010381249,-638.8456,-638.8456,-446.49167
5190,0.010382855,-279.31198,-486.77917,-279.31198
5191,0.010384482,131.51788,131.51788,-249.49559
5192,0.010386078,474.11096,474.11096,62.96145
5193,0.010387668,646.41846,688.2199,646.41846
5194,0.010389246,589.1537,589.1537,1624.395
5195,0.010390865,421.68515,421.68515,883.3716
5196,0.01039247,322.90674,655.2952,322.90674
5197,0.01039408,415.01004,415.01004,404.00443
5198,0.010395696,610.3738,610.3738,676.2662
5199,0.0103973,764.68414,420.94135,764.68414
5200,0.010398912,753.1274,753.1274,515.6841
5201,0.010400481,518.42053,518.42053,442.65283
5202,0.010401998,37.24661,109.50466,37.24661
5203,0.010403525,-674.17255,-674.17255,-650.355
5204,0.010405018,-1301.6913,-1301.6913,-1144.9526
5205,0.0104065,-1514.2769,-857.27997,-1514.2769
5206,0.010408022,-1092.811,-1092.811,-1039.7142
5207,0.010409522,-377.29907,-377.29907,-271.30417
5208,0.010411026,171.07474,-102.8391,171.07474
5209,0.010412595,202.02824,202.02824,362.3052
5210,0.010414187,-131.13359,-131.13359,-172.61667
5211,0.010415793,-486.36276,-118.76307,-486.36276
5212,0.010417414,-586.0468,-586.0468,-901.31195
5213,0.010419006,-485.97046,-485.97046,-996.8823
5214,0.010420567,-327.72214,83.77611,-327.72214
5215,0.010422083,-214.89679,-214.89679,121.53176
5216,0.010423598,-144.14539,-144.14539,170.97316
5217,0.010425148,-92.2612,10.419737,-92.2612
5218,0.010426698,-48.387356,-48.387356,-316.03854
5219,0.010428227,-41.908962,-41.908962,-286.59323
5220,0.010429691,-105.9448,82.15707,-105.9448
5221,0.010431119,-249.68085,-249.68085,-30.151829
5222,0.010432593,-420.51266,-420.51266,-363.29636
5223,0.010434148,-534.15186,-148.39244,-534.15186
5224,0.010435719,-506.60983,-506.60983,-342.74557
5225,0.010437307,-359.66074,-359.66074,-286.22995
5226,0.010438903,-144.09714,454.02527,-144.09714
5227,0.010440463,82.02984,82.02984,-29.726048
5228,0.01044203,277.43732,277.43732,24.332544
5229,0.010443611,395.40677,492.48538,395.40677
5230,0.010445162,399.3245,399.3245,589.5786
5231,0.010446692,305.3848,305.3848,353.99658
5232,0.010448226,135.39894,126.52288,135.39894
5233,0.010449788,-71.68612,-71.68612,-325.35495
5234,0.010451401,-182.79434,-182.79434,-441.17917
5235,0.010453045,-16.573704,181.30557,-16.573704
5236,0.010454648,507.79135,507.79135,270.37943
5237,0.010456232,1157.5278,1157.5278,974.5395
5238,0.010457851,1650.8325,663.869,1650.8325
5239,0.010459455,1735.7697,1735.7697,2503.192
5240,0.010461017,1482.2263,1482.2263,2025.5825
5241,0.010462552,1022.9067,1479.6989,1022.9067
5242,0.010464056,486.65027,486.65027,235.82083
5243,0.01046556,16.323187,16.323187,-485.2143
5244,0.010467059,-227.92136,358.94702,-227.92136
5245,0.010468569,-156.67537,-156.67537,-146.7026
5246,0.010470063,42.999756,42.999756,168.98099
5247,0.010471566,120.07473,-53.202682,120.07473
5248,0.010473101,-101.2092,-101.2092,-91.409645
5249,0.010474663,-440.74777,-440.74777,-496.81586
5250,0.010476228,-600.98,-80.771965,-600.98
5251,0.010477823,-374.19443,-374.19443,-293.11276
5252,0.010479409,40.220093,40.220093,-23.913548
5253,0.010480964,338.18408,178.87247,338.18408
5254,0.010482511,318.26215,318.26215,393.22705
5255,0.010484084,64.33286,64.33286,-222.52292
5256,0.010485657,-257.54245,-12.861691,-257.54245
5257,0.010487201,-500.663,-500.663,-475.80026
5258,0.010488736,-631.31683,-631.31683,-414.9526
5259,0.01049025,-637.24554,26.950176,-637.24554
5260,0.010491773,-536.0876,-536.0876,-762.9526
5261,0.010493329,-465.50555,-465.50555,-947.50336
5262,0.010494908,-611.0503,-157.27753,-611.0503
5263,0.010496462,-1064.1686,-1064.1686,-1122.269
5264,0.010498021,-1579.3102,-1579.3102,-1495.8392
5265,0.010499568,-1820.0345,-582.0605,-1820.0345
5266,0.010501115,-1575.2178,-1575.2178,-1601.2065
5267,0.010502651,-1083.212,-1083.212,-922.6596
5268,0.010504226,-677.94476,-461.4833,-677.94476
5269,0.010505847,-624.3018,-624.3018,-619.64795
5270,0.010507479,-713.66284,-713.66284,-626.24164
5271,0.010509051,-604.1674,-576.23804,-604.1674
5272,0.01051055,-129.13593,-129.13593,-162.35104
5273,0.01051201,453.63104,453.63104,492.606
5274,0.010513492,835.43024,576.77124,835.43024
5275,0.010514979,774.88916,774.88916,579.4732
5276,0.010516468,447.34863,447.34863,480.0591
5277,0.010517944,136.21536,167.0509,136.21536
5278,0.010519442,47.62225,47.62225,23.53567
5279,0.010520983,130.0908,130.0908,-67.14011
5280,0.010522577,251.64114,4.594702,251.64114
5281,0.010524199,286.67593,286.67593,1248.3638
5282,0.010525785,236.10558,236.10558,817.73096
5283,0.010527359,135.04738,-19.394884,135.04738
5284,0.010528928,12.631636,12.631636,-231.7573
5285,0.010530446,-109.52393,-109.52393,-70.05418
5286,0.010531984,-222.76122,-546.70135,-222.76122
5287,0.010533556,-324.13654,-324.13654,-279.8159
5288,0.010535082,-448.1645,-448.1645,-288.15573
5289,0.010536582,-642.37054,-193.37532,-642.37054
5290,0.010538108,-923.64197,-923.64197,-1188.9136
5291,0.010539725,-1156.4742,-1156.4742,-1391.601
5292,0.010541388,-1106.3978,-946.76935,-1106.3978
5293,0.010543034,-647.0009,-647.0009,-543.73
5294,0.010544631,-90.22951,-90.22951,-76.46042
5295,0.010546203,206.32083,-518.91187,206.32083
5296,0.010547806,28.052439,28.052439,151.82472
5297,0.01054942,-310.0513,-310.0513,-555.81976
5298,0.010551076,-325.48776,-74.448975,-325.48776
5299,0.010552692,289.16446,289.16446,566.1841
5300,0.010554275,1087.6812,1087.6812,1425.5513
5301,0.010555864,1507.4263,801.4427,1507.4263
5302,0.010557449,1149.7363,1149.7363,853.0552
5303,0.010559048,322.91794,322.91794,120.02395
5304,0.010560662,-474.38617,152.86172,-474.38617
5305,0.010562295,-831.0766,-831.0766,-815.82764
5306,0.010563927,-782.8416,-782.8416,-975.17914
5307,0.010565526,-499.8901,-304.2393,-499.8901
5308,0.010567133,-131.5402,-131.5402,-28.542456
5309,0.010568767,192.06738,192.06738,246.82472
5310,0.010570439,329.33252,195.72554,329.33252
5311,0.010572101,182.90804,182.90804,310.2544
5312,0.010573735,-112.51988,-112.51988,-112.25339
5313,0.0105753,-375.5737,-318.42307,-375.5737
5314,0.010576843,-515.6672,-515.6672,-639.97217
5315,0.010578359,-638.338,-638.338,-542.44476
5316,0.010579869,-891.8706,-556.26495,-891.8706
5317,0.010581383,-1355.2545,-1355.2545,-1215.7378
5318,0.010582923,-1841.1606,-1841.1606,-1628.9056
5319,0.010584493,-2067.9878,-1862.8275,-2067.9878
5320,0.010586102,-1811.8472,-1811.8472,-1252.4683
5321,0.01058769,-1236.9951,-1236.9951,-881.31586
5322,0.010589247,-606.67914,-722.9326,-606.67914
5323,0.010590798,-110.88603,-110.88603,-604.13617
5324,0.010592376,219.83023,219.83023,45.340355
5325,0.010593955,377.75833,502.48022,377.75833
5326,0.010595551,364.67715,364.67715,295.75833
5327,0.0105972,175.1688,175.1688,288.65286
5328,0.010598879,-193.97604,-102.25163,-193.97604
5329,0.010600492,-684.24603,-684.24603,-426.5151
5330,0.010602077,-1169.3962,-1169.3962,-1233.9409
5331,0.010603676,-1512.5775,-838.6169,-1512.5775
5332,0.010605241,-1613.7684,-1613.7684,-1897.312
5333,0.010606782,-1599.8965,-1599.8965,-1282.4175
5334,0.010608317,-1635.1127,-1109.4602,-1635.1127
5335,0.01060981,-1820.051,-1820.051,-2339.839
5336,0.010611318,-2063.0679,-2063.0679,-2565.0972
5337,0.010612872,-2219.0386,-1698.7167,-2219.0386
5338,0.01061443,-2148.6016,-2148.6016,-2122.7883
5339,0.010616027,-1820.1166,-1820.1166,-1805.6478
5340,0.01061759,-1255.769,-1191.607,-1255.769
5341,0.010619163,-502.26505,-502.26505,-301.67136
5342,0.010620777,200.41118,200.41118,319.981
5343,0.010622395,510.26614,75.204,510.26614
5344,0.010624001,235.03665,235.03665,58.410667
5345,0.010625636,-300.44962,-300.44962,-408.8237
5346,0.010627308,-612.2339,-519.0718,-612.2339
5347,0.010628937,-362.18314,-362.18314,-469.26508
5348,0.010630549,81.06944,81.06944,178.41847
5349,0.010632164,215.28566,155.10667,215.28566
5350,0.010633709,-255.31607,-255.31607,-60.95261
5351,0.010635236,-966.91046,-966.91046,-675.4761
5352,0.010636819,-1449.1947,-559.00745,-1449.1947
5353,0.010638467,-1277.7659,-1277.7659,-2129.23
5354,0.010640086,-688.40326,-688.40326,-974.4175
5355,0.010641655,-100.90964,-661.7136,-100.90964
5356,0.010643232,208.32092,208.32092,923.8911
5357,0.010644852,240.65756,240.65756,954.16455
5358,0.010646463,73.691925,231.16458,73.691925
5359,0.010648022,-181.38309,-181.38309,180.01614
5360,0.010649567,-383.2646,-383.2646,-407.92917
5361,0.010651137,-380.05807,57.842327,-380.05807
5362,0.010652714,-74.70458,-74.70458,-68.10104
5363,0.010654234,336.44742,336.44742,375.17627
5364,0.010655702,628.84424,559.58496,628.84424
5365,0.010657166,663.7227,663.7227,401.606
5366,0.010658677,481.00558,481.00558,220.72316
5367,0.010660204,177.6099,656.97144,177.6099
5368,0.010661755,-154.21033,-154.21033,-413.6284
5369,0.010663334,-469.21033,-469.21033,-632.2065
5370,0.010664904,-725.687,-118.10823,-725.687
5371,0.010666481,-904.47095,-904.47095,-716.62445
5372,0.010668079,-1033.1306,-1033.1306,-840.70654
5373,0.010669655,-1148.3237,-980.2674,-1148.3237
5374,0.010671202,-1275.0682,-1275.0682,-1439.4995
5375,0.010672698,-1382.5443,-1382.5443,-1385.9019
5376,0.01067415,-1435.0034,-1250.6936,-1435.0034
5377,0.010675612,-1415.6737,-1415.6737,-1531.1284
5378,0.010677077,-1368.389,-1368.389,-1560.9369
5379,0.010678563,-1354.5698,-1070.4314,-1354.5698
5380,0.010680126,-1421.0597,-1421.0597,-1744.9565
5381,0.010681717,-1516.8867,-1516.8867,-1689.3901
5382,0.010683306,-1556.8433,-1294.7802,-1556.8433
5383,0.010684882,-1484.9008,-1484.9008,-1263.8197
5384,0.010686435,-1354.805,-1354.805,-1320.9447
5385,0.010687965,-1241.9525,-948.86646,-1241.9525
5386,0.010689443,-1191.9536,-1191.9536,-1479.3314
5387,0.010690936,-1150.9877,-1150.9877,-1778.644
5388,0.010692474,-1041.4526,-543.8784,-1041.4526
5389,0.010694109,-807.68665,-807.68665,-910.6088
5390,0.010695792,-586.24316,-586.24316,-391.40964
5391,0.010697424,-577.69086,-159.60258,-577.69086
5392,0.010699008,-863.05853,-863.05853,-611.6792
5393,0.010700572,-1224.9178,-1224.9178,-1366.5111
5394,0.010702175,-1390.4213,-1121.2711,-1390.4213
5395,0.010703771,-1159.222,-1159.222,-1003.0424
5396,0.010705359,-748.01764,-748.01764,-747.17523
5397,0.010706989,-463.2768,-690.41254,-463.2768
5398,0.010708564,-533.9289,-533.9289,154.96146
5399,0.010710123,-755.88074,-755.88074,-112.41354
5400,0.010711708,-849.3315,66.5256,-849.3315
5401,0.010713281,-602.3724,-602.3724,-772.43695
5402,0.010714854,-122.84672,-122.84672,-275.15573
5403,0.01071641,399.3638,426.81165,399.3638
5404,0.010717954,800.72955,800.72955,583.3716
5405,0.010719518,975.672,975.672,971.78174
5406,0.010721089,815.40674,794.2886,815.40674
5407,0.010722668,275.73615,275.73615,-29.097141
5408,0.010724288,-446.24057,-446.24057,-852.6635
5409,0.010725919,-1042.812,-652.7857,-1042.812
5410,0.01072751,-1260.6705,-1260.6705,-927.4057
5411,0.010729103,-1106.7897,-1106.7897,-495.90186
5412,0.010730704,-622.6557,-355.92932,-622.6557
5413,0.010732318,116.505165,116.505165,30.438015
5414,0.010733956,887.3149,887.3149,641.23486
5415,0.01073553,1388.77,1323.7628,1388.77
5416,0.010737078,1466.219,1466.219,1465.6919
5417,0.010738648,1173.36,1173.36,1312.5239
5418,0.010740262,598.21533,409.785,598.21533
5419,0.010741922,-134.3925,-134.3925,-369.85104
5420,0.010743484,-734.4555,-734.4555,-1256.4019
5421,0.010744936,-1012.562,-1005.0057,-1012.562
5422,0.010746382,-899.4629,-899.4629,-1421.4839
5423,0.010747869,-517.3998,-517.3998,-424.80026
5424,0.010749438,-54.237766,500.8686,-54.237766
5425,0.010750997,274.99524,274.99524,190.21536
5426,0.01075251,474.04013,474.04013,518.0239
5427,0.010753989,603.04346,807.81946,603.04346
5428,0.01075545,716.35895,716.35895,669.8872
5429,0.010756916,876.5148,876.5148,546.2037
5430,0.010758401,1151.1138,1088.2683,1151.1138
5431,0.010759893,1551.8662,1551.8662,1519.27
5432,0.010761406,1870.7814,1870.7814,1661.9106
5433,0.010762947,1820.6528,2246.1782,1820.6528
5434,0.010764499,1211.7982,1211.7982,1371.3911
5435,0.010766064,327.33838,327.33838,587.6333
5436,0.010767645,-415.0815,-58.12326,-415.0815
5437,0.010769282,-676.7276,-676.7276,-991.3276
5438,0.010770887,-517.4833,-517.4833,-615.0854
5439,0.010772451,-146.08151,-252.04915,-146.08151
5440,0.01077405,272.24567,272.24567,466.28958
5441,0.010775629,544.0301,544.0301,523.31696
